20                       0.411600238072966
20.02                    0.4114756562717064
20.04                    0.41135104982950477
20.06                    0.4112264195959433
20.080000000000002       0.4111017663240694
20.1                     0.41097709066705673
20.119999999999997       0.41085239317486427
20.14                    0.41072767429110335
20.16                    0.41060293434983125
20.18                    0.4104781735722972
20.2                     0.41035339206387894
20.22                    0.4102285898110653
20.240000000000002       0.4101037666784087
20.259999999999998       0.40997892240562356
20.279999999999998       0.40985405660478885
20.3                     0.4097291687575069
20.32                    0.40960425821216967
20.34                    0.4094793241812274
20.36                    0.409354365738434
20.38                    0.40922938181607393
20.4                     0.4091043712022699
20.419999999999998       0.4089793325380917
20.44                    0.4088542643149381
20.46                    0.4087291648717998
20.479999999999997       0.4086040323928509
20.5                     0.4084788649049855
20.52                    0.4083536602757643
20.540000000000003       0.40822841621158046
20.56                    0.4081031302557993
20.58                    0.40797779978748006
20.6                     0.4078524220200118
20.619999999999997       0.40772699399994417
20.64                    0.40760151260623256
20.66                    0.40747597454926554
20.68                    0.40735037637025034
20.7                     0.407224714440801
20.72                    0.4070989849634048
20.740000000000002       0.4069731839777275
20.76                    0.4068473074232874
20.779999999999998       0.40672134792302517
20.8                     0.40659530879382355
20.82                    0.40646917841190533
20.84                    0.406342953942622
20.86                    0.40621663070490127
20.88                    0.40609020272401936
20.900000000000002       0.4059636653471023
20.919999999999998       0.40583701327121335
20.939999999999998       0.4057102408022654
20.96                    0.4055833421621213
20.98                    0.4054563114488236
21                       0.4053291426776499
21.02                    0.4052018299374593
21.04                    0.4050743680898656
21.06                    0.40494675278105885
21.08                    0.4048189503127073
21.1                     0.40469099146321963
21.12                    0.4045628563538166
21.139999999999997       0.40443453609896896
21.16                    0.40430602350706585
21.18                    0.4041773113257183
21.2                     0.40404839217684785
21.22                    0.40391925856672173
21.24                    0.40378990289690275
21.26                    0.403660317473069
21.28                    0.4035304945124844
21.299999999999997       0.4034004261514974
21.32                    0.4032701044545288
21.34                    0.4031395214229293
21.36                    0.4030086690020376
21.38                    0.4028775390872623
21.4                     0.40274612353133127
21.42                    0.40261441415234756
21.439999999999998       0.4024824027422641
21.46                    0.4023500810753312
21.48                    0.4022174409165798
21.5                     0.4020844740304125
21.52                    0.4019511721892314
21.54                    0.4018175271823004
21.560000000000002       0.4016835308246164
21.58                    0.4015491749658357
21.599999999999998       0.40141445149926935
21.62                    0.4012793523709556
21.64                    0.4011438695884028
21.66                    0.40100799522972774
21.68                    0.40087172145253513
21.7                     0.4007350405032887
21.720000000000002       0.40059794472656296
21.74                    0.400460426574177
21.759999999999998       0.40032247861419484
21.78                    0.4001840935397737
21.799999999999997       0.40004526417768826
21.82                    0.3999059834967988
21.84                    0.3997662446162994
21.86                    0.39962604081388625
21.88                    0.3994853655335413
21.9                     0.39934421239322593
21.92                    0.39920257519222885
21.94                    0.39906044791821704
21.959999999999997       0.3989178247539444
21.98                    0.39877470008379057
22                       0.3986310684995703
22.02                    0.3984869248063803
22.04                    0.39834226402769907
22.06                    0.3981970814102512
22.080000000000002       0.39805137242825506
22.099999999999998       0.39790513278725187
22.119999999999997       0.39775835842741947
22.14                    0.39761104552616483
22.16                    0.3974631905003137
22.18                    0.39731479000750963
22.2                     0.39716584094706014
22.22                    0.3970163404600503
22.24                    0.3968662859288624
22.259999999999998       0.39671567497599186
22.28                    0.3965645054621966
22.3                     0.39641277548391046
22.319999999999997       0.39626048337006387
22.34                    0.39610762767800073
22.36                    0.39595420718899926
22.380000000000003       0.39580022090248146
22.4                     0.3956456680300291
22.419999999999998       0.3954905479881232
22.44                    0.3953348603905974
22.46                    0.3951786050396189
22.48                    0.39502178191652854
22.5                     0.39486439117147565
22.52                    0.3947064331124055
22.54                    0.394547908192992
22.56                    0.3943888170002819
22.580000000000002       0.3942291602407673
22.6                     0.39406893872612836
22.619999999999997       0.39390815335789386
22.64                    0.3937468051110454
22.66                    0.39358489501703037
22.68                    0.39342242414583944
22.7                     0.39325939358757317
22.72                    0.39309580443360775
22.740000000000002       0.3929316577575195
22.759999999999998       0.3927669545956168
22.779999999999998       0.3926016959270267
22.8                     0.3924358826530415
22.82                    0.39226951557588047
22.84                    0.3921025953766371
22.86                    0.3919351225926847
22.88                    0.3917670975946651
22.900000000000002       0.39159852056301975
22.919999999999998       0.39142939146435435
22.94                    0.3912597100276547
22.96                    0.39108947572037467
22.98                    0.3909186877244374
23                       0.39074734491230606
23.02                    0.39057544582314985
23.04                    0.3904029886391391
23.06                    0.390229971161913
23.08                    0.3900563907895918
23.1                     0.38988224449409364
23.12                    0.3897075287989495
23.139999999999997       0.38953223975788376
23.16                    0.3893563729335424
23.18                    0.38917992337690427
23.2                     0.38900288560709634
23.22                    0.3888252535923651
23.24                    0.3886470207322578
23.26                    0.3884681798409742
23.279999999999998       0.38828872313198787
23.3                     0.38810864220390623
23.32                    0.3879279280276175
23.34                    0.38774657093482806
23.36                    0.38756456060818545
23.38                    0.38738188607306945
23.400000000000002       0.38719853569113316
23.419999999999998       0.3870144971562562
23.439999999999998       0.3868297574928088
23.46                    0.3866443030565705
23.48                    0.3864581195358787
23.5                     0.38627119195011805
23.52                    0.3860835046468544
23.54                    0.38589504131031765
23.560000000000002       0.3857057849816362
23.58                    0.38551571807798024
23.6                     0.3853248224080473
23.62                    0.3851330791898649
23.64                    0.3849404690768792
23.66                    0.384746972200393
23.68                    0.3845525682632794
23.700000000000003       0.3843572368797567
23.72                    0.38416095952460827
23.74                    0.3839637038344422
23.759999999999998       0.3837654488839083
23.78                    0.38356618307255597
23.8                     0.3833658782788825
23.82                    0.38316451089501363
23.84                    0.38296205731737504
23.86                    0.3827584938100212
23.88                    0.38255379653060456
23.9                     0.3823479415420233
23.92                    0.3821409046969574
23.939999999999998       0.38193266189048414
23.959999999999997       0.3817231921232917
23.98                    0.3815124689021223
24                       0.3813004691818386
24.02                    0.381087167399491
24.04                    0.3808725549082547
24.06                    0.3806565894151673
24.080000000000002       0.38043925936981343
24.099999999999998       0.3802205425866255
24.12                    0.3800004183831018
24.14                    0.3797788669011232
24.16                    0.3795558691074375
24.18                    0.37933140685168015
24.2                     0.37910546293598485
24.220000000000002       0.37887802118742536
24.24                    0.378649066531355
24.259999999999998       0.3784185850644875
24.28                    0.37818656412725143
24.3                     0.37795299237513263
24.32                    0.3777178598483608
24.34                    0.37748115803998494
24.36                    0.37724287996180594
24.38                    0.3770030202077239
24.4                     0.37676157501453
24.42                    0.3765185423194803
24.44                    0.3762739218146588
24.459999999999997       0.3760277149971966
24.48                    0.3757799252159973
24.5                     0.375530557713622
24.520000000000003       0.37527961966357587
24.54                    0.3750271202027239
24.56                    0.37477307045806324
24.580000000000002       0.3745174835681435
24.6                     0.37426037469831475
24.62                    0.37400176104967003
24.64                    0.373741661861727
24.66                    0.37348009840789814
24.68                    0.37321709398418074
24.7                     0.3729526738902517
24.720000000000002       0.37268686540320606
24.740000000000002       0.37241969774327494
24.759999999999998       0.37215120203162366
24.779999999999998       0.3718814112398866
24.8                     0.3716103601315535
24.82                    0.371338085194525
24.84                    0.3710646245652906
24.86                    0.3707900179443456
24.88                    0.3705143065029336
24.9                     0.37023753278086746
24.919999999999998       0.369959740575792
24.94                    0.36968097482357876
24.96                    0.369401281470168
24.979999999999997       0.36912070733485886
25                       0.3688392999653148
25.02                    0.36855710748437975
25.040000000000003       0.3682741784289663
25.06                    0.36799056158135385
25.08                    0.3677063057931984
25.1                     0.3674214598025916
25.119999999999997       0.3671360720447143
25.14                    0.36685019045633205
25.16                    0.3665638622750025
25.18                    0.36627713383308486
25.2                     0.365990050347719
25.22                    0.365702655706947
25.240000000000002       0.3654149922530543
25.26                    0.3651271005636209
25.279999999999998       0.36483901923127293
25.3                     0.3645507846430467
25.32                    0.3642624307598931
25.34                    0.36397398889780364
25.36                    0.36368548751113317
25.38                    0.36339695197922955
25.400000000000002       0.36310840439755887
25.419999999999998       0.3628198633743819
25.44                    0.362531343833873
25.46                    0.36224285682717566
25.48                    0.3619544093523779
25.5                     0.3616660041845442
25.52                    0.3613776397171047
25.540000000000003       0.36108930981587856
25.56                    0.360801003686722
25.58                    0.360512705758235
25.6                     0.36022439558068103
25.62                    0.3599360477421247
25.64                    0.3596476318031786
25.66                    0.3593591122513205
25.68                    0.35907044847588243
25.7                     0.3587815947647416
25.72                    0.3584925003234907
25.740000000000002       0.35820310931843535
25.76                    0.35791336094358267
25.78                    0.3576231895130463
25.799999999999997       0.3573325245790629
25.82                    0.35704129107656757
25.84                    0.3567494094945043
25.86                    0.3564567960748211
25.88                    0.3561633630387194
25.9                     0.3558690188411666
25.92                    0.355573668453283
25.939999999999998       0.3552772136727078
25.96                    0.3549795534622272
25.98                    0.3546805843161288
26                       0.3543802006539923
26.02                    0.35407829524045237
26.04                    0.3537747596228425
26.060000000000002       0.35346948440023995
26.08                    0.35316236108135424
26.099999999999998       0.35285327919499687
26.12                    0.3525421307709939
26.14                    0.35222880851182775
26.16                    0.35191320615128374
26.18                    0.35159522049955316
26.2                     0.351274752371312
26.220000000000002       0.3509517049708647
26.24                    0.3506259862009073
26.26                    0.350297508880716
26.28                    0.3499661912823526
26.299999999999997       0.34963195770854
26.32                    0.3492947390326923
26.34                    0.3489544727215377
26.360000000000003       0.3486110959676403
26.38                    0.348264583408003
26.4                     0.3479148941644187
26.42                    0.34756199082953393
26.44                    0.34720585950403876
26.46                    0.34684649431959186
26.48                    0.3464838998789084
26.5                     0.3461180920209314
26.52                    0.34574909827604955
26.54                    0.3453769582211505
26.560000000000002       0.3450017237726949
26.580000000000002       0.34462345942332756
26.599999999999998       0.3442422424207379
26.619999999999997       0.3438581628845297
26.64                    0.34347132386124074
26.660000000000004       0.3430818413199468
26.68                    0.34268984408257624
26.7                     0.3422954736806989
26.72                    0.3418988841356715
26.74                    0.34150024166205595
26.759999999999998       0.3410997242930157
26.78                    0.3406975214255157
26.8                     0.3402938332830831
26.819999999999997       0.3398888702951148
26.84                    0.3394828523910288
26.86                    0.3390760082091957
26.880000000000003       0.3386685742199988
26.9                     0.3382607937636625
26.919999999999998       0.337852916003375
26.94                    0.3374451947954376
26.96                    0.3370378874777827
26.98                    0.3366312535798894
27                       0.3362255534564188
27.02                    0.33582104684885716
27.04                    0.3354179913792674
27.06                    0.3350166409817124
27.080000000000002       0.3346172442775258
27.1                     0.3342200429004601
27.119999999999997       0.3338252697800661
27.14                    0.33343314739043567
27.16                    0.3330438859739519
27.18                    0.33265768174949206
27.2                     0.3322747151157345
27.22                    0.3318951488607563
27.240000000000002       0.33151912638979636
27.259999999999998       0.3311467699841729
27.28                    0.33077817910408885
27.3                     0.3304134287496241
27.32                    0.33005256789386245
27.339999999999996       0.3296956180031329
27.36                    0.3293425716592146
27.380000000000003       0.3289933912989436
27.400000000000002       0.3286480080864261
27.419999999999998       0.3283063209332778
27.439999999999998       0.32796819568229285
27.46                    0.3276334644689689
27.48                    0.32730192527587953
27.5                     0.32697334169359005
27.52                    0.3266474429007501
27.54                    0.32632392387649306
27.56                    0.32600244585528126
27.580000000000002       0.32568263703455946
27.6                     0.32536409354347445
27.62                    0.3250463806795303
27.639999999999997       0.3247290344180989
27.66                    0.3244115631985087
27.680000000000003       0.3240934499871531
27.7                     0.32377415461762593
27.72                    0.32345311640407276
27.74                    0.32312975702273117
27.76                    0.32280348365376543
27.78                    0.3224736923732612
27.8                     0.3221397717826035
27.82                    0.32180110686036684
27.84                    0.3214570830189942
27.86                    0.32110709034650997
27.880000000000003       0.32075052801118475
27.900000000000002       0.3203868088042162
27.919999999999998       0.32001536379452405
27.939999999999998       0.31963564706651987
27.96                    0.3192471405106071
27.98                    0.3188493586339732
28                       0.3184418533581372
28.02                    0.31802421876772285
28.04                    0.31759609577383113
28.060000000000002       0.31715717665439397
28.08                    0.3167072094328338
28.1                     0.3162460020558399
28.12                    0.31577342633027977
28.14                    0.315289421579363
28.16                    0.3147939979778076
28.18                    0.314287239525702
28.200000000000003       0.31376930662099073
28.22                    0.31324043819037
28.24                    0.31270095333975984
28.259999999999998       0.31215125248492614
28.28                    0.311591817924942
28.3                     0.31102321382175707
28.32                    0.3104460855504494
28.34                    0.30986115838653516
28.36                    0.3092692354988863
28.38                    0.3086711952186854
28.400000000000002       0.30806798755773307
28.42                    0.30746062995261547
28.439999999999998       0.30685020221475934
28.459999999999997       0.30623784067050336
28.48                    0.3056247314799129
28.500000000000004       0.30501210312829335
28.52                    0.3044012180905235
28.54                    0.30379336367602394
28.56                    0.30318984207099386
28.580000000000002       0.30259195960502844
28.6                     0.302001015276906
28.62                    0.3014182885850444
28.64                    0.3008450267175587
28.66                    0.3002824311719383
28.679999999999996       0.29973164388683116
28.700000000000003       0.29919373298473023
28.720000000000002       0.2986696782387941
28.74                    0.2981603563916129
28.759999999999998       0.2976665264701637
28.780000000000005       0.2971888152551296
28.8                     0.2967277030792423
28.82                    0.29628351014193494
28.84                    0.2958563835417835
28.86                    0.2954462852365656
28.88                    0.2950529811467473
28.900000000000002       0.29467603161789435
28.92                    0.29431478347413004
28.94                    0.2939683639203363
28.959999999999997       0.29363567652931893
28.980000000000004       0.2933153994923356
29.000000000000004       0.2930059863090877
29.020000000000003       0.29270566911230783
29.04                    0.29241246479566047
29.06                    0.2921241840743693
29.08                    0.2918384435722581
29.099999999999998       0.2915526809970246
29.12                    0.29126417341860483
29.14                    0.2909700571075619
29.16                    0.2906673379448228
29.179999999999996       0.29035298181241515
29.200000000000003       0.2900238504150822
29.220000000000002       0.28967679370284005
29.240000000000002       0.28930866871049876
29.259999999999998       0.28891637671352943
29.279999999999998       0.28849690153007485
29.299999999999997       0.28804734786954667
29.32                    0.28756498053593377
29.34                    0.2870472638593977
29.36                    0.28649190236696753
29.38                    0.28589688774065414
29.400000000000002       0.28526050115584173
29.42                    0.28458139669464905
29.44                    0.28385860967327803
29.46                    0.28309161010237016
29.479999999999997       0.2822802320053101
29.499999999999996       0.2814249001834745
29.520000000000003       0.28052644792799536
29.54                    0.2795862358526114
29.56                    0.2786061432010304
29.58                    0.2775885748308296
29.600000000000005       0.27653646279462907
29.62                    0.2754532621745947
29.64                    0.2743429408073975
29.66                    0.2732099625325209
29.68                    0.2720592635887782
29.699999999999996       0.2708962217806733
29.720000000000002       0.2697266180315747
29.740000000000002       0.26855658994390424
29.76                    0.26739257699891367
29.779999999999998       0.26624125705516594
29.800000000000004       0.2651094738518707
29.820000000000004       0.2640041552969485
29.84                    0.2629322224240168
29.86                    0.2619004890490144
29.88                    0.26091555234763525
29.9                     0.25998367481708845
29.919999999999995       0.25911065838502506
29.94                    0.2583017117857152
29.96                    0.257561312738751
29.98                    0.2568930669349481
30.000000000000004       0.25629956634715595
30.020000000000003       0.2557822499262237
30.040000000000003       0.25534127029246695
30.06                    0.2549753705623073
30.08                    0.25468177592278884
30.099999999999998       0.2544561049431731
30.119999999999997       0.25429230584660645
30.14                    0.2541826230106539
30.16                    0.2541175987777202
30.18                    0.2540861151980046
30.2                     0.25407547957309407
30.220000000000002       0.2540715566069645
30.240000000000002       0.25405894861817985
30.26                    0.2540212236568775
30.28                    0.2539411895680226
30.299999999999997       0.2538012101374177
30.319999999999997       0.25358355755509415
30.340000000000003       0.2532707936593455
30.36                    0.25284617090342276
30.38                    0.25229404283651474
30.4                     0.25160027320546935
30.42                    0.25075263262507996
30.44                    0.24974117215727282
30.46                    0.24855856405748003
30.48                    0.24720040132024604
30.5                     0.24566544937496348
30.519999999999996       0.24395584520027033
30.540000000000003       0.242077241078151
30.560000000000002       0.240038892022287
30.58                    0.23785368741785834
30.599999999999998       0.23553812845160907
30.620000000000005       0.23311225335948707
30.640000000000004       0.23059951227196965
30.66                    0.2280265924305353
30.68                    0.2254231927378478
30.7                     0.22282174400183014
30.72                    0.22025706786766125
30.740000000000002       0.2177659634160385
30.76                    0.2153867059041437
30.78                    0.2131584374426263
30.799999999999997       0.21112042499040987
30.820000000000004       0.2093111576130066
30.840000000000003       0.2077672534916027
30.860000000000003       0.20652214907548674
30.88                    0.20560454983327714
30.9                     0.2050366364250997
30.919999999999998       0.20483204407401617
30.939999999999998       0.20499366843557038
30.96                    0.20551139922298337
30.98                    0.20635994189597645
31                       0.20749695292568315
31.020000000000003       0.20886177570500125
31.040000000000003       0.21037510690448302
31.060000000000002       0.21193992751023658
31.080000000000002       0.2134439787923617
31.099999999999998       0.21476393664349253
31.119999999999997       0.215771237643475
31.139999999999997       0.21633925759244638
31.160000000000004       0.2163512822526139
31.18                    0.21570850165344227
31.2                     0.2143371653548327
31.22                    0.21219409782184565
31.240000000000002       0.20926999330553078
31.26                    0.20559024700217193
31.28                    0.20121345948340139
31.3                     0.19622809123548549
31.319999999999997       0.19074797804282365
31.339999999999996       0.1849075156615613
31.360000000000003       0.1788572914828833
31.380000000000003       0.17276081593732306
31.4                     0.16679282856757618
31.419999999999998       0.1611394503756196
31.440000000000005       0.1560002182288583
31.46                    0.15159170458568813
31.48                    0.1481518418137398
31.5                     0.14594293980204062
31.52                    0.1452492224254508
31.54                    0.14636088692676152
31.560000000000002       0.14953094476318698
31.580000000000002       0.1548853174854216
31.6                     0.16226907547722916
31.619999999999997       0.17104190862659563
31.640000000000004       0.17991636140508324
31.660000000000004       0.1870372846800039
31.68                    0.19048009845412053
31.7                     0.18903230376957675
31.72                    0.18272971182008216
31.74                    0.17271970658334193
31.76                    0.16062361429979616
31.78                    0.14791760531482528
31.8                     0.1356363901682173
31.82                    0.12436763741106016
31.840000000000003       0.11439645418150236
31.860000000000003       0.10597642917137756
31.880000000000003       0.10029930346009211
31.900000000000002       0.1075630085536968
31.919999999999998       0.19921990142337326
31.939999999999998       0.15158500571692118
31.959999999999997       0.11756767607276353
31.98                    0.10562633465476674
32                       0.10016474281010491
32.019999999999996       0.0975240365405267
32.04                    0.0965035288764907
32.06                    0.09659259241983453
32.080000000000005       0.09753003906951284
32.1                     0.09916268803682173
32.12                    0.101390861234296
32.14                    0.10414429175407604
32.16                    0.10737026950978064
32.18                    0.11102728063964566
32.2                     0.11508134234824545
32.22                    0.1195037617250585
32.239999999999995       0.12426969554221876
32.260000000000005       0.12935718555295478
32.28                    0.13474648955168844
32.300000000000004       0.14041960399890663
32.32                    0.14635991515669958
32.339999999999996       0.15255193910597722
32.36                    0.15898112487772434
32.38                    0.16563370343541423
32.4                     0.17249657062254822
32.42                    0.1795571956995504
32.44                    0.18680354943286206
32.46                    0.1942240473053669
32.480000000000004       0.20180750453892174
32.5                     0.20954310041719001
32.52                    0.21742034997973197
32.54                    0.2254290815858881
32.559999999999995       0.23355941916365838
32.580000000000005       0.24180176820918128
32.6                     0.25014680478170054
32.62                    0.2585854668871138
32.64                    0.2671089477590376
32.660000000000004       0.2757086906334575
32.68                    0.2843763846880435
32.7                     0.293103961876143
32.72                    0.30188359443132395
32.74                    0.31070769286164646
32.76                    0.3195689042779215
32.779999999999994       0.3284601109378315
32.800000000000004       0.3373744288990903
32.82                    0.34630520670259407
32.839999999999996       0.35524602401765354
32.86000000000001        0.3641906901969726
32.88                    0.3731332426996161
32.9                     0.3820679453514204
32.92                    0.39098928641804775
32.94                    0.3998919764755041
32.96                    0.4087709460681533
32.98                    0.4176213431482111
33                       0.42643853029628037
33.02                    0.4352180817253512
33.04                    0.4439557800747147
33.059999999999995       0.45264761300012657
33.080000000000005       0.46128976957318873
33.1                     0.4698786364973051
33.12                    0.4784107941579117
33.14                    0.4868830125167265
33.16                    0.49529224686725887
33.18                    0.503635633463989
33.2                     0.5119104850419794
33.22                    0.5201142862419306
33.24                    0.5282446889536031
33.26                    0.5362995075959077
33.28                    0.5442767143432402
33.300000000000004       0.5521744343175795
33.32                    0.5599909407540369
33.34                    0.5677246501566583
33.36                    0.5753741174555236
33.379999999999995       0.58293803117522
33.400000000000006       0.5904152086278589
33.42                    0.5978045911384119
33.44                    0.6051052393139685
33.46                    0.6123163283637899
33.480000000000004       0.6194371434787976
33.5                     0.6264670752788533
33.52                    0.6334056153317958
33.54                    0.6402523517533073
33.56                    0.6470069648906719
33.58                    0.6536692230955198
33.6                     0.6602389785907464
33.620000000000005       0.6667161634334802
33.64                    0.6731007855783996
33.66                    0.6793929250429876
33.68000000000001        0.6855927301774443
33.7                     0.6917004140402011
33.72                    0.6977162508809421
33.74                    0.7036405727312027
33.76                    0.7094737661031916
33.78                    0.7152162687960587
33.8                     0.7208685668107419
33.82                    0.7264311913708897
33.84                    0.7319047160504177
33.86                    0.7372897540052186
33.88                    0.7425869553096001
33.900000000000006       0.747797004394367
33.92                    0.7529206175858856
33.94                    0.7579585407438226
33.96                    0.7629115469960297
33.98                    0.7677804345685255
34                       0.7725660247076959
34.02                    0.7772691596937539
34.04                    0.7818907009417249
34.06                    0.7864315271885841
34.08                    0.7908925327646085
34.1                     0.7952746259442428
34.120000000000005       0.7995787273772618
34.14                    0.8038057685948115
34.16                    0.8079566905898737
34.18                    0.8120324424686054
34.199999999999996       0.8160339801699653
34.220000000000006       0.8199622652526835
34.24                    0.8238182637456057
34.26                    0.8276029450608469
34.28                    0.8313172809661831
34.300000000000004       0.8349622446151669
34.32                    0.8385388096314614
34.34                    0.84204794924637
34.36                    0.8454906354857556
34.379999999999995       0.8488678384065722
34.4                     0.8521805253790171
34.419999999999995       0.8554296604138831
34.440000000000005       0.8586162035319398
34.46                    0.8617411101748487
34.480000000000004       0.8648053306545901
34.50000000000001        0.8678098096402779
34.52                    0.8707554856813389
34.54                    0.8736432907641501
34.56                    0.8764741499013265
34.58                    0.8792489807496973
34.6                     0.8819686932525351
34.62                    0.8846341893060197
34.64                    0.8872463624593545
34.660000000000004       0.8898060976526426
34.68                    0.8923142709796504
34.7                     0.8947717494628074
34.720000000000006       0.8971793908430625
34.74                    0.8995380433901777
34.76                    0.9018485457343446
34.78                    0.9041117267154903
34.8                     0.9063284052478987
34.82                    0.9084993901951871
34.84                    0.9106254802501622
34.86                    0.9127074638208174
34.88                    0.9147461189312535
34.900000000000006       0.91674221410063
34.92                    0.9186965081514217
34.940000000000005       0.9206097484198148
34.96                    0.922482670564352
34.98                    0.9243160003538188
35                       0.9261104535772271
35.019999999999996       0.9278667356355631
35.04                    0.9295855413962034
35.06                    0.9312675550139579
35.08                    0.9329134491000097
35.1                     0.9345238849860239
35.120000000000005       0.9360995388787763
35.14                    0.93764103119141
35.160000000000004       0.9391489958916331
35.18                    0.9406240586684018
35.199999999999996       0.9420668249305231
35.22                    0.9434779282754251
35.239999999999995       0.944857924959575
35.26                    0.9462074132520125
35.28                    0.9475269656558634
35.300000000000004       0.9488171455492879
35.32000000000001        0.9500785067724128
35.34                    0.95131159365535
35.36                    0.9525169410947537
35.38                    0.9536950746421639
35.4                     0.9548465105967862
35.419999999999995       0.9559717561014327
35.44                    0.9570713092401205
35.46                    0.9581456591376026
35.48                    0.9591952860601718
35.5                     0.9602206615176314
35.52                    0.9612222483664609
35.540000000000006       0.9622005009137096
35.56                    0.9631558650217765
35.58                    0.9640887782137401
35.6                     0.9649996697793457
35.62                    0.9658889608812568
35.63999999999999        0.9667570646618413
35.660000000000004       0.9676043863499577
35.68                    0.9684313233681959
35.7                     0.9692382654398756
35.720000000000006       0.970025594696355
35.74                    0.970793685783995
35.760000000000005       0.9715429059712478
35.78                    0.9722736152554449
35.8                     0.972986166469283
35.82                    0.9736809053871555
35.839999999999996       0.9743581708310868
35.86                    0.9750182947762283
35.88                    0.9756616024561069
35.9                     0.9762884124671739
35.92                    0.976899036873104
35.940000000000005       0.9774937813084407
35.96                    0.9780729450816873
35.980000000000004       0.9786368212779345
36                       0.9791856968607235
36.019999999999996       0.9797198527734335
36.04                    0.9802395640399905
36.059999999999995       0.9807450998648346
36.08                    0.9812367237323244
36.1                     0.9817146935053923
36.120000000000005       0.9821792615234723
36.14                    0.9826306746997422
36.160000000000004       0.9830691746176434
36.18                    0.9834949976266145
36.2                     0.9839083749370879
36.22                    0.9843095327147435
36.239999999999995       0.9846986921739765
36.26                    0.9850760696705559
36.28                    0.9854418767935555
36.3                     0.9857963204564428
36.32000000000001        0.9861396029873999
36.34                    0.9864719222188008
36.36                    0.9867934715759357
36.38                    0.9871044401648738
36.4                     0.9874050128595413
36.42                    0.9876953703879462
36.44                    0.9879756894176116
36.459999999999994       0.9882461426401563
36.480000000000004       0.9885068988550586
36.5                     0.9887581230525978
36.519999999999996       0.9889999764959169
36.540000000000006       0.9892326168023003
36.56                    0.9894561980235776
36.580000000000005       0.9896708707256826
36.6                     0.989876782067372
36.62                    0.990074075878117
36.64                    0.9902628927350818
36.66                    0.9904433700393106
36.68                    0.99061564209102
36.7                     0.9907798401640193
36.72                    0.9909360925792854
36.74                    0.9910845247776612
36.760000000000005       0.9912252593916683
36.78                    0.9913584163164537
36.800000000000004       0.9914841127798677
36.82                    0.9916024634116397
36.839999999999996       0.9917135803117189
36.86                    0.9918175731177227
36.88                    0.9919145490715332
36.9                     0.9920046130850496
36.92                    0.9920878678050918
36.940000000000005       0.9921644136774942
36.96                    0.9922343490103458
36.980000000000004       0.9922977700364184
37                       0.9923547709747567
37.02                    0.9924054440914085
37.04                    0.992449879759266
37.059999999999995       0.9924881665170041
37.08                    0.9925203911270606
37.1                     0.9925466386326411
37.12                    0.9925669924137355
37.14000000000001        0.992581534242115
37.160000000000004       0.9925903443353413
37.18                    0.9925935014097725
37.2                     0.9925910827326027
37.22                    0.9925831641729571
37.24                    0.992569820252055
37.26                    0.9925511241924704
37.279999999999994       0.9925271479665047
37.300000000000004       0.9924979623436794
37.32                    0.9924636369373587
37.34                    0.9924242402504936
37.36000000000001        0.9923798397204662
37.38                    0.9923305017629763
37.4                     0.9922762918148541
37.42                    0.9922172743755221
37.44                    0.9921535130467038
37.46                    0.9920850705698067
37.48                    0.9920120088631326
37.5                     0.9919343890679913
37.52                    0.9918522713987319
37.54                    0.9917657155897233
37.56                    0.9916747804141975
37.580000000000005       0.9915795237627438
37.6                     0.9914800031561481
37.62                    0.9913762789492594
37.64                    0.9912684045578901
37.66                    0.9911564364955353
37.68                    0.9910404307318657
37.7                     0.9909204425623073
37.72                    0.9907965267864585
37.74                    0.990668737768081
37.760000000000005       0.9905371294759687
37.78                    0.9904017555428437
37.800000000000004       0.9902626694316401
37.82                    0.9901199253910915
37.84                    0.9899735791118139
37.86                    0.9898236690645918
37.879999999999995       0.9896702588943256
37.9                     0.9895133994941293
37.92                    0.9893531419080223
37.94                    0.9891895374827119
37.96000000000001        0.9890226375010971
37.980000000000004       0.9888524931153817
38                       0.9886791553386597
38.02                    0.9885026750506254
38.04                    0.9883231030078565
38.06                    0.9881404898563156
38.08                    0.9879548861448229
38.099999999999994       0.9877663423352152
38.120000000000005       0.987574908802823
38.14                    0.9873806358292474
38.160000000000004       0.9871835736025212
38.18000000000001        0.9869837722314783
38.2                     0.9867812817622906
38.22                    0.9865761521870358
38.24                    0.9863684334457513
38.26                    0.9861581754263177
38.28                    0.9859454279641118
38.3                     0.9857302408417014
38.32                    0.9855126637883103
38.34                    0.9852927464788068
38.36                    0.9850705385320595
38.38                    0.9848460895086453
38.400000000000006       0.9846194489078542
38.42                    0.9843906661640216
38.44                    0.9841597906421313
38.46                    0.9839268716326686
38.48                    0.9836919583455804
38.5                     0.9834550999033234
38.52                    0.9832163453329827
38.54                    0.9829757435577655
38.56                    0.9827333433881745
38.580000000000005       0.9824891935131145
38.6                     0.9822433424908698
38.620000000000005       0.9819958387396676
38.64                    0.9817467305274462
38.66                    0.9814960659608487
38.68                    0.9812438929734594
38.699999999999996       0.9809902593134213
38.72                    0.9807352125305441
38.74                    0.9804787999630711
38.76                    0.9802210687239602
38.78000000000001        0.9799620656868847
38.800000000000004       0.9797018374718086
38.82                    0.9794404304302821
38.84                    0.9791778906303744
38.86                    0.978914263841302
38.879999999999995       0.9786495955177343
38.9                     0.9783839307838809
38.919999999999995       0.9781173144172682
38.940000000000005       0.9778497908322544
38.96                    0.9775814040633808
38.980000000000004       0.9773121977484113
39.00000000000001        0.9770422151112432
39.02                    0.976771498944618
39.04                    0.976500091592661
39.06                    0.9762280349333191
39.08                    0.9759553703607173
39.099999999999994       0.9756821387674712
39.12                    0.9754083805269921
39.14                    0.9751341354758044
39.160000000000004       0.9748594428959155
39.18000000000001        0.9745843414972268
39.2                     0.9743088694000185
39.220000000000006       0.9740330641175975
39.24                    0.9737569625389333
39.26                    0.973480600911539
39.28                    0.9732040148244329
39.3                     0.9729272391912692
39.32                    0.9726503082336145
39.34                    0.9723732554644949
39.36                    0.972096113672057
39.38                    0.9718189149035221
39.400000000000006       0.9715416904493688
39.42                    0.9712644708278309
39.440000000000005       0.970987285769665
39.46                    0.9707101642032252
39.48                    0.9704331342399503
39.5                     0.9701562231601772
39.519999999999996       0.9698794573993085
39.54                    0.9696028625344888
39.56                    0.9693264632716062
39.58                    0.9690502834328416
39.6                     0.9687743459446376
39.620000000000005       0.9684986728262183
39.64                    0.9682232851786632
39.660000000000004       0.9679482031745501
39.68                    0.9676734460482125
39.699999999999996       0.9673990320866377
39.72                    0.9671249786209641
39.74                    0.9668513020186053
39.76                    0.9665780176758726
39.78                    0.9663051400110535
39.800000000000004       0.9660326824580076
39.82000000000001        0.9657606574601144
39.84                    0.9654890764648042
39.86                    0.9652179499187132
39.88                    0.9649472872635597
39.9                     0.9646770969328039
39.919999999999995       0.9644073863492013
39.94                    0.9641381619231797
39.96                    0.9638694290519868
39.98                    0.9636011921197006
40.00000000000001        0.9633334544979072
40.02                    0.9630662185471962
40.040000000000006       0.9627994856193509
40.06                    0.9625332560602634
40.08                    0.9622675292136966
40.1                     0.9620023034257371
40.12                    0.9617375760500274
40.13999999999999        0.9614733434538734
40.160000000000004       0.9612096010249924
40.18                    0.9609463431790033
40.2                     0.9606835633674832
40.220000000000006       0.9604212540863337
40.24                    0.9601594068843626
40.260000000000005       0.9598980123719127
40.28                    0.9596370602299503
40.3                     0.9593765392202691
40.32                    0.9591164371982555
40.339999999999996       0.9588567411284149
40.36                    0.9585974371023372
40.38                    0.9583385103573533
40.4                     0.9580799452942824
40.42                    0.9578217254939606
40.440000000000005       0.9575638337330155
40.46                    0.9573062519999077
40.480000000000004       0.9570489615117979
40.5                     0.9567919427325347
40.519999999999996       0.9565351753916679
40.54                    0.9562786385042361
40.56                    0.9560223103913079
40.58                    0.9557661687011085
40.6                     0.9555101904310243
40.620000000000005       0.9552543519513131
40.64                    0.95499862903249
40.660000000000004       0.9547429968805486
40.68                    0.9544874301855868
40.7                     0.9542319031842863
40.72                    0.9539763897138956
40.739999999999995       0.9537208632029947
40.76                    0.953465296572423
40.78                    0.9532096621456373
40.8                     0.9529539316998608
40.82000000000001        0.9526980766184504
40.84                    0.9524420680106702
40.86                    0.9521858767567281
40.88                    0.9519294735158931
40.9                     0.9516728287321711
40.92                    0.9514159126483237
40.94                    0.9511586953270689
40.959999999999994       0.9509011466756856
40.980000000000004       0.9506432364707142
41                       0.9503849343830774
41.02                    0.9501262100383059
41.040000000000006       0.9498670331692026
41.06                    0.9496073735613285
41.080000000000005       0.9493472014800178
41.1                     0.949086486535598
41.12                    0.9488251981481332
41.14                    0.9485633061787425
41.16                    0.9483007808339319
41.18                    0.9480375925426034
41.2                     0.9477737119398508
41.22                    0.947509109861449
41.24                    0.9472437572427863
41.260000000000005       0.9469776246510303
41.28                    0.9467106857219187
41.300000000000004       0.9464429196689186
41.32                    0.9461742885408685
41.339999999999996       0.9459047679142372
41.36                    0.9456343322292949
41.38                    0.9453629537236548
41.4                     0.9450906191057886
41.42                    0.9448172864434332
41.440000000000005       0.9445429408028756
41.46                    0.9442675579214781
41.480000000000004       0.9439911150055214
41.5                     0.9437135900562625
41.52                    0.9434349618307168
41.54                    0.9431552098550249
41.559999999999995       0.942874314447324
41.580000000000005       0.9425922567428202
41.6                     0.9423090187191082
41.62                    0.9420245832213326
41.64000000000001        0.9417389339867968
41.660000000000004       0.9414520556690323
41.68                    0.9411639338611594
41.7                     0.9408745551186426
41.72                    0.9405839069811647
41.74                    0.940291977993909
41.76                    0.9399987577279191
41.779999999999994       0.9397042367997277
41.800000000000004       0.9394084068901065
41.82                    0.9391112607619595
41.84                    0.9388127922773843
41.86000000000001        0.9385129964137428
41.88                    0.9382118692788496
41.9                     0.9379094081252843
41.92                    0.9376056113636058
41.94                    0.937300478574686
41.96                    0.9369940105210114
41.98                    0.9366862091569788
42                       0.9363770776381246
42.02                    0.9360666203293847
42.040000000000006       0.9357548428121936
42.06                    0.9354417518906275
42.080000000000005       0.9351273555963239
42.1                     0.9348116631924538
42.12                    0.9344946851764797
42.14                    0.934176433281825
42.16                    0.9338569204784304
42.18                    0.9335361609722023
42.2                     0.933214170203233
42.22                    0.9328909648429565
42.24                    0.9325665627901308
42.260000000000005       0.9322409831656554
42.28                    0.931914246306202
42.300000000000004       0.9315863737567611
42.32                    0.9312573882619287
42.34                    0.9309273137561416
42.36                    0.9305961753526253
42.379999999999995       0.93026399933131
42.400000000000006       0.9299308131254754
42.42                    0.9295966453073681
42.44                    0.9292615255725318
42.46000000000001        0.9289254847231421
42.480000000000004       0.9285885546501053
42.5                     0.9282507683140787
42.52                    0.9279121597253699
42.54                    0.927572763922755
42.56                    0.9272326169511796
42.58                    0.9268917558383667
42.6                     0.9265502185704418
42.620000000000005       0.9262080440664143
42.64                    0.9258652721516878
42.660000000000004       0.9255219435305317
42.68000000000001        0.9251780997575781
42.7                     0.9248337832083189
42.72                    0.9244890370486691
42.74                    0.9241439052035402
42.76                    0.9237984323246098
42.78                    0.9234526637570672
42.8                     0.9231066455056077
42.82                    0.9227604241995225
42.84                    0.9224140470570069
42.86000000000001        0.9220675618486158
42.88                    0.9217210168600695
42.900000000000006       0.9213744608542488
42.92                    0.9210279430325072
42.94                    0.9206815129952829
42.96                    0.9203352207021668
42.98                    0.9199891164312665
43                       0.9196432507380036
43.02                    0.9192976744134432
43.04                    0.9189524384420557
43.06000000000001        0.9186075939589806
43.080000000000005       0.9182631922069686
43.1                     0.9179192844927748
43.120000000000005       0.9175759221432873
43.14                    0.917233156461329
43.16                    0.9168910386811195
43.18                    0.9165496199234974
43.199999999999996       0.9162089511509757
43.22                    0.9158690831225167
43.24                    0.9155300663483412
43.26                    0.9151919510444846
43.28000000000001        0.914854787087349
43.300000000000004       0.9145186239682752
43.32                    0.9141835107481061
43.34                    0.9138494960118366
43.36                    0.9135166278233519
43.379999999999995       0.9131849536803235
43.4                     0.9128545204693774
43.42                    0.9125253744213695
43.440000000000005       0.9121975610670559
43.46                    0.9118711251930333
43.480000000000004       0.9115461107980671
43.50000000000001        0.911222561049793
43.52                    0.9109005182419061
43.54                    0.91058002375177
43.56                    0.910261117998692
43.58                    0.9099438404025364
43.599999999999994       0.9096282293431663
43.62                    0.9093143221204041
43.64                    0.9090021549147389
43.660000000000004       0.9086917627487102
43.68000000000001        0.9083831794491021
43.7                     0.908076437609994
43.720000000000006       0.9077715685566893
43.74                    0.9074686023105091
43.76                    0.9071675675549247
43.78                    0.9068684916028386
43.8                     0.9065714003660887
43.82                    0.9062763183287975
43.84                    0.9059832685321475
43.86                    0.905692272609249
43.88                    0.9054033512777233
43.900000000000006       0.905116504600569
43.92                    0.9048317946554434
43.940000000000005       0.9045491979165668
43.96                    0.9042687382612996
43.98                    0.9039904276434797
44                       0.9037142757104251
44.019999999999996       0.9034402972454407
44.04                    0.903168494865316
44.06                    0.9028988713558557
44.08                    0.9026314317807466
44.1                     0.9023661781730296
44.120000000000005       0.9021031105542632
44.14                    0.901842227122799
44.160000000000004       0.9015835242805419
44.18                    0.9013269966324423
44.199999999999996       0.901072636980854
44.22                    0.9008204363210195
44.24                    0.9005703838177896
44.26                    0.9003224666586916
44.28                    0.9000766713956364
44.300000000000004       0.8998329815202816
44.32000000000001        0.8995913782137656
44.34                    0.8993518420223219
44.36                    0.8991143514046448
44.38                    0.8988788829896227
44.4                     0.898645411624276
44.419999999999995       0.8984139103915411
44.440000000000005       0.898184350624681
44.46                    0.897956701922541
44.48                    0.8977309321664068
44.50000000000001        0.8975070075393964
44.52                    0.8972848925487263
44.540000000000006       0.8970645500505181
44.56                    0.8968459412743454
44.58                    0.8966290258425567
44.6                     0.8964137617843598
44.62                    0.896200105554633
44.63999999999999        0.8959880120657149
44.660000000000004       0.8957774347279368
44.68                    0.8955683254889981
44.7                     0.8953606348695449
44.720000000000006       0.8951543119971872
44.74                    0.8949493046414477
44.760000000000005       0.8947455592506282
44.78                    0.8945430209905415
44.8                     0.8943416337852059
44.82                    0.8941413403589519
44.839999999999996       0.8939420822801428
44.86                    0.8937438000062737
44.88                    0.8935464329304256
44.900000000000006       0.8933499194290746
44.92                    0.8931541969112049
44.940000000000005       0.8929592018686398
44.96                    0.8927648699274406
44.980000000000004       0.8925711359003154
45                       0.8923779338395572
45.019999999999996       0.8921851970906965
45.04                    0.8919928583465989
45.06                    0.8918008497026112
45.08                    0.8916091027130987
45.1                     0.8914175484495119
45.120000000000005       0.8912261175599769
45.14                    0.8910347403299677
45.160000000000004       0.8908433467433844
45.18                    0.8906518665441043
45.2                     0.8904602292977519
45.22                    0.8902683644537962
45.239999999999995       0.8900762014079715
45.260000000000005       0.8898836695652219
45.28                    0.8896906984029582
45.3                     0.8894972175347183
45.32000000000001        0.8893031567741828
45.34                    0.8891084461994289
45.36                    0.8889130162173033
45.38                    0.8887167976280824
45.4                     0.8885197216900498
45.42                    0.8883217201841402
45.44                    0.8881227254785313
45.46                    0.8879226705930415
45.480000000000004       0.8877214892633836
45.5                     0.8875191160051036
45.52                    0.8873154861771857
45.540000000000006       0.8871105360452931
45.56                    0.8869042028444702
45.580000000000005       0.8866964248413542
45.6                     0.8864871413959091
45.62                    0.8862762930223717
45.64                    0.8860638214497909
45.66                    0.8858496696816877
45.68                    0.8856337820550074
45.7                     0.8854161042983457
45.720000000000006       0.8851965835891442
45.74                    0.8849751686099714
45.760000000000005       0.8847518096038265
45.78                    0.8845264584282014
45.800000000000004       0.8842990686081381
45.82                    0.8840695953879343
45.839999999999996       0.8838379957817238
45.86                    0.8836042286225911
45.88                    0.8833682546104589
45.9                     0.883130036358448
45.92000000000001        0.8828895384377948
45.940000000000005       0.8826467274211685
45.96                    0.8824015719245373
45.980000000000004       0.8821540426472328
46                       0.8819041124104778
46.02                    0.8816517561939866
46.04                    0.8813969511710789
46.059999999999995       0.8811396767416467
46.080000000000005       0.8808799145635281
46.1                     0.8806176485817858
46.12                    0.8803528650562239
46.14000000000001        0.8800855525867811
46.160000000000004       0.8798157021370338
46.18                    0.8795433070555676
46.2                     0.879268363095376
46.22                    0.8789908684311273
46.24                    0.8787108236743364
46.26                    0.8784282318864648
46.28                    0.8781430985898461
46.300000000000004       0.8778554317764575
46.32                    0.8775652419145386
46.34                    0.8772725419529783
46.36000000000001        0.87697734732336
46.38                    0.8766796759397124
46.4                     0.8763795481957435
46.42                    0.8760769869596334
46.44                    0.8757720175662654
46.46                    0.8754646678070487
46.48                    0.875154967917195
46.5                     0.8748429505608379
46.52                    0.8745286508137576
46.540000000000006       0.8742121061440277
46.56                    0.8738933563905001
46.580000000000005       0.8735724437389855
46.6                     0.8732494126964155
46.62                    0.8729243100625115
46.64                    0.8725971848994003
46.66                    0.8722680884986505
46.68                    0.8719370743463157
46.7                     0.8716041980854292
46.72                    0.8712695174762982
46.74000000000001        0.8709330923547247
46.760000000000005       0.870594984587752
46.78                    0.870255258027497
46.800000000000004       0.8699139784626111
46.82                    0.8695712135678694
46.839999999999996       0.8692270328513405
46.86                    0.8688815075996428
46.879999999999995       0.8685347108208519
46.900000000000006       0.8681867171850035
46.92                    0.867837602962392
46.94                    0.8674874459591557
46.96000000000001        0.8671363254508231
46.980000000000004       0.8667843221140936
47                       0.8664315179579324
47.02                    0.8660779962547654
47.04                    0.8657238414723915
47.06                    0.8653691392053963
47.08                    0.8650139761051504
47.1                     0.8646584398065127
47.120000000000005       0.8643026188506394
47.14                    0.8639466026048892
47.160000000000004       0.8635904811803559
47.18000000000001        0.8632343453483915
47.2                     0.8628782864564388
47.22                    0.8625223963433912
47.24                    0.8621667672545176
47.26                    0.8618114917555187
47.28                    0.8614566626460664
47.300000000000004       0.8611023728723906
47.32                    0.8607487154392026
47.34                    0.8603957833211616
47.36000000000001        0.8600436693747028
47.38                    0.859692466251359
47.400000000000006       0.859342266314981
47.42                    0.858993161566437
47.44                    0.8586452435776201
47.46                    0.8582986034292418
47.48                    0.8579533316277895
47.5                     0.8576095179652882
47.52                    0.8572672513219232
47.54                    0.8569266194896353
47.56000000000001        0.8565877091006725
47.580000000000005       0.8562506056361011
47.6                     0.8559153934214716
47.620000000000005       0.8555821555666532
47.64                    0.8552509738674077
47.66                    0.8549219286973478
47.68                    0.8545950989050628
47.699999999999996       0.854270561719037
47.72                    0.8539483926588919
47.74                    0.8536286654512208
47.760000000000005       0.8533114519478566
47.78000000000001        0.852996822043928
47.800000000000004       0.8526848435893032
47.82                    0.8523755823511003
47.84                    0.8520691017169861
47.86                    0.8517654621337262
47.879999999999995       0.8514647224647712
47.9                     0.8511669397128951
47.92                    0.8508721684083994
47.940000000000005       0.8505804601049199
47.96                    0.8502918635591445
47.980000000000004       0.8500064248476698
48.00000000000001        0.849724187336909
48.02                    0.8494451916104868
48.04                    0.8491694753848457
48.06                    0.8488970733850729
48.08                    0.8486280170359611
48.099999999999994       0.8483623345024801
48.120000000000005       0.8481000574451066
48.14                    0.8478412048441004
48.160000000000004       0.8475857945342427
48.18000000000001        0.8473338443425563
48.2                     0.8470853691982276
48.220000000000006       0.8468403979774357
48.24                    0.8465988450931776
48.26                    0.8463608418953388
48.28                    0.8461263253255503
48.3                     0.8458952976949492
48.32                    0.8456677532335869
48.34                    0.8454436822393526
48.36                    0.8452230714926351
48.38                    0.8450059043431482
48.400000000000006       0.8447921607359232
48.42                    0.8445818172230708
48.440000000000005       0.8443748469727307
48.46                    0.8441712197791836
48.48                    0.8439709020751015
48.5                     0.8437738569468944
48.519999999999996       0.8435800441532906
48.54                    0.8433894201471519
48.56                    0.8432019381007214
48.580000000000005       0.8430175479345001
48.6                     0.8428361963492331
48.620000000000005       0.8426578268617295
48.64                    0.8424823798438744
48.660000000000004       0.8423097925652843
48.68                    0.8421399992391269
48.699999999999996       0.8419729310717478
48.72                    0.8418085163152251
48.739999999999995       0.8416466803235544
48.760000000000005       0.8414873456121064
48.78000000000001        0.8413304319202687
48.800000000000004       0.841175856277318
48.82000000000001        0.8410235330715489
48.84                    0.8408733741224202
48.86                    0.840725288755843
48.88                    0.8405791838823816
48.9                     0.8404349640785558
48.919999999999995       0.84029253167078
48.94                    0.8401517868223484
48.96000000000001        0.840012627622926
48.980000000000004       0.8398749501808911
49.00000000000001        0.8397386487180521
49.02                    0.839603615667018
49.040000000000006       0.8394697417708259
49.06                    0.8393369161849579
49.08                    0.8392050265815394
49.1                     0.8390739592556157
49.12                    0.838943599233517
49.13999999999999        0.8388138303830392
49.16                    0.8386845355254943
49.18000000000001        0.8385555965494287
49.2                     0.8384268945259131
49.220000000000006       0.8382983098253697
49.24                    0.8381697222356619
49.260000000000005       0.8380410110814775
49.28                    0.8379120553448037
49.3                     0.8377827337865524
49.32                    0.8376529250687895
49.339999999999996       0.8375225078779139
49.35999999999999        0.8373913610484786
49.38000000000001        0.8372593636874424
49.400000000000006       0.837126395298777
49.42                    0.8369923359084122
49.440000000000005       0.8368570661892597
49.46                    0.8367204675861946
49.480000000000004       0.8365824224409903
49.5                     0.8364428141167976
49.519999999999996       0.8363015271224884
49.54                    0.8361584472362299
49.559999999999995       0.8360134616284872
49.580000000000005       0.8358664589842427
49.60000000000001        0.8357173296242494
49.620000000000005       0.8355659656252729
49.64                    0.8354122609390252
49.660000000000004       0.8352561115099773
49.68                    0.835097415391479
49.7                     0.8349360728604788
49.72                    0.8347719865304878
49.739999999999995       0.8346050614626275
49.76                    0.8344352052748494
49.78000000000001        0.8342623282489474
49.800000000000004       0.8340863434354405
49.82000000000001        0.8339071667561093
49.84                    0.8337247171039529
49.86                    0.8335389164408633
49.88                    0.8333496898922843
49.9                     0.8331569658393244
49.92                    0.8329606760077757
49.94                    0.8327607555542351
49.959999999999994       0.8325571431490445
49.98000000000001        0.8323497810559737
50.00000000000001        0.8321386152086209
