20                       0.4308733992367466
20.02                    0.430741054806292
20.04                    0.43060865781175406
20.06                    0.43047620916650997
20.080000000000002       0.43034370969023267
20.1                     0.4302111601055754
20.119999999999997       0.4300785610344821
20.14                    0.4299459129949381
20.16                    0.4298132163974571
20.18                    0.4296804715417766
20.2                     0.42954767861344134
20.22                    0.4294148376805806
20.240000000000002       0.42928194869064884
20.259999999999998       0.429149011467339
20.279999999999998       0.42901602570735764
20.3                     0.4288829909776263
20.32                    0.4287499067120493
20.34                    0.42861677220871996
20.36                    0.4284835866269468
20.38                    0.4283503489842166
20.4                     0.42821705815328925
20.419999999999998       0.4280837128591193
20.44                    0.42795031167609593
20.46                    0.42781685302492733
20.479999999999997       0.4276833351700155
20.5                     0.42754975621678315
20.52                    0.4274161141092897
20.540000000000003       0.42728240662805483
20.56                    0.42714863138805664
20.58                    0.4270147858370405
20.6                     0.42688086725396945
20.619999999999997       0.42674687274766493
20.64                    0.4266127992556565
20.66                    0.4264786435432055
20.68                    0.42634440220235803
20.7                     0.4262100716513749
20.72                    0.42607564813493054
20.740000000000002       0.4259411277294371
20.76                    0.425806506398242
20.779999999999998       0.4256717771368711
20.8                     0.4255369424025673
20.82                    0.4254019913720562
20.84                    0.42526692099257524
20.86                    0.4251317265525849
20.88                    0.42499640213476453
20.900000000000002       0.42486094304113264
20.919999999999998       0.4247253439412924
20.939999999999998       0.42458959913510264
20.96                    0.4244537028236689
20.98                    0.42431764907511255
21                       0.4241814318662472
21.02                    0.424045045237042
21.04                    0.42390848398392317
21.06                    0.4237717440515037
21.08                    0.4236347911266723
21.1                     0.42349765585759447
21.12                    0.4233603187329194
21.139999999999997       0.4232227706364527
21.16                    0.423085004272473
21.18                    0.42294701228953435
21.2                     0.42280878720666215
21.22                    0.42267032142193905
21.24                    0.42253160722330513
21.26                    0.4223926367974155
21.28                    0.42225340223730823
21.299999999999997       0.4221138955502402
21.32                    0.42197410866663165
21.34                    0.42183403344913817
21.36                    0.42169366169996947
21.38                    0.4215529851675444
21.4                     0.4214119955540188
21.42                    0.42127068452388655
21.439999999999998       0.42112904371265525
21.46                    0.4209870647357113
21.48                    0.4208447391972585
21.5                     0.4207020586993739
21.52                    0.42055901485109687
21.54                    0.42041559927789324
21.560000000000002       0.4202718036308311
21.58                    0.42012761959624484
21.599999999999998       0.4199830389052906
21.62                    0.4198380533434765
21.64                    0.4196926547601734
21.66                    0.4195468350781896
21.68                    0.41940058630356025
21.7                     0.4192539005353479
21.720000000000002       0.419106769975558
21.74                    0.4189591869390331
21.759999999999998       0.4188111438631172
21.78                    0.4186626333170764
21.799999999999997       0.4185136480114915
21.82                    0.41836418080741106
21.84                    0.4182142247253489
21.86                    0.41806377295410707
21.88                    0.41791281885940046
21.9                     0.41776135599231107
21.92                    0.4176093780972751
21.94                    0.41745687911996276
21.959999999999997       0.4173038532146986
21.98                    0.4171502947517073
22                       0.4169961983237321
22.02                    0.4168415587524905
22.04                    0.4166863710946141
22.06                    0.41653063064705903
22.080000000000002       0.41637433295214393
22.099999999999998       0.41621747380199453
22.119999999999997       0.41606004924250256
22.14                    0.4159020555765792
22.16                    0.4157434893669816
22.18                    0.4155843474381985
22.2                     0.41542462687794157
22.22                    0.41526432503784555
22.24                    0.41510343953335704
22.259999999999998       0.41494196824311474
22.28                    0.4147799093074301
22.3                     0.4146172611262048
22.319999999999997       0.4144540223558913
22.34                    0.4142901919060137
22.36                    0.41412576893436903
22.380000000000003       0.41396075284206746
22.4                     0.41379514326717837
22.419999999999998       0.413628940077918
22.44                    0.41346214336478326
22.46                    0.41329475343175653
22.48                    0.4131267707869132
22.5                     0.4129581961320495
22.52                    0.4127890303511464
22.54                    0.4126192744984088
22.56                    0.41244892978516245
22.580000000000002       0.4122779975658064
22.6                     0.4121064793228748
22.619999999999997       0.4119343766512931
22.64                    0.41176169124138834
22.66                    0.4115884248611473
22.68                    0.41141457933768855
22.7                     0.4112401565379982
22.72                    0.41106515834909735
22.740000000000002       0.41088958665795833
22.759999999999998       0.4107134433308065
22.779999999999998       0.4105367301920912
22.8                     0.4103594490023232
22.82                    0.4101816014357317
22.84                    0.41000318905672717
22.86                    0.4098242132957535
22.88                    0.40964467542495026
22.900000000000002       0.40946457653300844
22.919999999999998       0.40928391749983234
22.94                    0.40910269897111823
22.96                    0.40892092133246877
22.98                    0.4087385846837767
23                       0.40855568881307364
23.02                    0.4083722331710061
23.04                    0.4081882168447693
23.06                    0.4080036385327846
23.08                    0.407818496519332
23.1                     0.40763278864970476
23.12                    0.4074465123059239
23.139999999999997       0.4072596643827333
23.16                    0.4070722412643118
23.18                    0.40688423880116187
23.2                     0.40669565228781773
23.22                    0.40650647644141064
23.24                    0.4063167053815557
23.26                    0.4061263326113095
23.279999999999998       0.4059353509994029
23.3                     0.4057437527638236
23.32                    0.40555152945662387
23.34                    0.4053586719501339
23.36                    0.40516517042486483
23.38                    0.4049710143590057
23.400000000000002       0.4047761925199941
23.419999999999998       0.4045806929579029
23.439999999999998       0.40438450300186723
23.46                    0.40418760925856545
23.48                    0.4039899976118841
23.5                     0.4037916532204148
23.52                    0.4035925605141924
23.54                    0.40339270320063836
23.560000000000002       0.4031920642816904
23.58                    0.4029906260713687
23.6                     0.40278837021064356
23.62                    0.4025852776847095
23.64                    0.4023813288484118
23.66                    0.40217650346875
23.68                    0.4019707808204442
23.700000000000003       0.40176414003912037
23.72                    0.40155656213814134
23.74                    0.4013480131340874
23.759999999999998       0.4011384730651703
23.78                    0.400927928668674
23.8                     0.4007163510134833
23.82                    0.40050371559169734
23.84                    0.4002899978412049
23.86                    0.40007517299891293
23.88                    0.3998592161297796
23.9                     0.3996421021442964
23.92                    0.3994238056988888
23.939999999999998       0.3992043014459261
23.959999999999997       0.3989835668911376
23.98                    0.3987615743325969
24                       0.39853829926507056
24.02                    0.39831371473485827
24.04                    0.3980878101238764
24.06                    0.39786054218181566
24.080000000000002       0.3976318974834643
24.099999999999998       0.39740185224450275
24.12                    0.3971703841391668
24.14                    0.3969374716418105
24.16                    0.3967030940336803
24.18                    0.3964672314663903
24.2                     0.39622986503672036
24.220000000000002       0.3959909768644895
24.24                    0.39575055017147914
24.259999999999998       0.3955085693601694
24.28                    0.39526502009193343
24.3                     0.39501988936433396
24.32                    0.39477316558693326
24.34                    0.3945248386554876
24.36                    0.39427490002419097
24.38                    0.394023342775345
24.4                     0.39377016168653645
24.42                    0.39351535329460824
24.44                    0.39325891595640017
24.459999999999997       0.39300084990553796
24.48                    0.39274115730528353
24.5                     0.3924798422968344
24.520000000000003       0.39221691104286516
24.54                    0.3919523717659751
24.56                    0.3916862347814388
24.580000000000002       0.3914185125244413
24.6                     0.3911492195708292
24.62                    0.3908783726516223
24.64                    0.39060599066062435
24.66                    0.39033209465483204
24.68                    0.3900567078476458
24.7                     0.38977985559421596
24.720000000000002       0.3895015653688943
24.740000000000002       0.38922186673443726
24.759999999999998       0.3889407913028924
24.779999999999998       0.38865837268758463
24.8                     0.3883746464465836
24.82                    0.3880896500168614
24.84                    0.3878034226395116
24.86                    0.3875160052755909
24.88                    0.3872274405127531
24.9                     0.38693777246239425
24.919999999999998       0.38664704664746086
24.94                    0.38635530988092043
24.96                    0.3860626101348785
24.979999999999997       0.3857689964005249
25                       0.38547451853907927
25.02                    0.38517922712369734
25.040000000000003       0.38488317327303745
25.06                    0.3845864084761119
25.08                    0.38428898440941683
25.1                     0.3839909527462254
25.119999999999997       0.38369236495862635
25.14                    0.3833932721130608
25.16                    0.3830937246591699
25.18                    0.38279377221346444
25.2                     0.38249346333758866
25.22                    0.3821928453124838
25.240000000000002       0.3818919639088393
25.26                    0.38159086315465607
25.279999999999998       0.38128958510096544
25.3                     0.38098816958636844
25.32                    0.38068665400131024
25.34                    0.38038507305339897
25.36                    0.3800834585343189
25.38                    0.379781839089883
25.400000000000002       0.37948023999387087
25.419999999999998       0.3791786829272726
25.44                    0.37887718576372653
25.46                    0.3785757623625091
25.48                    0.37827442237049486
25.5                     0.37797317103394845
25.52                    0.37767200902182924
25.540000000000003       0.37737093226166357
25.56                    0.3770699317893037
25.58                    0.3767689936139487
25.6                     0.37646809859966
25.62                    0.37616722236458616
25.64                    0.37586633519930507
25.66                    0.3755654020052453
25.68                    0.3752643822544684
25.7                     0.3749632299720526
25.72                    0.37466189374182984
25.740000000000002       0.3743603167366965
25.76                    0.37405843677444045
25.78                    0.3737561863998809
25.799999999999997       0.37345349299406094
25.82                    0.37315027891126
25.84                    0.37284646164465546
25.86                    0.3725419540205959
25.88                    0.3722366644226225
25.9                     0.37193049704487857
25.92                    0.37162335217546333
25.939999999999998       0.3713151265097941
25.96                    0.37100571349393086
25.98                    0.37069500369774144
26                       0.3703828852173601
26.02                    0.37006924410568204
26.04                    0.3697539648221073
26.060000000000002       0.3694369304913226
26.08                    0.36911802496700175
26.099999999999998       0.36879712951655574
26.12                    0.3684741278611856
26.14                    0.36814890404678585
26.16                    0.36782134294308083
26.18                    0.36749133231133696
26.2                     0.3671587635825492
26.220000000000002       0.36682353055892
26.24                    0.3664855316023544
26.26                    0.36614466991919686
26.28                    0.3658008541400401
26.299999999999997       0.3654539989413829
26.32                    0.36510402563483546
26.34                    0.36475086224936537
26.360000000000003       0.36439443638929464
26.38                    0.36403471266160553
26.4                     0.3636716440433149
26.42                    0.363305182597632
26.44                    0.36293530639321486
26.46                    0.3625620017718819
26.48                    0.362185265954409
26.5                     0.36180510788501363
26.52                    0.36142154874349397
26.54                    0.3610346223521212
26.560000000000002       0.36064437551769934
26.580000000000002       0.36025086831559655
26.599999999999998       0.35985417431400535
26.619999999999997       0.3594543807345799
26.64                    0.3590515885491297
26.660000000000004       0.35864591251397826
26.68                    0.35823748113573867
26.7                     0.35782643656000584
26.72                    0.35741293438036426
26.74                    0.35699714336682975
26.759999999999998       0.35657924511196826
26.78                    0.35615943359210234
26.8                     0.3557379146415989
26.819999999999997       0.3553149053381639
26.84                    0.3548906332978281
26.86                    0.3544653358790166
26.880000000000003       0.35403925929485147
26.9                     0.35361265763413524
26.919999999999998       0.3531857917913866
26.94                    0.3527589283072915
26.96                    0.3523323381212087
26.98                    0.35190629523796274
27                       0.3514810753120505
27.02                    0.35105695415277954
27.04                    0.35063420615478824
27.06                    0.35021310265956185
27.080000000000002       0.34979391025395323
27.1                     0.34937688901220537
27.119999999999997       0.34896229068953727
27.14                    0.34855035687506547
27.16                    0.3481413171137754
27.18                    0.34773538700729534
27.2                     0.34733276630450305
27.22                    0.34693363699350577
27.240000000000002       0.3465381614074788
27.259999999999998       0.3461464803576005
27.28                    0.3457587113066994
27.3                     0.34537494659819323
27.32                    0.34499525175515666
27.339999999999996       0.3446196638652184
27.36                    0.3442481900666572
27.380000000000003       0.34388080615226174
27.400000000000002       0.34351745530689487
27.419999999999998       0.3431580469949959
27.439999999999998       0.3428024560144246
27.46                    0.342450521732392
27.48                    0.3421020475186709
27.5                     0.34175680039196893
27.52                    0.3414145108922749
27.54                    0.34107487319384444
27.56                    0.3407375454699741
27.580000000000002       0.34040215052114725
27.6                     0.3400682766760665
27.62                    0.3397354789730382
27.639999999999997       0.3394032806288501
27.66                    0.3390711747982888
27.680000000000003       0.3387386266278816
27.7                     0.338405075602947
27.72                    0.3380699381862451
27.74                    0.3377326107439223
27.76                    0.33739247275116996
27.78                    0.3370488902687588
27.8                     0.33670121967782923
27.82                    0.3363488116584087
27.84                    0.3359910153950837
27.86                    0.3356271829888421
27.880000000000003       0.3352566740540938
27.900000000000002       0.3348788604752765
27.919999999999998       0.3344931312965446
27.939999999999998       0.3340988977149835
27.96                    0.3336955981464272
27.98                    0.33328270332982457
28                       0.33285972143560505
28.02                    0.3324262031410904
28.04                    0.33198174663423285
28.060000000000002       0.33152600250629644
28.08                    0.3310586784922297
28.1                     0.3305795440175344
28.12                    0.33008843450842273
28.14                    0.32958525542290257
28.16                    0.3290699859591191
28.18                    0.3285426823976632
28.200000000000003       0.3280034810341993
28.22                    0.3274526006589247
28.24                    0.32689034454010196
28.259999999999998       0.32631710186910706
28.28                    0.32573334862557807
28.3                     0.32513964782239196
28.32                    0.3245366490916171
28.34                    0.32392508757405497
28.36                    0.3233057820776832
28.38                    0.32267963247183234
28.400000000000002       0.3220476162879176
28.42                    0.32141078449963273
28.439999999999998       0.3207702564606388
28.459999999999997       0.32012721398124727
28.48                    0.3194828945308819
28.500000000000004       0.31883858355879446
28.52                    0.318195605931689
28.54                    0.3175553164956252
28.56                    0.31691908977779215
28.580000000000002       0.31628830885502485
28.6                     0.3156643534249615
28.62                    0.3150485871251071
28.64                    0.3144423441574667
28.66                    0.31384691528929
28.679999999999996       0.31326353331540446
28.700000000000003       0.3126933580833154
28.720000000000002       0.3121374611969181
28.74                    0.3115968105309799
28.759999999999998       0.311072254703788
28.780000000000005       0.31056450767152993
28.8                     0.3100741336228758
28.82                    0.3096015323679355
28.84                    0.30914692542722083
28.86                    0.30871034303890016
28.88                    0.30829161230641594
28.900000000000002       0.3078903467118703
28.92                    0.30750593723506364
28.94                    0.30713754534144544
28.959999999999997       0.3067840980861734
28.980000000000004       0.3064442855273774
29.000000000000004       0.3061165606379459
29.020000000000003       0.3057991419215376
29.04                    0.3054900189151191
29.06                    0.305186960722749
29.08                    0.3048875276902223
29.099999999999998       0.3045890863012067
29.12                    0.30428882733252893
29.14                    0.3039837856377823
29.16                    0.30367085025944707
29.179999999999996       0.3033468576014863
29.200000000000003       0.30300852394132705
29.220000000000002       0.3026525416739731
29.240000000000002       0.3022755983109683
29.259999999999998       0.3018744148354665
29.279999999999998       0.30144578558363294
29.299999999999997       0.3009866183773431
29.32                    0.30049397572574754
29.34                    0.29996511648080804
29.36                    0.299397538884097
29.38                    0.29878902993857537
29.400000000000002       0.2981376714395084
29.42                    0.2974419248339534
29.44                    0.29670064356084586
29.46                    0.29591312798171965
29.479999999999997       0.2950790638596117
29.499999999999996       0.29419873985317724
29.520000000000003       0.2932728803260422
29.54                    0.2923027607791072
29.56                    0.2912902028830135
29.58                    0.2902375837071695
29.600000000000005       0.2891478392358086
29.62                    0.2880244617814227
29.64                    0.28687149089061464
29.66                    0.28569349733746563
29.68                    0.2844955598004681
29.699999999999996       0.28328323381999465
29.720000000000002       0.2820625126389264
29.740000000000002       0.28083977953936945
29.76                    0.27962175130877104
29.779999999999998       0.27841541250563706
29.800000000000004       0.27722794024733266
29.820000000000004       0.2760666193257804
29.84                    0.2749387475654392
29.86                    0.2738515314903158
29.88                    0.27281197255836526
29.9                     0.2718267444655083
29.919999999999995       0.2709020623176304
29.94                    0.2700435448218259
29.96                    0.26925607105557203
29.98                    0.2685436338332888
30.000000000000004       0.26790919219137854
30.020000000000003       0.2673545260461224
30.040000000000003       0.2668800966196522
30.06                    0.2664849167551842
30.08                    0.26616643571701726
30.099999999999998       0.26592044346052957
30.119999999999997       0.26574099961414843
30.14                    0.26562039249927283
30.16                    0.2655491333795257
30.18                    0.2655159907403238
30.2                     0.2655080687239023
30.220000000000002       0.2655109328728814
30.240000000000002       0.2655087850677929
30.26                    0.26548468801268
30.28                    0.2654208378782859
30.299999999999997       0.26529888183122174
30.319999999999997       0.2651002752588959
30.340000000000003       0.26480667165676736
30.36                    0.2644003364976274
30.38                    0.26386457507021294
30.4                     0.2631841633576639
30.42                    0.26234577060297415
30.44                    0.26133836231746077
30.46                    0.26015357313060383
30.48                    0.25878604000517613
30.5                     0.25723368786686696
30.519999999999996       0.2554979614893154
30.540000000000003       0.2535839993899134
30.560000000000002       0.25150074735123773
30.58                    0.24926101082220936
30.599999999999998       0.2468814467071895
30.620000000000005       0.24438249577577342
30.640000000000004       0.24178825700287263
30.66                    0.23912630449186142
30.68                    0.23642744618904232
30.7                     0.2337254213565894
30.72                    0.23105653075774932
30.740000000000002       0.22845918982380745
30.76                    0.225973390873381
30.78                    0.22364005602980136
30.799999999999997       0.22150025825933867
30.820000000000004       0.21959428458970048
30.840000000000003       0.2179605139956073
30.860000000000003       0.21663408394241762
30.88                    0.21564532582752033
30.9                     0.21501796256137473
30.919999999999998       0.2147670834781024
30.939999999999998       0.21489694463555456
30.96                    0.21539868745679003
30.98                    0.21624812479122638
31                       0.21740380688553312
31.020000000000003       0.21880564207523717
31.040000000000003       0.2203743946659179
31.060000000000002       0.22201239727674618
31.080000000000002       0.2236057768109454
31.099999999999998       0.22502838574570913
31.119999999999997       0.22614744840837556
31.139999999999997       0.22683068914123156
31.160000000000004       0.2269544427569029
31.18                    0.2264120142768846
31.2                     0.22512141840629651
31.22                    0.22303164016584281
31.240000000000002       0.22012673395367113
31.26                    0.2164273923256248
31.28                    0.2119900021876603
31.3                     0.20690358028338773
31.319999999999997       0.20128526552810705
31.339999999999996       0.19527519720217612
31.360000000000003       0.18903161892734868
31.380000000000003       0.18272694490024857
31.4                     0.1765453478613295
31.419999999999998       0.17068221090989716
31.440000000000005       0.16534553027161988
31.46                    0.160759011417242
31.48                    0.15716602667433255
31.5                     0.1548325232449728
31.52                    0.1540449238843253
31.54                    0.1550954304891861
31.560000000000002       0.15824157069478995
31.580000000000002       0.16362081502467868
31.6                     0.17110189158507397
31.619999999999997       0.18008038855423944
31.640000000000004       0.1893014767398984
31.660000000000004       0.19690203217150049
31.68                    0.20087164198919286
31.7                     0.1998481328096024
31.72                    0.19373495716292355
31.74                    0.18364336221436084
31.76                    0.17125802962603778
31.78                    0.15816132604469174
31.8                     0.1454822128479751
31.82                    0.13386786448402657
31.840000000000003       0.12363001337037623
31.860000000000003       0.11502608973691342
31.880000000000003       0.10923092590783294
31.900000000000002       0.11628727002402184
31.919999999999998       0.2097250617631943
31.939999999999998       0.16310819447237665
31.959999999999997       0.127679995085652
31.98                    0.1154484852484654
32                       0.10995448512471549
32.019999999999996       0.10736520735119523
32.04                    0.10642815174070706
32.06                    0.10661102912047961
32.080000000000005       0.10764112963745731
32.1                     0.10935804399401515
32.12                    0.11165703947754295
32.14                    0.11446406314570619
32.16                    0.11772344697853429
32.18                    0.12139130903723735
32.2                     0.1254317477608702
32.22                    0.1298145117024258
32.239999999999995       0.13451349937057275
32.260000000000005       0.13950575205804033
32.28                    0.14477075344504525
32.300000000000004       0.15028992797576415
32.32                    0.15604627261235657
32.339999999999996       0.16202408083627315
32.36                    0.16820873214004303
32.38                    0.17458652907503236
32.4                     0.18114456950618807
32.42                    0.1878706453748796
32.44                    0.1947531617040544
32.46                    0.20178107125376238
32.480000000000004       0.2089438214047166
32.5                     0.2162313106785452
32.52                    0.22363385291162918
32.54                    0.23114214754596527
32.559999999999995       0.23874725482872644
32.580000000000005       0.24644057497473384
32.6                     0.2542138305300128
32.62                    0.26205905133004265
32.64                    0.26996856156354615
32.660000000000004       0.27793496854368765
32.68                    0.2859511528639782
32.7                     0.29401025967557837
32.72                    0.30210569086946454
32.74                    0.31023109798837745
32.76                    0.31838037572012856
32.779999999999994       0.32654765585755263
32.800000000000004       0.33472730162393804
32.82                    0.34291390228639906
32.839999999999996       0.3511022679921036
32.86000000000001        0.35928742477465825
32.88                    0.367464609688398
32.9                     0.375629266038131
32.92                    0.3837770386764987
32.94                    0.3919037693495801
32.96                    0.40000549207524494
32.98                    0.4080784285430085
33                       0.4161189835274004
33.02                    0.42412374030993966
33.04                    0.43208945610795174
33.059999999999995       0.44001305750804565
33.080000000000005       0.4478916359072756
33.1                     0.45572244296103437
33.12                    0.4635028860443092
33.14                    0.4712305237269403
33.16                    0.47890306126927207
33.18                    0.4865183461415134
33.2                     0.4940743635720187
33.22                    0.5015692321308183
33.24                    0.5090011993503697
33.26                    0.516368637392775
33.28                    0.5236700387633723
33.300000000000004       0.5309040120806704
33.32                    0.538069277901791
33.34                    0.5451646646115588
33.36                    0.5521891043777163
33.379999999999995       0.5591416291748078
33.400000000000006       0.5660213668819902
33.42                    0.5728275374560058
33.44                    0.5795594491833788
33.46                    0.5862164950130458
33.480000000000004       0.5927981489716918
33.5                     0.5993039626646923
33.52                    0.6057335618616474
33.54                    0.6120866431703624
33.56                    0.6183629707982999
33.58                    0.6245623734021847
33.6                     0.6306847410276626
33.620000000000005       0.6367300221368951
33.64                    0.6426982207259434
33.66                    0.6485893935302042
33.68000000000001        0.6544036473187482
33.7                     0.6601411362754335
33.72                    0.6658020594680059
33.74                    0.6713866584021486
33.76                    0.6768952146609576
33.78                    0.682328047627116
33.8                     0.6876855122879748
33.82                    0.6929679971204558
33.84                    0.698175922055323
33.86                    0.7033097365179696
33.88                    0.7083699175461289
33.900000000000006       0.7133569679806907
33.92                    0.7182714147295174
33.94                    0.7231138071013593
33.96                    0.7278847152090018
33.98                    0.7325847284391811
34                       0.7372144539874642
34.02                    0.7417745154567069
34.04                    0.7462655515164954
34.06                    0.7506882146219408
34.08                    0.7550431697911687
34.1                     0.7593310934368804
34.120000000000005       0.7635526722534779
34.14                    0.7677086021551275
34.16                    0.7717995872648433
34.18                    0.775826338951791
34.199999999999996       0.7797895749149881
34.220000000000006       0.7836900183129374
34.24                    0.7875283969361762
34.26                    0.7913054424225993
34.28                    0.7950218895129145
34.300000000000004       0.7986784753454081
34.32                    0.802275938787275
34.34                    0.8058150198022032
34.36                    0.8092964588511053
34.379999999999995       0.8127209963269328
34.4                     0.8160893720200759
34.419999999999995       0.8194023246147525
34.440000000000005       0.8226605912138462
34.46                    0.8258649068922461
34.480000000000004       0.8290160042763374
34.50000000000001        0.8321146131489933
34.52                    0.8351614600798586
34.54                    0.8381572680782569
34.56                    0.8411027562687062
34.58                    0.84399863958614
34.6                     0.8468456284869201
34.62                    0.8496444286763768
34.64                    0.8523957408599752
34.660000000000004       0.8551002605226418
34.68                    0.8577586777262686
34.7                     0.8603716769147325
34.720000000000006       0.8629399367281134
34.74                    0.8654641298309401
34.76                    0.8679449227558604
34.78                    0.8703829757597189
34.8                     0.8727789426901824
34.82                    0.875133470858729
34.84                    0.877447200915245
34.86                    0.8797207667240619
34.88                    0.8819547952357352
34.900000000000006       0.8841499073292333
34.92                    0.8863067175208743
34.940000000000005       0.8884258324208965
34.96                    0.8905078504035606
34.98                    0.8925533632313272
35                       0.8945629559898537
35.019999999999996       0.8965372066713322
35.04                    0.8984766859958355
35.06                    0.9003819572010913
35.08                    0.9022535752070064
35.1                     0.9040920866694152
35.120000000000005       0.9058980553217213
35.14                    0.9076719947236047
35.160000000000004       0.9094144326700971
35.18                    0.9111258922649682
35.199999999999996       0.9128068787529219
35.22                    0.9144579314789175
35.239999999999995       0.9160795096542566
35.26                    0.9176721218112817
35.28                    0.9192362519563413
35.300000000000004       0.9207723777153765
35.32000000000001        0.9222809698112359
35.34                    0.9237624920354597
35.36                    0.9252174012739123
35.38                    0.9266461475452074
35.4                     0.9280491740438932
35.419999999999995       0.9294269171870392
35.44                    0.930779806662528
35.46                    0.9321082654795151
35.48                    0.933412710020378
35.5                     0.9346935500939951
35.52                    0.9359511889906099
35.540000000000006       0.937186023537629
35.56                    0.9383984441567229
35.58                    0.9395888349217866
35.6                     0.940757573617995
35.62                    0.9419050318014875
35.63999999999999        0.9430315748601117
35.660000000000004       0.9441375620745646
35.68                    0.9452233466804244
35.7                     0.9462892759305571
35.720000000000006       0.9473356911582551
35.74                    0.9483629278405289
35.760000000000005       0.9493713156621562
35.78                    0.950361178579871
35.8                     0.9513328348868657
35.82                    0.9522865972776626
35.839999999999996       0.9532227729132066
35.86                    0.9541416634859763
35.88                    0.9550435652856135
35.9                     0.9559287692642274
35.92                    0.9567975611021817
35.940000000000005       0.957650221273782
35.96                    0.9584870251129232
35.980000000000004       0.9593082428789776
36                       0.9601141398224329
36.019999999999996       0.9609049762506797
36.04                    0.9616810075936952
36.059999999999995       0.9624424844695901
36.08                    0.9631896527501558
36.1                     0.9639227536263283
36.120000000000005       0.9646420236733845
36.14                    0.96534769491616
36.160000000000004       0.9660399948940471
36.18                    0.9667191467258353
36.2                     0.967385369174358
36.22                    0.9680388767109863
36.239999999999995       0.9686798795799223
36.26                    0.9693085838621875
36.28                    0.9699251915395621
36.3                     0.970529900558108
36.32000000000001        0.9711229048916016
36.34                    0.9717043946045696
36.36                    0.9722745559152048
36.38                    0.9728335712579259
36.4                     0.9733816193456871
36.42                    0.9739188752319916
36.44                    0.9744455103726225
36.459999999999994       0.9749616926870726
36.480000000000004       0.9754675866196668
36.5                     0.9759633532003846
36.519999999999996       0.9764491501053149
36.540000000000006       0.9769251317168379
36.56                    0.9773914491834625
36.580000000000005       0.9778482504792796
36.6                     0.9782956804630826
36.62                    0.9787338809372143
36.64                    0.9791629907058905
36.66                    0.9795831456333002
36.68                    0.9799944787012679
36.7                     0.9803971200664865
36.72                    0.9807911971174362
36.74                    0.9811768345308509
36.760000000000005       0.9815541543277857
36.78                    0.9819232759292578
36.800000000000004       0.9822843162115028
36.82                    0.9826373895607375
36.839999999999996       0.9829826079275659
36.86                    0.9833200808809194
36.88                    0.9836499156615653
36.9                     0.9839722172352214
36.92                    0.984287088345217
36.940000000000005       0.9845946295648071
36.96                    0.9848949393490214
36.980000000000004       0.9851881140861154
37                       0.9854742481486432
37.02                    0.9857534339440646
37.04                    0.9860257619648786
37.059999999999995       0.9862913208383237
37.08                    0.9865501973754857
37.1                     0.9868024766198535
37.12                    0.9870482418953221
37.14000000000001        0.9872875748535099
37.160000000000004       0.987520555520519
37.18                    0.9877472623430152
37.2                     0.9879677722337302
37.22                    0.9881821606163621
37.24                    0.9883905014698838
37.26                    0.9885928673723157
37.279999999999994       0.9887893295439582
37.300000000000004       0.9889799578900755
37.32                    0.9891648210430956
37.34                    0.9893439864042691
37.36000000000001        0.9895175201848427
37.38                    0.9896854874466778
37.4                     0.989847952142297
37.42                    0.9900049771543685
37.44                    0.9901566243348997
37.46                    0.9903029545476186
37.48                    0.9904440277587199
37.5                     0.9905799014869492
37.52                    0.9907106370429446
37.54                    0.9908362889188176
37.56                    0.9909569139770628
37.580000000000005       0.9910725673553048
37.6                     0.991183303835108
37.62                    0.9912891807146726
37.64                    0.991390247949759
37.66                    0.9914865588292406
37.68                    0.9915781658642225
37.7                     0.9916651207419476
37.72                    0.9917474745141563
37.74                    0.9918252776573955
37.760000000000005       0.9918985801130392
37.78                    0.9919674313415104
37.800000000000004       0.992031880460917
37.82                    0.9920919770723106
37.84                    0.9921477735552277
37.86                    0.9921993032801197
37.879999999999995       0.9922466237762277
37.9                     0.9922897818884713
37.92                    0.9923288236897212
37.94                    0.9923637954084702
37.96000000000001        0.9923947431058107
37.980000000000004       0.9924217126145171
38                       0.992444749534752
38.02                    0.9924638992441981
38.04                    0.9924792069129894
38.06                    0.9924907175209905
38.08                    0.9924984758757301
38.099999999999994       0.9925025266267383
38.120000000000005       0.9925029142708715
38.14                    0.9924996831519975
38.160000000000004       0.9924928774690362
38.18000000000001        0.9924825412965024
38.2                     0.9924687186056383
38.22                    0.9924514532778831
38.24                    0.992430789112682
38.26                    0.9924067698335903
38.28                    0.9923794390943355
38.3                     0.9923488404849348
38.32                    0.9923150175376134
38.34                    0.9922780137322605
38.36                    0.9922378725013252
38.38                    0.99219463723408
38.400000000000006       0.9921483512802435
38.42                    0.9920990579529515
38.44                    0.9920468005310354
38.46                    0.9919916222605626
38.48                    0.99193356635552
38.5                     0.9918726759975837
38.52                    0.9918089943350086
38.54                    0.9917425644808813
38.56                    0.9916734295110637
38.580000000000005       0.9916016324620346
38.6                     0.9915272163285495
38.620000000000005       0.9914502240608216
38.64                    0.9913706985609284
38.66                    0.9912886826783894
38.68                    0.9912042192049643
38.699999999999996       0.9911173508687992
38.72                    0.9910281203280251
38.74                    0.9909365701638778
38.76                    0.9908427428733584
38.78000000000001        0.9907466808614435
38.800000000000004       0.9906484264328561
38.82                    0.9905480217834353
38.84                    0.9904455089910379
38.86                    0.9903409300060707
38.879999999999995       0.9902343266415868
38.9                     0.9901257405630295
38.919999999999995       0.9900152132775685
38.940000000000005       0.9899027861230728
38.96                    0.9897885002567489
38.980000000000004       0.9896723966433966
39.00000000000001        0.9895545160433538
39.02                    0.9894348990001227
39.04                    0.9893135858276974
39.06                    0.9891906165976224
39.08                    0.98906603112583
39.099999999999994       0.9889398689592567
39.12                    0.9888121693622944
39.14                    0.9886829713030896
39.160000000000004       0.9885523134396985
39.18000000000001        0.9884202341061263
39.2                     0.9882867712982456
39.220000000000006       0.9881519626596732
39.24                    0.9880158454675164
39.26                    0.9878784566180848
39.28                    0.9877398326125478
39.3                     0.9876000095425557
39.32                    0.9874590230758196
39.34                    0.9873169084416875
39.36                    0.9871737004167437
39.38                    0.9870294333104042
39.400000000000006       0.9868841409505639
39.42                    0.9867378566693445
39.440000000000005       0.9865906132888784
39.46                    0.9864424431072332
39.48                    0.9862933778844633
39.5                     0.9861434488288087
39.519999999999996       0.9859926865830398
39.54                    0.9858411212110363
39.56                    0.9856887821845398
39.58                    0.9855356983701512
39.6                     0.985381898016612
39.620000000000005       0.9852274087423301
39.64                    0.9850722575232739
39.660000000000004       0.9849164706812068
39.68                    0.9847600738722899
39.699999999999996       0.9846030920760734
39.72                    0.9844455495849117
39.74                    0.9842874699936903
39.76                    0.9841288761898891
39.78                    0.9839697903438824
39.800000000000004       0.9838102338994898
39.82000000000001        0.9836502275647506
39.84                    0.9834897913030326
39.86                    0.9833289443245575
39.88                    0.9831677050784372
39.9                     0.9830060912452995
39.919999999999995       0.9828441197305609
39.94                    0.9826818066583339
39.96                    0.9825191673658897
39.98                    0.9823562163987586
40.00000000000001        0.9821929675063416
40.02                    0.9820294336380959
40.040000000000006       0.9818656269402424
40.06                    0.9817015587530272
40.08                    0.9815372396085995
40.1                     0.9813726792294211
40.12                    0.9812078865273144
40.13999999999999        0.9810428696031086
40.160000000000004       0.9808776357468566
40.18                    0.9807121914385588
40.2                     0.9805465423492681
40.220000000000006       0.9803806933424353
40.24                    0.980214648475209
40.260000000000005       0.9800484109997821
40.28                    0.9798819833649938
40.3                     0.9797153672190646
40.32                    0.9795485634146088
40.339999999999996       0.979381572016443
40.36                    0.9792143923116075
40.38                    0.9790470228200141
40.4                     0.9788794613040988
40.42                    0.9787117047770373
40.440000000000005       0.978543749510134
40.46                    0.9783755910403273
40.480000000000004       0.9782072241784463
40.5                     0.9780386430185698
40.519999999999996       0.9778698409483604
40.54                    0.9777008106601963
40.56                    0.9775315441630057
40.58                    0.9773620327947297
40.6                     0.9771922672356262
40.620000000000005       0.9770222375232338
40.64                    0.9768519330708209
40.660000000000004       0.9766813426930037
40.68                    0.976510454643387
40.7                     0.9763392566643337
40.72                    0.9761677360287108
40.739999999999995       0.9759958795247974
40.76                    0.9758236733600636
40.78                    0.9756511030711114
40.8                     0.9754781535609542
40.82000000000001        0.975304809232759
40.84                    0.975131054096758
40.86                    0.9749568718075506
40.88                    0.9747822456651781
40.9                     0.9746071586132736
40.92                    0.9744315932450552
40.94                    0.974255531816346
40.959999999999994       0.9740789562620183
40.980000000000004       0.9739018482128108
41                       0.973724189012621
41.02                    0.9735459597669136
41.040000000000006       0.9733671414614078
41.06                    0.9731877149796783
41.080000000000005       0.9730076614209971
41.1                     0.9728269610710479
41.12                    0.9726455937780805
41.14                    0.9724635395710818
41.16                    0.9722807785831912
41.18                    0.9720972909234072
41.2                     0.9719130566499241
41.22                    0.9717280557526751
41.24                    0.9715422680284689
41.260000000000005       0.9713556725268537
41.28                    0.9711682510818063
41.300000000000004       0.9709799924043703
41.32                    0.9707908649734113
41.339999999999996       0.9706008518081375
41.36                    0.9704099346301123
41.38                    0.970218092157894
41.4                     0.9700253195797598
41.42                    0.9698315785435064
41.440000000000005       0.9696368612954505
41.46                    0.9694411490338315
41.480000000000004       0.9692444241876734
41.5                     0.9690466696586184
41.52                    0.9688478687702726
41.54                    0.9686480052767683
41.559999999999995       0.9684470633823774
41.580000000000005       0.9682450277638521
41.6                     0.9680418835935134
41.62                    0.9678376165623569
41.64000000000001        0.9676322129030068
41.660000000000004       0.9674256594123882
41.68                    0.967217943473943
41.7                     0.9670090530795228
41.72                    0.9667989768507572
41.74                    0.9665877040599968
41.76                    0.9663752246507176
41.779999999999994       0.9661615292574245
41.800000000000004       0.9659466092249868
41.82                    0.9657304566273981
41.84                    0.9655130642859612
41.86000000000001        0.9652944257868324
41.88                    0.9650745354979361
41.9                     0.9648533885852484
41.92                    0.9646309810283592
41.94                    0.9644073096353558
41.96                    0.9641823720570291
41.98                    0.963956166800288
42                       0.9637286932408657
42.02                    0.9634999516352565
42.040000000000006       0.9632699431318381
42.06                    0.9630386697812714
42.080000000000005       0.9628061345459757
42.1                     0.9625723413089017
42.12                    0.962337294881388
42.14                    0.9621010010101714
42.16                    0.9618634663835516
42.18                    0.9616246986366858
42.2                     0.9613847063559742
42.22                    0.9611434990825404
42.24                    0.9609010873148324
42.260000000000005       0.9606574825103128
42.28                    0.9604126970861686
42.300000000000004       0.9601667444191622
42.32                    0.9599196388444842
42.34                    0.9596713956537224
42.36                    0.9594220310918166
42.379999999999995       0.9591715623531183
42.400000000000006       0.9589200075764683
42.42                    0.9586673858393423
42.44                    0.9584137171509868
42.46000000000001        0.9581590224446791
42.480000000000004       0.9579033235689451
42.5                     0.9576466432778955
42.52                    0.9573890052205479
42.54                    0.9571304339292462
42.56                    0.9568709548071275
42.58                    0.9566105941146011
42.6                     0.9563493789549754
42.620000000000005       0.9560873372590801
42.64                    0.9558244977690268
42.660000000000004       0.9555608900210115
42.68000000000001        0.9552965443272792
42.7                     0.9550314917571127
42.72                    0.9547657641170354
42.74                    0.9544993939300683
42.76                    0.9542324144141857
42.78                    0.9539648594599163
42.8                     0.9536967636071252
42.82                    0.9534281620209539
42.84                    0.9531590904670504
42.86000000000001        0.9528895852859036
42.88                    0.952619683366572
42.900000000000006       0.9523494221195489
42.92                    0.9520788394489736
42.94                    0.9518079737241318
42.96                    0.9515368637503052
42.98                    0.9512655487389515
43                       0.9509940682772539
43.02                    0.9507224622970826
43.04                    0.9504507710433724
43.06000000000001        0.9501790350419456
43.080000000000005       0.949907295066836
43.1                     0.9496355921070495
43.120000000000005       0.9493639673329239
43.14                    0.9490924620620013
43.16                    0.9488211177245207
43.18                    0.9485499758284723
43.199999999999996       0.9482790779243603
43.22                    0.9480084655695455
43.24                    0.9477381802924228
43.26                    0.9474682635562071
43.28000000000001        0.9471987567225789
43.300000000000004       0.9469297010150542
43.32                    0.9466611374822659
43.34                    0.9463931069610375
43.36                    0.9461256500394046
43.379999999999995       0.9458588070195747
43.4                     0.9455926178808125
43.42                    0.9453271222424168
43.440000000000005       0.9450623593266156
43.46                    0.9447983679216736
43.480000000000004       0.944535186344992
43.50000000000001        0.9442728524064611
43.52                    0.944011403371889
43.54                    0.9437508759267037
43.56                    0.9434913061399083
43.58                    0.9432327294282812
43.599999999999994       0.9429751805208969
43.62                    0.9427186934240671
43.64                    0.9424633013865563
43.660000000000004       0.9422090368653439
43.68000000000001        0.9419559314917124
43.7                     0.9417040160380173
43.720000000000006       0.941453320384892
43.74                    0.9412038734891454
43.76                    0.9409557033523815
43.78                    0.9407088369906254
43.8                     0.9404633004054346
43.82                    0.9402191185580823
43.84                    0.9399763153527003
43.86                    0.9397349136597469
43.88                    0.9394949357101275
43.900000000000006       0.9392563874529918
43.92                    0.9390193237986082
43.940000000000005       0.9387837323861389
43.96                    0.9385496380441385
43.98                    0.9383170562601948
44                       0.9380860005732349
44.019999999999996       0.9378564898786287
44.04                    0.9376285322733644
44.06                    0.9374021354519231
44.08                    0.9371773098956252
44.1                     0.9369540635603458
44.120000000000005       0.9367324027660663
44.14                    0.9365123323764459
44.160000000000004       0.9362938558228152
44.18                    0.936076975100042
44.199999999999996       0.9358616907577029
44.22                    0.9356480018957456
44.24                    0.9354359061471849
44.26                    0.9352253995672479
44.28                    0.9350164777263603
44.300000000000004       0.9348091333574283
44.32000000000001        0.9346033576925423
44.34                    0.9343991413251898
44.36                    0.934196473094371
44.38                    0.9339953403217922
44.4                     0.9337957288432656
44.419999999999995       0.9335976230162216
44.440000000000005       0.9334010057252595
44.46                    0.9332058583886456
44.48                    0.9330121609663653
44.50000000000001        0.9328198919706212
44.52                    0.9326290284790207
44.540000000000006       0.9324395461497736
44.56                    0.9322514192356753
44.58                    0.9320646205920705
44.6                     0.9318791216797521
44.62                    0.9316948925740234
44.63999999999999        0.931511901987303
44.660000000000004       0.9313301172995558
44.68                    0.9311495045865001
44.7                     0.9309700286435835
44.720000000000006       0.9307916530083219
44.74                    0.9306143399834844
44.760000000000005       0.930438050662206
44.78                    0.9302627449548434
44.8                     0.9300883816176235
44.82                    0.9299149182827088
44.839999999999996       0.9297423114896732
44.86                    0.929570516718303
44.88                    0.92939948842263
44.900000000000006       0.9292291800662569
44.92                    0.9290595441589137
44.940000000000005       0.9288905322940494
44.96                    0.9287220951876137
44.980000000000004       0.9285541827175637
45                       0.9283867439641307
45.019999999999996       0.9282197272506617
45.04                    0.9280530801851461
45.06                    0.9278867497028195
45.08                    0.9277206821102238
45.1                     0.9275548231307192
45.120000000000005       0.9273891179514931
45.14                    0.9272235112714831
45.160000000000004       0.9270579473499005
45.18                    0.9268923700551875
45.2                     0.926726722914378
45.22                    0.92656094916288
45.239999999999995       0.9263949917948513
45.260000000000005       0.9262287936140308
45.28                    0.9260622972851957
45.3                     0.9258954453860828
45.32000000000001        0.9257281804598165
45.34                    0.9255604450677434
45.36                    0.9253921818426339
45.38                    0.925223333542194
45.4                     0.9250538431028547
45.42                    0.924883653693765
45.44                    0.9247127087709094
45.46                    0.9245409521313537
45.480000000000004       0.9243683279675181
45.5                     0.9241947809214035
45.52                    0.9240202561387536
45.540000000000006       0.9238446993231184
45.56                    0.9236680567896535
45.580000000000005       0.9234902755187546
45.6                     0.9233113032094106
45.62                    0.9231310883322482
45.64                    0.9229495801822393
45.66                    0.9227667289310569
45.68                    0.9225824856790013
45.7                     0.9223968025063759
45.720000000000006       0.9222096325244276
45.74                    0.9220209299255122
45.760000000000005       0.9218306500327085
45.78                    0.9216387493486164
45.800000000000004       0.9214451856034012
45.82                    0.9212499178019655
45.839999999999996       0.9210529062703021
45.86                    0.920854112700842
45.88                    0.9206535001968708
45.9                     0.9204510333159164
45.92000000000001        0.9202466781120074
45.940000000000005       0.9200404021768495
45.96                    0.9198321746797761
45.980000000000004       0.9196219664065479
46                       0.9194097497967931
46.02                    0.9191954989801416
46.04                    0.918979189811088
46.059999999999995       0.9187607999023448
46.080000000000005       0.9185403086568301
46.1                     0.9183176972981292
46.12                    0.9180929488994475
46.14000000000001        0.9178660484110841
46.160000000000004       0.9176369826861995
46.18                    0.9174057405050473
46.2                     0.9171723125975646
46.22                    0.9169366916642562
46.24                    0.9166988723954301
46.26                    0.9164588514887025
46.28                    0.9162166276648114
46.300000000000004       0.9159722016816015
46.32                    0.9157255763463881
46.34                    0.9154767565262676
46.36000000000001        0.915225749156763
46.38                    0.9149725632483542
46.4                     0.9147172098910682
46.42                    0.9144597022568994
46.44                    0.9142000556001673
46.46                    0.9139382872557272
46.48                    0.9136744166351453
46.5                     0.9134084652208921
46.52                    0.9131404565586169
46.540000000000006       0.9128704162475583
46.56                    0.9125983719291594
46.580000000000005       0.9123243532737434
46.6                     0.9120483919654131
46.62                    0.9117705216848447
46.64                    0.9114907780902863
46.66                    0.9112091987963802
46.68                    0.9109258233511307
46.7                     0.9106406932107544
46.72                    0.9103538517125352
46.74000000000001        0.9100653440458599
46.760000000000005       0.9097752172210626
46.78                    0.9094835200365602
46.800000000000004       0.9091903030439069
46.82                    0.9088956185110952
46.839999999999996       0.9085995203837803
46.86                    0.9083020642447046
46.879999999999995       0.9080033072709803
46.900000000000006       0.9077033081892509
46.92                    0.9074021272286447
46.94                    0.9070998260713522
46.96000000000001        0.9067964678010432
46.980000000000004       0.9064921168497135
47                       0.9061868389436519
47.02                    0.9058807010495654
47.04                    0.9055737713214094
47.06                    0.9052661190471565
47.08                    0.9049578145943891
47.1                     0.9046489293529258
47.120000000000005       0.9043395356738517
47.14                    0.9040297068052395
47.160000000000004       0.9037195168256102
47.18000000000001        0.9034090405760393
47.2                     0.9030983535914643
47.22                    0.9027875320314958
47.24                    0.9024766526107505
47.26                    0.9021657925283117
47.28                    0.901855029396562
47.300000000000004       0.9015444411691762
47.32                    0.9012341060681471
47.34                    0.9009241025104695
47.36000000000001        0.900614509034854
47.38                    0.9003054042295614
47.400000000000006       0.8999968666635788
47.42                    0.8996889748241632
47.44                    0.8993818070622978
47.46                    0.8990754415414819
47.48                    0.8987699561683763
47.5                     0.8984654284733149
47.52                    0.8981619354385347
47.54                    0.8978595533407115
47.56000000000001        0.8975583576851109
47.580000000000005       0.897258423214886
47.6                     0.8969598239133751
47.620000000000005       0.8966626329565605
47.64                    0.8963669226287134
47.66                    0.8960727642276295
47.68                    0.8957802279735174
47.699999999999996       0.8954893829246826
47.72                    0.8952002968988255
47.74                    0.8949130363981392
47.760000000000005       0.894627666536384
47.78000000000001        0.8943442509653322
47.800000000000004       0.8940628517951156
47.82                    0.8937835295676605
47.84                    0.8935063430019211
47.86                    0.8932313484924573
47.879999999999995       0.8929586012929309
47.9                     0.8926881552227275
47.92                    0.8924200621756495
47.940000000000005       0.892154371691113
47.96                    0.8918911310945371
47.980000000000004       0.8916303855910073
48.00000000000001        0.8913721782340965
48.02                    0.891116549857038
48.04                    0.8908635389912846
48.06                    0.8906131817407364
48.08                    0.8903655114480687
48.099999999999994       0.8901205585766663
48.120000000000005       0.8898783581582712
48.14                    0.8896389333408774
48.160000000000004       0.8894023055527999
48.18000000000001        0.8891684973624371
48.2                     0.8889375286921785
48.220000000000006       0.8887094288791769
48.24                    0.8884841466106326
48.26                    0.8882617812584624
48.28                    0.888042297025804
48.3                     0.88782570258375
48.32                    0.8876120006225333
48.34                    0.8874011906189389
48.36                    0.8871932691078136
48.38                    0.886988229731749
48.400000000000006       0.8867860632502816
48.42                    0.8865867575395139
48.440000000000005       0.8863902975906277
48.46                    0.8861966655094402
48.48                    0.8860058405181959
48.5                     0.885817798959915
48.519999999999996       0.8856325143054916
48.54                    0.8854499571636552
48.56                    0.8852700952938115
48.580000000000005       0.8850928936219338
48.6                     0.8849183142592857
48.620000000000005       0.8847463165242571
48.64                    0.8845768569670549
48.660000000000004       0.8844098893975263
48.68                    0.8842453649157691
48.699999999999996       0.8840832319459256
48.72                    0.883923436272731
48.739999999999995       0.8837659210810803
48.760000000000005       0.883610626998584
48.78000000000001        0.8834574921407803
48.800000000000004       0.8833064521595438
48.82000000000001        0.8831574402940069
48.84                    0.8830103874244266
48.86                    0.8828652221287887
48.88                    0.8827218707421083
48.9                     0.8825802574184729
48.919999999999995       0.8824403041955077
48.94                    0.8823019310616854
48.96000000000001        0.8821650560259202
48.980000000000004       0.8820295951897389
49.00000000000001        0.8818954628218325
49.02                    0.8817625714349143
49.040000000000006       0.8816308318648954
49.06                    0.8815001533521404
49.08                    0.8813704436250724
49.1                     0.8812416089855418
49.12                    0.8811135543964616
49.13999999999999        0.8809861835710632
49.16                    0.8808593990641992
49.18000000000001        0.8807331023652044
49.2                     0.8806071939924789
49.220000000000006       0.8804815735895866
49.24                    0.8803561400228401
49.260000000000005       0.8802307914802099
49.28                    0.8801054255715317
49.3                     0.8799799394298561
49.32                    0.8798542298139266
49.339999999999996       0.8797281932115317
49.35999999999999        0.8796017259437988
49.38000000000001        0.8794747242702371
49.400000000000006       0.8793470844944121
49.42                    0.8792187030701761
49.440000000000005       0.8790894767083582
49.46                    0.8789593024838133
49.480000000000004       0.878828077942566
49.5                     0.8786957012092452
49.519999999999996       0.878562071094419
49.54                    0.8784270872017866
49.559999999999995       0.8782906500352261
49.580000000000005       0.8781526611054612
49.60000000000001        0.8780130230363248
49.620000000000005       0.8778716396703641
49.64                    0.8777284161738459
49.660000000000004       0.8775832591410214
49.68                    0.8774360766973126
49.7                     0.8772867786016845
49.72                    0.8771352763477487
49.739999999999995       0.8769814832636948
49.76                    0.8768253146108539
49.78000000000001        0.8766666876807895
49.800000000000004       0.8765055218908493
49.82000000000001        0.8763417388779889
49.84                    0.8761752625908328
49.86                    0.8760060193798899
49.88                    0.8758339380856319
49.9                     0.8756589501246712
49.92                    0.8754809895735289
49.94                    0.8752999932502022
49.959999999999994       0.8751159007933487
49.98000000000001        0.8749286547388976
50.00000000000001        0.8747382005940998
