20                       0.4469745744094593
20.02                    0.4468353924017585
20.04                    0.4466961313408705
20.06                    0.4465567921948735
20.080000000000002       0.44641737584159275
20.1                     0.4462778830650166
20.119999999999997       0.4461383145515609
20.14                    0.44599867088654266
20.16                    0.4458589525505086
20.18                    0.4457191599157295
20.2                     0.445579293242603
20.22                    0.44543935267615614
20.240000000000002       0.4452993382426461
20.259999999999998       0.4451592498461458
20.279999999999998       0.44501908726524647
20.3                     0.4448788501498176
20.32                    0.44473853801780133
20.34                    0.4445981502519955
20.36                    0.44445768609693226
20.38                    0.4443171446557533
20.4                     0.444176524886886
20.419999999999998       0.4440358256010633
20.44                    0.44389504545797165
20.46                    0.44375418296324926
20.479999999999997       0.44361323646540096
20.5                     0.4434722041529224
20.52                    0.44333108405163957
20.540000000000003       0.4431898740222529
20.56                    0.44304857175801726
20.58                    0.442907174782816
20.6                     0.4427656804493266
20.619999999999997       0.44262408593738806
20.64                    0.4424823882527151
20.66                    0.44234058422554856
20.68                    0.44219867050962874
20.7                     0.4420566435813582
20.72                    0.4419144997397458
20.740000000000002       0.44177223511070113
20.76                    0.4416298456952473
20.779999999999998       0.4414873248603391
20.8                     0.4413446742584067
20.82                    0.4412018838465258
20.84                    0.441058950380967
20.86                    0.4409158691367583
20.88                    0.4407726342661293
20.900000000000002       0.44062924104733653
20.919999999999998       0.44048568413879474
20.939999999999998       0.44034195785138763
20.96                    0.4401980563840035
20.98                    0.4400539737937584
21                       0.4399097040380603
21.02                    0.4397652411274762
21.04                    0.4396205798120281
21.06                    0.43947571632580584
21.08                    0.43933061584258387
21.1                     0.4391853088358203
21.12                    0.43903977619014173
21.139999999999997       0.43889400858211275
21.16                    0.43874799863331554
21.18                    0.43860173891390614
21.2                     0.43845522186030145
21.22                    0.4383084397825057
21.24                    0.43816138487474976
21.26                    0.43801404922437914
21.28                    0.43786642481963645
21.299999999999997       0.43771850355772074
21.32                    0.43757027725382824
21.34                    0.43742173765023934
21.36                    0.4372728764239406
21.38                    0.437123685193646
21.4                     0.43697415552780516
21.42                    0.43682427895341003
21.439999999999998       0.4366740469650078
21.46                    0.43652345103390183
21.48                    0.4363724826175188
21.5                     0.4362211331688129
21.52                    0.43606939414585993
21.54                    0.43591725702161765
21.560000000000002       0.4357647132938487
21.58                    0.4356117544950601
21.599999999999998       0.43545837220267564
21.62                    0.43530455804904655
21.64                    0.4351503037315785
21.66                    0.4349956010229398
21.68                    0.43484044178138287
21.7                     0.434684817961173
21.720000000000002       0.4345287216231275
21.74                    0.4343721449451342
21.759999999999998       0.4342150802324398
21.78                    0.4340575199278064
21.799999999999997       0.43389945662154444
21.82                    0.4337408830613691
21.84                    0.43358179216219495
21.86                    0.43342217701560204
21.88                    0.4332620308992151
21.9                     0.4331013472858843
21.92                    0.43294011985240977
21.94                    0.43277834248817815
21.959999999999997       0.43261600930334804
21.98                    0.43245311463676667
22                       0.432289653063408
22.02                    0.43212561940142413
22.04                    0.4319610087189938
22.06                    0.4317958163403137
22.080000000000002       0.4316300378513815
22.099999999999998       0.43146366910513967
22.119999999999997       0.4312967062261066
22.14                    0.4311291456143448
22.16                    0.430960983948828
22.18                    0.430792218190086
22.2                     0.4306228455822981
22.22                    0.43045286365449237
22.24                    0.4302822702211279
22.259999999999998       0.4301110633818689
22.28                    0.42993924152067914
22.3                     0.429766803304052
22.319999999999997       0.4295937476786382
22.34                    0.42942007386769543
22.36                    0.4292457813671494
22.380000000000003       0.42907086994048377
22.4                     0.428895339612824
22.419999999999998       0.4287191906642796
22.44                    0.4285424236221219
22.46                    0.42836503925229963
22.48                    0.4281870385498153
22.5                     0.42800842272834616
22.52                    0.4278291932087833
22.54                    0.42764935160697826
22.56                    0.42746889972036095
22.580000000000002       0.4272878395137561
22.6                     0.42710617310403753
22.619999999999997       0.42692390274392056
22.64                    0.42674103080464937
22.66                    0.42655755975772564
22.68                    0.4263734921557027
22.7                     0.4261888306124018
22.72                    0.4260035777821833
22.740000000000002       0.4258177363389979
22.759999999999998       0.4256313089546937
22.779999999999998       0.42544429827679886
22.8                     0.42525670690546274
22.82                    0.4250685373695717
22.84                    0.42487979210228405
22.86                    0.42469047341549787
22.88                    0.42450058347403163
22.900000000000002       0.4243101242691522
22.919999999999998       0.4241190975917138
22.94                    0.42392750500505394
22.96                    0.42373534781754674
22.98                    0.4235426270551499
23                       0.4233493434335759
23.02                    0.4231554973306809
23.04                    0.4229610887586983
23.06                    0.42276611733682123
23.08                    0.422570582263712
23.1                     0.4223744822907763
23.12                    0.4221778156953342
23.139999999999997       0.4219805802548267
23.16                    0.42178277322093205
23.18                    0.42158439129440606
23.2                     0.4213854306005841
23.22                    0.4211858866655459
23.24                    0.4209857543936981
23.26                    0.4207850280465262
23.279999999999998       0.42058370122239136
23.3                     0.42038176683763157
23.32                    0.4201792171092103
23.34                    0.41997604353855056
23.36                    0.419772236897089
23.38                    0.41956778721355625
23.400000000000002       0.4193626837631756
23.419999999999998       0.419156915058942
23.439999999999998       0.4189504688455718
23.46                    0.41874333209578696
23.48                    0.41853549100810256
23.5                     0.4183269310032658
23.52                    0.41811763672015106
23.54                    0.41790759201935707
23.560000000000002       0.41769677999715665
23.58                    0.4174851830011029
23.6                     0.41727278264394935
23.62                    0.4170595598201577
23.64                    0.41684549473057947
23.66                    0.4166305669245313
23.68                    0.41641475539743444
23.700000000000003       0.41619803895811
23.72                    0.4159803983224498
23.74                    0.41576179799374063
23.759999999999998       0.4155422191443007
23.78                    0.41532164702084584
23.8                     0.41510005202897965
23.82                    0.4148774089106103
23.84                    0.41465369229364096
23.86                    0.414428876536034
23.88                    0.4142029357568101
23.9                     0.41397584385890845
23.92                    0.4137475744441755
23.939999999999998       0.41351810105245096
23.959999999999997       0.41328739984167684
23.98                    0.41305544203015176
24                       0.4128222017736145
24.02                    0.41258765085256904
24.04                    0.412351776774301
24.06                    0.41211453546878496
24.080000000000002       0.41187591172557236
24.099999999999998       0.41163588025960685
24.12                    0.41139441719151837
24.14                    0.41115149941000595
24.16                    0.4109071045846506
24.18                    0.4106612112343309
24.2                     0.41041379880703593
24.220000000000002       0.41016484776274614
24.24                    0.40991433965748847
24.259999999999998       0.40966225722751615
24.28                    0.4094085844730231
24.3                     0.4091533067410447
24.32                    0.408896410807185
24.34                    0.4086378849557442
24.36                    0.4083777190579452
24.38                    0.4081159046478546
24.4                     0.4078524349957434
24.42                    0.4075873051784462
24.44                    0.4073205121463079
24.459999999999997       0.40705205478650036
24.48                    0.4067819339820743
24.5                     0.4065101526667187
24.520000000000003       0.40623671587457544
24.54                    0.40596163078485653
24.56                    0.4056849067607945
24.580000000000002       0.40540655538285836
24.6                     0.40512659047533534
24.62                    0.40484502812658957
24.64                    0.4045618867020892
24.66                    0.40427718685010877
24.68                    0.40399095149990244
24.7                     0.4037032058517146
24.720000000000002       0.4034139773587112
24.740000000000002       0.40312329570011357
24.759999999999998       0.4028311927456969
24.779999999999998       0.4025377025112263
24.8                     0.40224286110448165
24.82                    0.4019467066619328
24.84                    0.40164927927576183
24.86                    0.40135062091106394
24.88                    0.40105077531325667
24.9                     0.4007497879054714
24.919999999999998       0.40044770567602084
24.94                    0.4001445770558448
24.96                    0.399840451786038
24.979999999999997       0.39953538077556483
25                       0.39922941594921685
25.02                    0.3989226100858786
25.040000000000003       0.39861501664779514
25.06                    0.3983066896003407
25.08                    0.3979976832233726
25.1                     0.3976880519139992
25.119999999999997       0.39737784998138337
25.14                    0.39706713143420624
25.16                    0.3967559497609247
25.18                    0.39644435770380604
25.2                     0.396132407027106
25.22                    0.3958201482802267
25.240000000000002       0.39550763055658356
25.26                    0.39519490124886
25.279999999999998       0.39488200580169264
25.3                     0.3945689874625857
25.32                    0.3942558870320495
25.34                    0.3939427426139361
25.36                    0.3936295893671009
25.38                    0.3933164592595313
25.400000000000002       0.3930033808258778
25.419999999999998       0.39269037892989983
25.44                    0.3923774745328383
25.46                    0.39206468446908543
25.48                    0.39175202123031216
25.5                     0.3914394927596658
25.52                    0.39112710225699665
25.540000000000003       0.3908148479968408
25.56                    0.3905027231602666
25.58                    0.3901907156820737
25.6                     0.3898788081147945
25.62                    0.3895669775104968
25.64                    0.3892551953222175
25.66                    0.388943427325803
25.68                    0.3886316335639707
25.7                     0.3883197683129812
25.72                    0.38800778007409664
25.740000000000002       0.38769561159001503
25.76                    0.3873831998879275
25.78                    0.3870704763498488
25.799999999999997       0.3867573668111578
25.82                    0.3864437916885222
25.84                    0.38612966613714245
25.86                    0.38581490023895315
25.88                    0.38549939922125637
25.9                     0.38518306370698646
25.92                    0.38486578999630955
25.939999999999998       0.3845474703802217
25.96                    0.3842279934855232
25.98                    0.38390724465208015
26                       0.3835851063406807
26.02                    0.38326145857126087
26.04                    0.3829361793814671
26.060000000000002       0.3826091450730974
26.08                    0.38228023246849335
26.099999999999998       0.3819493151888201
26.12                    0.38161626922158326
26.14                    0.3812809705045744
26.16                    0.3809432955562434
26.18                    0.38060312356968623
26.2                     0.38026033703326917
26.220000000000002       0.37991482073949107
26.24                    0.3795664638564577
26.26                    0.3792151602739325
26.28                    0.37886080922335846
26.299999999999997       0.37850331594064784
26.32                    0.3781425923013288
26.34                    0.37777855695880946
26.360000000000003       0.37741112794224047
26.38                    0.3770402597050117
26.4                     0.3766658990590382
26.42                    0.37628798724037377
26.44                    0.3759064940270083
26.46                    0.3755213976240992
26.48                    0.37513268744764106
26.5                     0.37474036504969677
26.52                    0.374344444687937
26.54                    0.3739449537844299
26.560000000000002       0.3735419333175615
26.580000000000002       0.37313543815441275
26.599999999999998       0.37272553732190544
26.619999999999997       0.3723123142129264
26.64                    0.3718958667271717
26.660000000000004       0.37147630734675124
26.68                    0.37105376314036953
26.7                     0.37062837568763224
26.72                    0.37020030092087386
26.74                    0.36976970888280547
26.759999999999998       0.36933678339818843
26.78                    0.36890172165646457
26.8                     0.3684647337027695
26.819999999999997       0.3680260418355303
26.84                    0.3675858799085607
26.86                    0.36714449253705733
26.880000000000003       0.36670213420613773
26.9                     0.36625906828266147
26.919999999999998       0.3658155659296797
26.94                    0.365371904925518
26.96                    0.364928368388319
26.98                    0.36448524340863975
27                       0.3640428195926898
27.02                    0.3636013875200985
27.04                    0.36316123712019444
27.06                    0.36272265597296416
27.080000000000002       0.3622859275399426
27.1                     0.36185132933235553
27.119999999999997       0.36141913102428963
27.14                    0.3609895925188361
27.16                    0.36056296197731297
27.18                    0.36013947382137346
27.2                     0.3597193467194274
27.22                    0.35930278156926326
27.240000000000002       0.35888995948979135
27.259999999999998       0.35848103983527835
27.28                    0.35807615824667954
27.3                     0.3576754247545868
27.32                    0.35727892195001315
27.339999999999996       0.35688670323837646
27.36                    0.35649879119350186
27.380000000000003       0.3561151760287355
27.400000000000002       0.35573581420160083
27.419999999999998       0.35536062716959604
27.439999999999998       0.3549895003138586
27.46                    0.35462228204765606
27.48                    0.35425878312619014
27.5                     0.3538987761735128
27.52                    0.3535419954418751
27.54                    0.3531881368178353
27.56                    0.3528368580886365
27.580000000000002       0.35248777948038557
27.6                     0.3521404844795252
27.62                    0.3517945209459151
27.639999999999997       0.35144940252545903
27.66                    0.35110461036745394
27.680000000000003       0.35075959514997984
27.7                     0.3504137794149874
27.72                    0.35006656021139415
27.74                    0.34971731204277395
27.76                    0.3493653901140308
27.78                    0.3490101338677147
27.8                     0.3486508707988647
27.82                    0.34828692053465177
27.84                    0.34791759916148457
27.86                    0.3475422237806589
27.880000000000003       0.3471601172702633
27.900000000000002       0.3467706132286099
27.919999999999998       0.3463730610719754
27.939999999999998       0.34596683125713856
27.96                    0.34555132059652155
27.98                    0.34512595763192555
28                       0.3446902080305779
28.02                    0.34424357996522625
28.04                    0.34378562943836516
28.060000000000002       0.34331596550925264
28.08                    0.3428342553804229
28.1                     0.3423402293000876
28.12                    0.34183368523502555
28.14                    0.3413144932685627
28.16                    0.3407825996772244
28.18                    0.34023803063957003
28.200000000000003       0.3396808955302643
28.22                    0.3391113897527406
28.24                    0.33852979706372416
28.259999999999998       0.3379364913440117
28.28                    0.33733193777000464
28.3                     0.3367166933423563
28.32                    0.33609140672920307
28.34                    0.3354568173827152
28.36                    0.334813753891413
28.38                    0.33416313153115507
28.400000000000002       0.3335059489827523
28.42                    0.33284328418627257
28.439999999999998       0.3321762893070375
28.459999999999997       0.33150618479270794
28.48                    0.33083425250613757
28.500000000000004       0.3301618279243965
28.52                    0.32949029140215774
28.54                    0.3288210585044494
28.56                    0.32815556942509105
28.580000000000002       0.32749527751634744
28.6                     0.326841636966189
28.62                    0.32619608966931923
28.64                    0.3255600513507324
28.66                    0.32493489701357914
28.679999999999996       0.3243219457989204
28.700000000000003       0.3237224453606083
28.720000000000002       0.3231375558736558
28.74                    0.3225683338112926
28.759999999999998       0.3220157156416986
28.780000000000005       0.32148050161104813
28.8                     0.32096333979654285
28.82                    0.3204647106264113
28.84                    0.3199849120794297
28.86                    0.3195240457857727
28.88                    0.3190820042592188
28.900000000000002       0.3186584594927599
28.92                    0.3182528531644811
28.94                    0.31786438872191736
28.959999999999997       0.3174920256006938
28.980000000000004       0.3171344757841918
29.000000000000004       0.3167902029051889
29.020000000000003       0.316457424104731
29.04                    0.31613411484333265
29.06                    0.31581801682341565
29.08                    0.3155066491482523
29.099999999999998       0.3151973228168622
29.12                    0.3148871586163126
29.14                    0.3145731066853602
29.16                    0.31425195607243794
29.179999999999996       0.31392043081190435
29.200000000000003       0.31357511844525826
29.220000000000002       0.31321257020435384
29.240000000000002       0.31282931985641926
29.259999999999998       0.3124219230126822
29.279999999999998       0.3119869983610869
29.299999999999997       0.3115212693564931
29.32                    0.31102160719808714
29.34                    0.3104850745004315
29.36                    0.30990897054045957
29.38                    0.30929088272748445
29.400000000000002       0.30862869636444556
29.42                    0.30792068081466684
29.44                    0.30716550559829675
29.46                    0.3063622968882724
29.479999999999997       0.3055105847782915
29.499999999999996       0.3046105121464423
29.520000000000003       0.3036626819422774
29.54                    0.3026682696001749
29.56                    0.3016290218213483
29.58                    0.3005472681644355
29.600000000000005       0.2994259266386326
29.62                    0.2982685028611755
29.64                    0.29707908232876984
29.66                    0.2958623153597762
29.68                    0.29462339426955875
29.699999999999996       0.29336802235299836
29.720000000000002       0.29210237425918456
29.740000000000002       0.29083304736560917
29.76                    0.2895670037876212
29.779999999999998       0.28831150270465356
29.800000000000004       0.28707402274764426
29.820000000000004       0.28586217428127186
29.84                    0.28468360153153155
29.86                    0.2835458746648118
29.88                    0.2824563721196755
29.9                     0.28142215373481966
29.919999999999995       0.2804498255103026
29.94                    0.2795453971840277
29.96                    0.27871413420466695
29.98                    0.27796040612777906
30.000000000000004       0.27728753395235833
30.020000000000003       0.27669763943035985
30.040000000000003       0.2761914999116717
30.06                    0.2757684128017247
30.08                    0.27542607418202764
30.099999999999998       0.2751604765385601
30.119999999999997       0.2749658308210151
30.14                    0.27483451817325
30.16                    0.2747570765934572
30.18                    0.27472222745882113
30.2                     0.2747169462599686
30.220000000000002       0.27472658100998504
30.240000000000002       0.2747350206261865
30.26                    0.2747249141436383
30.28                    0.27467793995203016
30.299999999999997       0.2745751224141871
30.319999999999997       0.27439719131213536
30.340000000000003       0.2741249776777621
30.36                    0.2737398378148752
30.38                    0.2732240958206067
30.4                     0.272561493777267
30.42                    0.27173763809402973
30.44                    0.2707404302923675
30.46                    0.2695604708682869
30.48                    0.2681914257081661
30.5                     0.2666303458192095
30.519999999999996       0.26487793275609905
30.540000000000003       0.26293874394945443
30.560000000000002       0.26082133400872826
30.58                    0.25853832981480407
30.599999999999998       0.25610643866916283
30.620000000000005       0.2535463897700812
30.640000000000004       0.25088280970664284
30.66                    0.2481440323970543
30.68                    0.245361842871723
30.7                     0.2425711524889149
30.72                    0.23980960058282758
30.740000000000002       0.23711707426295292
30.76                    0.23453513425269545
30.78                    0.23210633054467916
30.799999999999997       0.22987338765047494
30.820000000000004       0.2278782359484174
30.840000000000003       0.2261608639350335
30.860000000000003       0.22475796725392694
30.88                    0.22370137574311239
30.9                     0.22301625129116576
30.919999999999998       0.2227190691050895
30.939999999999998       0.22281542504840435
30.96                    0.22329775330549503
30.98                    0.22414309150097803
31                       0.22531109155709317
31.020000000000003       0.22674253701828573
31.040000000000003       0.2283586793892483
31.060000000000002       0.23006173046133868
31.080000000000002       0.2317368249957404
31.099999999999998       0.23325568048504358
31.119999999999997       0.2344820185993947
31.139999999999997       0.23527858344644792
31.160000000000004       0.23551532433453246
31.18                    0.2350780566887002
31.2                     0.23387673797696265
31.22                    0.23185245424567866
31.240000000000002       0.22898233862297426
31.26                    0.2252819251516371
31.28                    0.22080482516451755
31.3                     0.215640016276142
31.319999999999997       0.20990737090514897
31.339999999999996       0.20375226085791853
31.360000000000003       0.19734013455772165
31.380000000000003       0.1908518894123926
31.4                     0.18448069162973368
31.419999999999998       0.1784306674470588
31.440000000000005       0.17291761599783817
31.46                    0.16817153603612403
31.48                    0.1644401927910501
31.5                     0.16199192239447294
31.52                    0.16111394093582318
31.54                    0.1620989843028676
31.560000000000002       0.1652077212072176
31.580000000000002       0.17058818758921682
31.6                     0.17813279613951696
31.619999999999997       0.18727533224142945
31.640000000000004       0.19680001863751845
31.660000000000004       0.20484696730695687
31.68                    0.20933187207911277
31.7                     0.20874724319011406
31.72                    0.20285731977411142
31.74                    0.19272584711588162
31.76                    0.18009356821896794
31.78                    0.1666473536462307
31.8                     0.1536110083952944
31.82                    0.14169137004996968
31.840000000000003       0.13122581013076343
31.860000000000003       0.12247330563030305
31.880000000000003       0.11658505751889238
31.900000000000002       0.12341126381839514
31.919999999999998       0.21824946065332623
31.939999999999998       0.17284640289513803
31.959999999999997       0.13609906217640236
31.98                    0.12361918388066881
32                       0.11810658972931537
32.019999999999996       0.11556746955575974
32.04                    0.11470297294015942
32.06                    0.11496190692498902
32.080000000000005       0.11606172686608476
32.1                     0.11783600015064019
32.12                    0.12017590009415546
32.14                    0.12300440904329826
32.16                    0.1262636334060678
32.18                    0.1299079920998332
32.2                     0.1339002837601584
32.22                    0.13820927463308275
32.239999999999995       0.14280814235248868
32.260000000000005       0.14767342833337838
32.28                    0.15278430691305606
32.300000000000004       0.15812205989986688
32.32                    0.16366968906882412
32.339999999999996       0.169411624146384
32.36                    0.17533349864438846
32.38                    0.18142197500646465
32.4                     0.18766460630055715
32.42                    0.19404972546077245
32.44                    0.20056635560146124
32.46                    0.20720413665832235
32.480000000000004       0.21395326482127416
32.5                     0.22080444208699795
32.52                    0.2277488338866741
32.54                    0.23477803320841853
32.559999999999995       0.2418840299733002
32.580000000000005       0.24905918469350535
32.6                     0.25629620563344296
32.62                    0.26358812885265004
32.64                    0.2709283006305298
32.660000000000004       0.2783103618663035
32.68                    0.2857282341238527
32.7                     0.29317610705192426
32.72                    0.3006484269575349
32.74                    0.3081398863512908
32.76                    0.31564541431154736
32.779999999999994       0.32316016754640237
32.800000000000004       0.33067952204655426
32.82                    0.338199065245916
32.839999999999996       0.34571458861801824
32.86000000000001        0.35322208064885213
32.88                    0.36071772013726694
32.9                     0.3681978697829681
32.92                    0.37565907002665416
32.94                    0.3830980331156764
32.96                    0.3905116373713524
32.98                    0.39789692163888696
33                       0.4052510799040784
33.02                    0.4125714560632614
33.04                    0.41985553883698523
33.059999999999995       0.42710095681706206
33.080000000000005       0.43430547364161926
33.1                     0.4414669832899734
33.12                    0.44858350549541015
33.14                    0.4556531812692228
33.16                    0.4626742685352027
33.18                    0.46964513786980217
33.2                     0.4765642683474717
33.22                    0.48343024348920854
33.24                    0.49024174731118575
33.26                    0.49699756047547106
33.28                    0.5036965565372279
33.300000000000004       0.510337698292615
33.32                    0.5169200342211422
33.34                    0.5234426950255007
33.36                    0.5299048902664447
33.379999999999995       0.5363059050909105
33.400000000000006       0.542645097054248
33.42                    0.5489218930337867
33.44                    0.555135786234261
33.46                    0.5612863332825196
33.480000000000004       0.5673731514111311
33.5                     0.5733959157302666
33.52                    0.5793543565845035
33.54                    0.5852482569959123
33.56                    0.5910774501899424
33.58                    0.5968418172032376
33.6                     0.6025412845726913
33.620000000000005       0.6081758221028177
33.64                    0.6137454407110595
33.66                    0.6192501903484948
33.68000000000001        0.6246901579955273
33.7                     0.6300654657292183
33.72                    0.6353762688625815
33.74                    0.6406227541527708
33.76                    0.6458051380770808
33.78                    0.6509236651741093
33.8                     0.6559786064497812
33.82                    0.6609702578449795
33.84                    0.6658989387637224
33.86                    0.6707649906593998
33.88                    0.6755687756790062
33.900000000000006       0.6803106753617272
33.92                    0.6849910893919343
33.94                    0.6896104344036107
33.96                    0.6941691428355807
33.98                    0.6986676618355865
34                       0.7031064522111086
34.02                    0.707485987426402
34.04                    0.7118067526429904
34.06                    0.7160692438029106
34.08                    0.7202739667535893
34.1                     0.724421436411073
34.120000000000005       0.728512175962663
34.14                    0.7325467161054525
34.16                    0.7365255943206258
34.18                    0.7404493541817065
34.199999999999996       0.7443185446951524
34.220000000000006       0.7481337196731127
34.24                    0.7518954371360794
34.26                    0.7556042587453057
34.28                    0.7592607492631752
34.300000000000004       0.762865476040933
34.32                    0.766419008531414
34.34                    0.7699219178274818
34.36                    0.7733747762225499
34.379999999999995       0.7767781567954277
34.4                     0.7801326330157784
34.419999999999995       0.7834387783712868
34.440000000000005       0.7866971660142541
34.46                    0.7899083684281629
34.480000000000004       0.7930729571120699
34.50000000000001        0.7961915022827105
34.52                    0.7992645725942954
34.54                    0.8022927348736556
34.56                    0.8052765538713602
34.58                    0.8082165920261334
34.6                     0.8111134092400193
34.62                    0.8139675626642755
34.64                    0.8167796065021691
34.660000000000004       0.8195500918323075
34.68                    0.8222795664455904
34.7                     0.8249685746867682
34.720000000000006       0.8276176573013029
34.74                    0.8302273512918062
34.76                    0.8327981897853124
34.78                    0.8353307019091681
34.8                     0.8378254126739545
34.82                    0.8402828428599217
34.84                    0.8427035089025208
34.86                    0.8450879227753774
34.88                    0.8474365918552174
34.900000000000006       0.8497500197352813
34.92                    0.8520287058716394
34.940000000000005       0.8542731442986208
34.96                    0.85648382317751
34.98                    0.8586612262777408
35                       0.8608058329604807
35.019999999999996       0.862918117776981
35.04                    0.8649985502792821
35.06                    0.8670475948027203
35.08                    0.8690657096588266
35.1                     0.871053347030673
35.120000000000005       0.873010977146453
35.14                    0.8749390252690821
35.160000000000004       0.8768379305821368
35.18                    0.8787081302490676
35.199999999999996       0.8805500454874774
35.22                    0.8823641354659542
35.239999999999995       0.8841507777889211
35.26                    0.8859104043770902
35.28                    0.8876434235945811
35.300000000000004       0.8893502394565357
35.32000000000001        0.8910312510270442
35.34                    0.8926868523565773
35.36                    0.8943174324773532
35.38                    0.8959233754121525
35.4                     0.8975050601877337
35.419999999999995       0.899062860851538
35.44                    0.9005971464898476
35.46                    0.9021082812479948
35.48                    0.9035966243518683
35.5                     0.9050625301306819
35.52                    0.9065063480412019
35.540000000000006       0.9079284226928787
35.56                    0.9093290938742338
35.58                    0.9107086965801291
35.6                     0.9120675610401394
35.62                    0.9134060127476319
35.63999999999999        0.9147243724899237
35.660000000000004       0.9160229563789772
35.68                    0.917302075883086
35.7                     0.9185620378590077
35.720000000000006       0.9198031445851034
35.74                    0.9210256937946376
35.760000000000005       0.9222299787101095
35.78                    0.9234162880779292
35.8                     0.9245849062034805
35.82                    0.9257361129869321
35.839999999999996       0.9268701839593968
35.86                    0.9279873903193452
35.88                    0.9290879989698231
35.9                     0.9301722725555791
35.92                    0.9312404695009385
35.940000000000005       0.9322928440478147
35.96                    0.933329646294044
35.980000000000004       0.9343511222321662
36                       0.9353575137882708
36.019999999999996       0.9363490588612577
36.04                    0.9373259913624099
36.059999999999995       0.9382885412549709
36.08                    0.9392369345941577
36.1                     0.9401713935673706
36.120000000000005       0.9410921365344191
36.14                    0.9419993780681213
36.160000000000004       0.9428933289950555
36.18                    0.9437741964363662
36.2                     0.9446421838488291
36.22                    0.9454974910660306
36.239999999999995       0.9463403143396808
36.26                    0.9471708463809922
36.28                    0.9479892764023272
36.3                     0.9487957901587731
36.32000000000001        0.949590569989977
36.34                    0.9503737948619152
36.36                    0.9511456404089021
36.38                    0.9519062789755683
36.4                     0.9526558796589857
36.42                    0.9533946083507471
36.44                    0.9541226277792291
36.459999999999994       0.9548400975518201
36.480000000000004       0.9555471741971832
36.5                     0.9562440112076823
36.519999999999996       0.9569307590816198
36.540000000000006       0.9576075653656989
36.56                    0.9582745746974025
36.580000000000005       0.9589319288473785
36.6                     0.9595797667618348
36.62                    0.9602182246050037
36.64                    0.9608474358014153
36.66                    0.9614675310783715
36.68                    0.9620786385082377
36.7                     0.9626808835506885
36.72                    0.9632743890950328
36.74                    0.9638592755023692
36.760000000000005       0.9644356606477197
36.78                    0.9650036599620783
36.800000000000004       0.9655633864744415
36.82                    0.9661149508536246
36.839999999999996       0.9666584614501377
36.86                    0.967194024337897
36.88                    0.9677217433558273
36.9                     0.9682417201494287
36.92                    0.968754054212212
36.940000000000005       0.9692588429271408
36.96                    0.9697561816079117
36.980000000000004       0.9702461635401659
37                       0.9707288800227404
37.02                    0.9712044204086944
37.04                    0.971672872146268
37.059999999999995       0.9721343208197777
37.08                    0.9725888501901997
37.1                     0.9730365422356306
37.12                    0.9734774771914748
37.14000000000001        0.9739117335902829
37.160000000000004       0.9743393883014234
37.18                    0.9747605165702696
37.2                     0.9751751920572238
37.22                    0.9755834868763908
37.24                    0.9759854716339469
37.26                    0.9763812154663106
37.279999999999994       0.976770786078045
37.300000000000004       0.9771542497795388
37.32                    0.9775316715244866
37.34                    0.9779031149471944
37.36000000000001        0.9782686423997006
37.38                    0.9786283149887566
37.4                     0.9789821926126578
37.42                    0.9793303339982304
37.44                    0.9796727967388646
37.46                    0.9800096373408206
37.48                    0.9803409113624701
37.5                     0.9806666704405842
37.52                    0.9809869741922909
37.54                    0.9813018698450321
37.56                    0.9816114099250612
37.580000000000005       0.9819156445084805
37.6                     0.9822146233313297
37.62                    0.9825083983609194
37.64                    0.9827970139228815
37.66                    0.9830805178366958
37.68                    0.9833589569619132
37.7                     0.9836323772112954
37.72                    0.9839008237448078
37.74                    0.984164341029051
37.760000000000005       0.9844229728756856
37.78                    0.9846767624906912
37.800000000000004       0.984925752586174
37.82                    0.9851699860843424
37.84                    0.9854095099462706
37.86                    0.9856443505243135
37.879999999999995       0.9858745571595564
37.9                     0.9861001707045901
37.92                    0.9863212302872343
37.94                    0.9865377750591712
37.96000000000001        0.9867498439146876
37.980000000000004       0.9869574754342219
38                       0.9871607078831927
38.02                    0.9873595792257118
38.04                    0.9875541271433516
38.06                    0.9877443890563801
38.08                    0.9879304021453619
38.099999999999994       0.9881122033689853
38.120000000000005       0.9882898294737736
38.14                    0.9884633170002295
38.160000000000004       0.9886327022979433
38.18000000000001        0.988798021551341
38.2                     0.9889593108046375
38.22                    0.9891166059796023
38.24                    0.989269942888556
38.26                    0.989419357246113
38.28                    0.9895648846810516
38.3                     0.9897065607482776
38.32                    0.9898444209405991
38.34                    0.9899785007001188
38.36                    0.9901088354290988
38.38                    0.9902354605002672
38.400000000000006       0.9903584112665522
38.42                    0.9904777230701794
38.44                    0.990593431251177
38.46                    0.9907055711551248
38.48                    0.9908141781401363
38.5                     0.9909192875829395
38.52                    0.991020934884149
38.54                    0.9911191554729233
38.56                    0.9912139848113319
38.580000000000005       0.9913054583986014
38.6                     0.9913936117751514
38.620000000000005       0.9914784805260866
38.64                    0.9915601002839678
38.66                    0.9916385067307155
38.68                    0.9917137355987518
38.699999999999996       0.9917858226714681
38.72                    0.9918548037831224
38.74                    0.991920714818184
38.76                    0.9919835917101969
38.78000000000001        0.9920434704401263
38.800000000000004       0.992100387034221
38.82                    0.9921543775613649
38.84                    0.9922054781299442
38.86                    0.9922537248842269
38.879999999999995       0.992299154000264
38.9                     0.9923418016812969
38.919999999999995       0.9923817041527143
38.940000000000005       0.9924188976565357
38.96                    0.9924534184454258
38.980000000000004       0.9924853027762707
39.00000000000001        0.9925145869032981
39.02                    0.9925413070707665
39.04                    0.9925654995052411
39.06                    0.9925872004074799
39.08                    0.9926064459439476
39.099999999999994       0.9926232722379922
39.12                    0.9926377153606932
39.14                    0.9926498113214037
39.160000000000004       0.9926595960580056
39.18000000000001        0.9926671054268787
39.2                     0.9926723751926105
39.220000000000006       0.9926754410174455
39.24                    0.9926763384504942
39.26                    0.9926751029167067
39.28                    0.992671769705619
39.3                     0.992666373959882
39.32                    0.9926589506635798
39.34                    0.9926495346303535
39.36                    0.9926381604913431
39.38                    0.9926248626829556
39.400000000000006       0.9926096754344899
39.42                    0.9925926327556291
39.440000000000005       0.9925737684238172
39.46                    0.9925531159715438
39.48                    0.9925307086735509
39.5                     0.9925065795339854
39.519999999999996       0.9924807612735029
39.54                    0.9924532863163669
39.56                    0.9924241867775283
39.58                    0.9923934944497426
39.6                     0.9923612407907236
39.620000000000005       0.9923274569103759
39.64                    0.9922921735581273
39.660000000000004       0.9922554211103951
39.68                    0.9922172295582037
39.699999999999996       0.9921776284949668
39.72                    0.9921366471044345
39.74                    0.9920943141487609
39.76                    0.9920506579566711
39.78                    0.9920057064116614
39.800000000000004       0.9919594869402406
39.82000000000001        0.9919120265001935
39.84                    0.991863351568977
39.86                    0.9918134881323086
39.88                    0.9917624616730675
39.9                     0.9917102971605672
39.919999999999995       0.9916570190402494
39.94                    0.9916026512237867
39.96                    0.9915472170795752
39.98                    0.9914907394236051
40.00000000000001        0.9914332405106696
40.02                    0.9913747420259255
40.040000000000006       0.9913152650767969
40.06                    0.9912548301852376
40.08                    0.991193457280382
40.1                     0.9911311656915882
40.12                    0.9910679741418907
40.13999999999999        0.9910039007418816
40.160000000000004       0.9909389629839692
40.18                    0.9908731777369739
40.2                     0.9908065612409332
40.220000000000006       0.9907391291019523
40.24                    0.9906708962869226
40.260000000000005       0.9906018771180871
40.28                    0.9905320852678008
40.3                     0.9904615337542507
40.32                    0.9903902349392882
40.339999999999996       0.9903182005288814
40.36                    0.9902454415756913
40.38                    0.9901719684821558
40.4                     0.9900977910025035
40.42                    0.9900229182431975
40.440000000000005       0.9899473586623685
40.46                    0.9898711200692064
40.480000000000004       0.9897942096240467
40.5                     0.9897166338394369
40.519999999999996       0.9896383985821517
40.54                    0.9895595090759899
40.56                    0.9894799699052191
40.58                    0.9893997850186311
40.6                     0.9893189577344176
40.620000000000005       0.9892374907466227
40.64                    0.9891553861348134
40.660000000000004       0.9890726453802456
40.68                    0.9889892693926594
40.7                     0.988905258547533
40.72                    0.9888206127158036
40.739999999999995       0.9887353312430927
40.76                    0.9886494128562779
40.78                    0.9885628555735189
40.8                     0.9884756567280949
40.82000000000001        0.9883878130832175
40.84                    0.988299320925657
40.86                    0.9882101760949394
40.88                    0.988120373977492
40.9                     0.9880299094972267
40.92                    0.9879387771135124
40.94                    0.9878469708259
40.959999999999994       0.987754484182292
40.980000000000004       0.9876613102875968
41                       0.9875674418128342
41.02                    0.9874728710303614
41.040000000000006       0.9873775898995717
41.06                    0.9872815901522489
41.080000000000005       0.9871848635119979
41.1                     0.987087400772888
41.12                    0.9869891920712084
41.14                    0.9868902274886722
41.16                    0.9867904970017333
41.18                    0.9866899903492405
41.2                     0.9865886969945368
41.22                    0.9864866060958986
41.24                    0.9863837063602297
41.260000000000005       0.9862799854133422
41.28                    0.9861754333189541
41.300000000000004       0.986070048309653
41.32                    0.9859638057153649
41.339999999999996       0.9858566960780173
41.36                    0.9857487086131432
41.38                    0.9856398289388955
41.4                     0.9855300600989236
41.42                    0.9854193688308633
41.440000000000005       0.9853077542713388
41.46                    0.9851952034658571
41.480000000000004       0.9850817044306912
41.5                     0.9849672453488708
41.52                    0.984851814511261
41.54                    0.9847354003204516
41.559999999999995       0.9846179913065531
41.580000000000005       0.9844995761461715
41.6                     0.984380143682382
41.62                    0.9842596829450827
41.64000000000001        0.9841381831714062
41.660000000000004       0.9840156338261099
41.68                    0.9838920246218266
41.7                     0.9837673455392252
41.72                    0.9836415868469243
41.74                    0.9835147391212653
41.76                    0.9833867932658116
41.779999999999994       0.9832577405306265
41.800000000000004       0.9831275725312703
41.82                    0.9829962812674848
41.84                    0.9828638591416007
41.86000000000001        0.9827302989765923
41.88                    0.9825955940337608
41.9                     0.9824597380300931
41.92                    0.9823227251551754
41.94                    0.9821845500877338
41.96                    0.9820452080117219
41.98                    0.9819046946319826
42                       0.9817630061894275
42.02                    0.9816201394757358
42.040000000000006       0.9814760918475605
42.06                    0.9813308612402126
42.080000000000005       0.9811844461808131
42.1                     0.9810368458008993
42.12                    0.980888059848455
42.14                    0.9807380886993736
42.16                    0.9805869333683108
42.18                    0.9804345955189434
42.2                     0.9802810774735854
42.22                    0.9801263822221853
42.24                    0.979970513430648
42.260000000000005       0.9798134754485255
42.28                    0.9796552733159921
42.300000000000004       0.979495912770176
42.32                    0.9793354002507505
42.34                    0.9791737429048659
42.36                    0.979010948591302
42.379999999999995       0.9788470258839548
42.400000000000006       0.9786819840745478
42.42                    0.9785158331746255
42.44                    0.978348583916778
42.46000000000001        0.9781802477551288
42.480000000000004       0.9780108368650406
42.5                     0.9778403641420759
42.52                    0.9776688432001726
42.54                    0.9774962883690465
42.56                    0.9773227146908409
42.58                    0.9771481379159368
42.6                     0.9769725744980775
42.620000000000005       0.9767960415886082
42.64                    0.9766185570300085
42.660000000000004       0.9764401393486308
42.68000000000001        0.9762608077466213
42.7                     0.9760805820931295
42.72                    0.9758994829146865
42.74                    0.9757175313848415
42.76                    0.9755347493130528
42.78                    0.9753511591327542
42.8                     0.9751667838887675
42.82                    0.9749816472238829
42.84                    0.974795773364744
42.86000000000001        0.9746091871069852
42.88                    0.9744219137996781
42.900000000000006       0.974233979329051
42.92                    0.9740454101014876
42.94                    0.9738562330258739
42.96                    0.9736664754952599
42.98                    0.9734761653678663
43                       0.9732853309474102
43.02                    0.9730940009628493
43.04                    0.9729022045474767
43.06000000000001        0.9727099712174065
43.080000000000005       0.9725173308495293
43.1                     0.972324313658805
43.120000000000005       0.9721309501751095
43.14                    0.9719372712194846
43.16                    0.9717433078799075
43.18                    0.9715490914865329
43.199999999999996       0.9713546535865295
43.22                    0.9711600259183698
43.24                    0.9709652403858056
43.26                    0.9707703290313406
43.28000000000001        0.970575324009382
43.300000000000004       0.9703802575589926
43.32                    0.970185161976342
43.34                    0.9699900695868134
43.36                    0.9697950127168642
43.379999999999995       0.9696000236656022
43.4                     0.9694051346761381
43.42                    0.9692103779067553
43.440000000000005       0.9690157854018477
43.46                    0.9688213890627796
43.480000000000004       0.9686272206185732
43.50000000000001        0.9684333115965251
43.52                    0.9682396932927414
43.54                    0.9680463967426158
43.56                    0.967853452691374
43.58                    0.9676608915644864
43.599999999999994       0.9674687434383025
43.62                    0.9672770380106099
43.64                    0.9670858045713812
43.660000000000004       0.9668950719736243
43.68000000000001        0.966704868604401
43.7                     0.9665152223560542
43.720000000000006       0.9663261605977312
43.74                    0.9661377101471132
43.76                    0.9659498972426629
43.78                    0.965762747516324
43.8                     0.965576285967318
43.82                    0.9653905369380057
43.84                    0.9652055240964811
43.86                    0.9650212704497725
43.88                    0.9648377986416086
43.900000000000006       0.9646551192821492
43.92                    0.964473279349826
43.940000000000005       0.964292276235158
43.96                    0.9641121347160566
43.98                    0.9639328727262796
44                       0.9637545066254953
44.019999999999996       0.9635770582997413
44.04                    0.9634005401999133
44.06                    0.963224963941499
44.08                    0.9630503443500316
44.1                     0.9628766942449168
44.120000000000005       0.9627040251997939
44.14                    0.9625323477110558
44.160000000000004       0.9623616712190068
44.18                    0.9621920041008417
44.199999999999996       0.9620233536595477
44.22                    0.9618557261207639
44.24                    0.96168912662124
44.26                    0.9615235591312526
44.28                    0.9613590273169879
44.300000000000004       0.9611955322171878
44.32000000000001        0.9610330742422114
44.34                    0.9608716531498396
44.36                    0.9607112673007234
44.38                    0.9605519138725681
44.4                     0.9603935888744779
44.419999999999995       0.9602362871448054
44.440000000000005       0.9600800023483919
44.46                    0.9599247269748975
44.48                    0.9597704523387385
44.50000000000001        0.9596171685811788
44.52                    0.9594648646748486
44.540000000000006       0.9593135284297848
44.56                    0.9591631464971301
44.58                    0.9590137043662473
44.6                     0.9588651863574669
44.62                    0.958717575622139
44.63999999999999        0.9585708541564756
44.660000000000004       0.9584250028218441
44.68                    0.958280001361915
44.7                     0.9581358284153066
44.720000000000006       0.9579924615264804
44.74                    0.957849877157602
44.760000000000005       0.9577080507020688
44.78                    0.9575669564997447
44.8                     0.9574265678538074
44.82                    0.9572868570488737
44.839999999999996       0.9571477953703613
44.86                    0.957009353125086
44.88                    0.9568714996629826
44.900000000000006       0.9567342033999193
44.92                    0.9565974318416914
44.940000000000005       0.9564611516089961
44.96                    0.9563253284633415
44.980000000000004       0.9561899273338091
45                       0.9560549123443757
45.019999999999996       0.9559202468419642
45.04                    0.9557858934251944
45.06                    0.955651813974272
45.08                    0.9555179696822886
45.1                     0.9553843210879853
45.120000000000005       0.9552508281097858
45.14                    0.9551174500808213
45.160000000000004       0.9549841457844278
45.18                    0.9548508734902867
45.2                     0.9547175909909926
45.22                    0.9545842556391658
45.239999999999995       0.9544508243852824
45.260000000000005       0.9543172538160756
45.28                    0.954183500193634
45.3                     0.9540495194951475
45.32000000000001        0.9539152674532105
45.34                    0.9537806995967386
45.36                    0.9536457712923814
45.38                    0.9535104377864031
45.4                     0.9533746542470065
45.42                    0.9532383758071068
45.44                    0.9531015576073464
45.46                    0.9529641548394998
45.480000000000004       0.9528261227901244
45.5                     0.9526874168843932
45.52                    0.9525479927301154
45.540000000000006       0.9524078061618714
45.56                    0.9522668132852176
45.580000000000005       0.9521249705209458
45.6                     0.9519822346493646
45.62                    0.9518385628545667
45.64                    0.951693912768657
45.66                    0.9515482425159107
45.68                    0.9514015107568343
45.7                     0.9512536767320514
45.720000000000006       0.9511047003059259
45.74                    0.9509545420099736
45.760000000000005       0.9508031630858863
45.78                    0.9506505255281872
45.800000000000004       0.9504965921264735
45.82                    0.950341326507187
45.839999999999996       0.950184693174872
45.86                    0.9500266575528993
45.88                    0.9498671860235924
45.9                     0.9497062459677119
45.92000000000001        0.9495438058033092
45.940000000000005       0.9493798350237382
45.96                    0.9492143042350347
45.980000000000004       0.9490471851923858
46                       0.9488784508358251
46.02                    0.9487080753249015
46.04                    0.9485360340725906
46.059999999999995       0.9483623037780656
46.080000000000005       0.9481868624585681
46.1                     0.9480096894801601
46.12                    0.9478307655874042
46.14000000000001        0.9476500729319859
46.160000000000004       0.9474675951000437
46.18                    0.9472833171384933
46.2                     0.9470972255799674
46.22                    0.9469093084666078
46.24                    0.9467195553726171
46.26                    0.9465279574254386
46.28                    0.9463345073257208
46.300000000000004       0.9461391993659031
46.32                    0.9459420294474271
46.34                    0.945742995096608
46.36000000000001        0.9455420954789612
46.38                    0.945339331412022
46.4                     0.9451347053766173
46.42                    0.9449282215263262
46.44                    0.9447198856953671
46.46                    0.9445097054047011
46.48                    0.9442976898664646
46.5                     0.9440838499867917
46.52                    0.9438681983670824
46.540000000000006       0.9436507493037453
46.56                    0.9434315187864656
46.580000000000005       0.9432105244949107
46.6                     0.9429877857939462
46.62                    0.9427633237271733
46.64                    0.9425371610089416
46.66                    0.9423093220144968
46.68                    0.9420798327686791
46.7                     0.9418487209326786
46.72                    0.9416160157892595
46.74000000000001        0.9413817482262363
46.760000000000005       0.9411459507182205
46.78                    0.9409086573068178
46.800000000000004       0.940669903579044
46.82                    0.9404297266441545
46.839999999999996       0.9401881651087662
46.86                    0.939945259050246
46.879999999999995       0.9397010499883193
46.900000000000006       0.939455580854689
46.92                    0.9392088959606577
46.94                    0.9389610409625525
46.96000000000001        0.9387120628251164
46.980000000000004       0.9384620097832977
47                       0.938210931303194
47.02                    0.937958878043081
47.04                    0.9377059018151778
47.06                    0.9374520555476941
47.08                    0.9371973932459682
47.1                     0.9369419699511098
47.120000000000005       0.9366858416951698
47.14                    0.936429065453057
47.160000000000004       0.9361716990919758
47.18000000000001        0.9359138013193105
47.2                     0.9356554316296373
47.22                    0.9353966502511596
47.24                    0.9351375180916571
47.26                    0.9348780966834775
47.28                    0.934618448128002
47.300000000000004       0.9343586350390781
47.32                    0.9340987204855963
47.34                    0.9338387679334597
47.36000000000001        0.9335788411874616
47.38                    0.9333190043339863
47.400000000000006       0.9330593216863868
47.42                    0.9327998577357597
47.44                    0.9325406771084792
47.46                    0.9322818445266077
47.48                    0.9320234247528076
47.5                     0.9317654824915813
47.52                    0.9315080822427241
47.54                    0.9312512881627979
47.56000000000001        0.9309951640056201
47.580000000000005       0.9307397731331601
47.6                     0.9304851785249265
47.620000000000005       0.9302314427434565
47.64                    0.9299786278646617
47.66                    0.9297267953967332
47.68                    0.9294760062013753
47.699999999999996       0.9292263204207145
47.72                    0.928977797409126
47.74                    0.9287304956682517
47.760000000000005       0.9284844727833692
47.78000000000001        0.9282397853588675
47.800000000000004       0.9279964889479726
47.82                    0.9277546380356535
47.84                    0.9275142858250468
47.86                    0.9272754837919105
47.879999999999995       0.9270382827116019
47.9                     0.9268027323580099
47.92                    0.9265688811108025
47.940000000000005       0.9263367755990867
47.96                    0.9261064608110158
47.980000000000004       0.9258779801673716
48.00000000000001        0.9256513754897808
48.02                    0.9254266869363713
48.04                    0.9252039529242618
48.06                    0.9249832100044038
48.08                    0.9247644925061695
48.099999999999994       0.9245478322155611
48.120000000000005       0.9243332664069288
48.14                    0.9241208217719151
48.160000000000004       0.9239105223039804
48.18000000000001        0.9237023943226761
48.2                     0.9234964618271313
48.220000000000006       0.9232927541903939
48.24                    0.923091250889163
48.26                    0.9228920218489646
48.28                    0.9226950558924922
48.3                     0.9225003672552704
48.32                    0.9223079661745827
48.34                    0.9221178603838913
48.36                    0.9219300552529653
48.38                    0.9217445538041257
48.400000000000006       0.9215613567057828
48.42                    0.9213804622614481
48.440000000000005       0.9212018663985523
48.46                    0.9210255626585534
48.48                    0.9208515421890733
48.5                     0.9206797937381259
48.519999999999996       0.9205103036506811
48.54                    0.9203430558675817
48.56                    0.9201780319268623
48.580000000000005       0.9200152109675976
48.6                     0.9198545697361192
48.620000000000005       0.9196960825947772
48.64                    0.9195397215331842
48.660000000000004       0.91938545618203
48.68                    0.9192332538293044
48.699999999999996       0.9190830794391519
48.72                    0.9189348956731423
48.739999999999995       0.9187886629141467
48.760000000000005       0.9186443392926272
48.78000000000001        0.9185018807155432
48.800000000000004       0.918361240897572
48.82000000000001        0.918222371394975
48.84                    0.9180852216418132
48.86                    0.9179497389885595
48.88                    0.9178158687432275
48.9                     0.9176835542148477
48.919999999999995       0.9175527367591464
48.94                    0.9174233558267699
48.96000000000001        0.9172953490136483
48.980000000000004       0.9171686521136205
49.00000000000001        0.9170431991732824
49.02                    0.9169189225490192
49.040000000000006       0.9167957529661005
49.06                    0.9166736195798588
49.08                    0.9165524500389396
49.1                     0.9164321705504075
49.12                    0.9163127059468553
49.13999999999999        0.9161939797552996
49.16                    0.9160759142679031
49.18000000000001        0.9159584306143871
49.2                     0.9158414488361046
49.220000000000006       0.915724887961735
49.24                    0.9156086660844637
49.260000000000005       0.9154927004406357
49.28                    0.9153769074897612
49.3                     0.9152612029958234
49.32                    0.915145502109855
49.339999999999996       0.9150297194535535
49.35999999999999        0.9149137692040759
49.38000000000001        0.9147975651797359
49.400000000000006       0.9146810209266238
49.42                    0.9145640498060151
49.440000000000005       0.9144465650825353
49.46                    0.9143284800129258
49.480000000000004       0.9142097079353766
49.5                     0.9140901623593044
49.519999999999996       0.913969757055475
49.54                    0.913848406146428
49.559999999999995       0.9137260241970965
49.580000000000005       0.9136025263054294
49.60000000000001        0.9134778281930713
49.620000000000005       0.9133518462959518
49.64                    0.9132244978545644
49.660000000000004       0.9130957010041267
49.68                    0.9129653748641522
49.7                     0.9128334396276575
49.72                    0.9126998166497768
49.739999999999995       0.9125644285356032
49.76                    0.9124271992273835
49.78000000000001        0.9122880540907194
49.800000000000004       0.912146919999859
49.82000000000001        0.9120037254219098
49.84                    0.9118584004999144
49.86                    0.9117108771345823
49.88                    0.9115610890648086
49.9                     0.9114089719466477
49.92                    0.911254463430766
49.94                    0.911097503238288
49.959999999999994       0.9109380332349672
49.98000000000001        0.9107759975034765
50.00000000000001        0.9106113424138416
