20                                                0.29456557585874843
20.05                                             0.2942737578473946
20.1                                              0.2939819164989561
20.15                                             0.2936900690219815
20.2                                              0.29339822893260936
20.25                                             0.293106405768411
20.3                                              0.292814604811407
20.35                                             0.2925228268196517
20.4                                              0.29223106776447316
20.45                                             0.29193931857138467
20.5                                              0.2916475648739959
20.55                                             0.29135578679766533
20.6                                              0.29106395878420804
20.650000000000002                                0.29077204945581275
20.7                                              0.29048002151351676
20.75                                             0.2901878316808661
20.8                                              0.28989543067145385
20.85                                             0.2896027636712128
20.900000000000002                                0.28930976853651014
20.95                                             0.2890163789880781
21                                                0.2887225221108169
21.05                                             0.2884281213780747
21.099999999999998                                0.28813308335641186
21.150000000000002                                0.2878373344155732
21.2                                              0.28754077450328264
21.249999999999996                                0.2872433073761083
21.299999999999997                                0.2869448328073497
21.349999999999998                                0.2866452474692712
21.4                                              0.28634444566189104
21.45                                             0.2860423199471845
21.5                                              0.28573876180873
21.549999999999997                                0.2854336623837359
21.599999999999998                                0.2851269132116602
21.65                                             0.28481840700121014
21.7                                              0.28450803840519745
21.75                                             0.28419570479152184
21.799999999999997                                0.28388130701923575
21.849999999999998                                0.2835647501985187
21.9                                              0.2832459444100875
21.95                                             0.282924805375937
22                                                0.28260125507052924
22.05                                             0.2822752222585805
22.099999999999998                                0.2819466429477702
22.15                                             0.28161546074549026
22.2                                              0.2812816271090074
22.25                                             0.28094510147083585
22.3                                              0.28060585122121307
22.35                                             0.28026385153604183
22.4                                              0.27991908504660157
22.45                                             0.27957154134766904
22.5                                              0.27922121633882696
22.55                                             0.2788681113943472
22.6                                              0.27851223236047096
22.65                                             0.2781535883799673
22.7                                              0.27779219054242293
22.75                                             0.27742805036508233
22.8                                              0.27706117813515435
22.85                                             0.27669158114462855
22.900000000000002                                0.2763192618185627
22.95                                             0.27594421574642064
23                                                0.27556642965365397
23.05                                             0.27518587935264616
23.1                                              0.274802527704887
23.150000000000002                                0.2744163226168695
23.2                                              0.2740271951443241
23.25                                             0.2736350578102863
23.3                                              0.2732398030737198
23.349999999999998                                0.27284130197900747
23.400000000000002                                0.2724394030973698
23.45                                             0.27203393175682494
23.5                                              0.27162468996429545
23.549999999999997                                0.27121145760196136
23.6                                              0.27079399125001113
23.65                                             0.2703720254165242
23.700000000000003                                0.2699452750142505
23.75                                             0.2695134340524702
23.799999999999997                                0.26907619795579046
23.849999999999998                                0.26863322619837937
23.9                                              0.26818418762854235
23.95                                             0.2677287436579112
24                                                0.26726656327378956
24.049999999999997                                0.2667973136058701
24.099999999999998                                0.2663206813361041
24.15                                             0.2658363734890698
24.2                                              0.2653441222647595
24.25                                             0.2648436927575908
24.3                                              0.2643348892935464
24.349999999999998                                0.2638175616745193
24.4                                              0.2632916110826292
24.45                                             0.2627569954803365
24.5                                              0.2622137343373948
24.55                                             0.2616619125112905
24.6                                              0.26110168310451143
24.65                                             0.26053326912405844
24.7                                              0.259956963779307
24.75                                             0.2593731292686151
24.8                                              0.25878219392400537
24.85                                             0.2581846476063449
24.9                                              0.2575810352730704
24.95                                             0.2569719486750819
25                                                0.25635801618089255
25.05                                             0.2557398907734372
25.1                                              0.25511823631668007
25.150000000000002                                0.2544937122470205
25.2                                              0.2538669569052187
25.25                                             0.25323856978798365
25.3                                              0.2526090930645553
25.35                                             0.25197899276629854
25.400000000000002                                0.2513486401196894
25.45                                             0.2507182935484953
25.5                                              0.25008808191786464
25.55                                             0.24945798963132956
25.599999999999998                                0.24882784421719464
25.650000000000002                                0.24819730705371965
25.7                                              0.247565867875582
25.75                                             0.24693284366321044
25.799999999999997                                0.2462973824403261
25.85                                             0.24565847241082042
25.9                                              0.24501495676904184
25.950000000000003                                0.24436555441504654
26                                                0.2437088866902581
26.05                                             0.24304351006697228
26.099999999999998                                0.2423679543666801
26.15                                             0.24168076143344475
26.2                                              0.24098053161287805
26.25                                             0.2402659776976581
26.299999999999997                                0.2395359795039097
26.349999999999998                                0.23878962637171403
26.4                                              0.23802629154417249
26.45                                             0.2372456320305453
26.5                                              0.23644767508811465
26.55                                             0.23563283740915958
26.599999999999998                                0.23480195206416243
26.65                                             0.23395628520611367
26.7                                              0.23309753916680853
26.75                                             0.23222784111442515
26.8                                              0.23134971591512768
26.85                                             0.230466041979773
26.9                                              0.22957998946666833
26.95                                             0.22869494068098098
27                                                0.227814393121438
27.05                                             0.2269418463394952
27.1                                              0.2260806745755475
27.15                                             0.2252339880300823
27.2                                              0.2244044865707039
27.25                                             0.22359431063806007
27.3                                              0.22280489505621834
27.35                                             0.22203683231108098
27.400000000000002                                0.22128975256270733
27.45                                             0.22056222812263188
27.5                                              0.2198517102699536
27.55                                             0.21915450601659467
27.6                                              0.21846580169067847
27.65                                             0.21777973893943303
27.7                                              0.21708954695467858
27.749999999999996                                0.216387732416242
27.8                                              0.2156663258932712
27.849999999999998                                0.2149171803489838
27.900000000000002                                0.21413231412122052
27.95                                             0.21330428748816457
28                                                0.2124265988603798
28.049999999999997                                0.21149408394010794
28.1                                              0.21050329898482553
28.15                                             0.2094528677608907
28.200000000000003                                0.208343771045256
28.25                                             0.20717955752830586
28.3                                              0.2059664555451816
28.349999999999998                                0.20471336642272894
28.400000000000002                                0.20343172246358257
28.45                                             0.2021351956678044
28.500000000000004                                0.20083924734470757
28.549999999999997                                0.1995605140840234
28.6                                              0.19831603304315332
28.65                                             0.19712231916094083
28.700000000000003                                0.19599431727653727
28.75                                             0.19494426658785385
28.8                                              0.1939805320580581
28.849999999999998                                0.19310647440740203
28.899999999999995                                0.1923194476284443
28.95                                             0.1916100277427023
29.000000000000004                                0.19096157929923896
29.05                                             0.19035027168133045
29.099999999999998                                0.18974563962385477
29.15                                             0.1891117442979961
29.200000000000003                                0.1884090136075168
29.25                                             0.1875964750380939
29.299999999999997                                0.18663477437981466
29.35                                             0.1854892360883622
29.400000000000002                                0.18413315605520456
29.45                                             0.1825508740853773
29.499999999999996                                0.18074048217390593
29.55                                             0.1787158092354525
29.600000000000005                                0.17650751047211202
29.650000000000002                                0.17416306768474657
29.699999999999996                                0.17174551446062128
29.75                                             0.16933075929845476
29.800000000000004                                0.1670033872166166
29.85                                             0.16485085218332432
29.9                                              0.1629560365005949
29.95                                             0.16138828830554794
29.999999999999996                                0.1601932964737377
30.05                                             0.15938255442305818
30.099999999999998                                0.1589236933786042
30.150000000000002                                0.1587335498427161
30.2                                              0.1586762847539802
30.25                                             0.15856890805854698
30.299999999999997                                0.15819587953366285
30.35                                             0.15733290319167306
30.4                                              0.15577780711449613
30.450000000000003                                0.15338413910501936
30.5                                              0.15009170770382166
30.55                                             0.14594846796055488
30.599999999999998                                0.141119933050257
30.650000000000002                                0.13588489285160157
30.7                                              0.13061832769614798
30.750000000000004                                0.12576279677462646
30.799999999999997                                0.12178765436781165
30.85                                             0.11913156322602285
30.9                                              0.11811976914717591
30.950000000000003                                0.11884805474043508
31                                                0.12103912281988241
31.05                                             0.12391525039823312
31.099999999999998                                0.12618973115075857
31.149999999999995                                0.1263079146166973
31.2                                              0.12296960282923396
31.250000000000004                                0.11572325118604748
31.3                                              0.10526222218444027
31.349999999999998                                0.09323949137151331
31.4                                              0.08180869167612287
31.450000000000003                                0.07326831374881347
31.5                                              0.06999429440625506
31.549999999999997                                0.0743678156472508
31.6                                              0.08714021741172549
31.650000000000002                                0.10086976872513585
31.7                                              0.09706182503856485
31.749999999999996                                0.07358748227495329
31.8                                              0.0500139513042998
31.850000000000005                                0.03687748860672259
31.900000000000002                                0.050510839333744374
31.949999999999996                                0.04181074654578984
32                                                0.03375863049917858
32.050000000000004                                0.039152525647549036
32.1                                              0.047835314375499156
32.15                                             0.05860969864202052
32.2                                              0.07100262510486996
32.25                                             0.08472687629407402
32.300000000000004                                0.0995732051533779
32.35                                             0.11537378636233349
32.4                                              0.13198594847792663
32.449999999999996                                0.149283815304788
32.5                                              0.16715365953857803
32.55                                             0.1854912015856492
32.6                                              0.20419999805523303
32.65                                             0.22319046516148358
32.7                                              0.24237927912809293
32.75                                             0.261689000509639
32.800000000000004                                0.28104782837985753
32.85                                             0.30038942544813685
32.9                                              0.31965277696863803
32.949999999999996                                0.33878206020839763
33                                                0.3577265103532262
33.05                                             0.3764402748152184
33.1                                              0.3948822520156956
33.15                                             0.4130159134753305
33.2                                              0.4308091098710185
33.25                                             0.4482338628720885
33.300000000000004                                0.46526614526466903
33.35                                             0.48188565223450386
33.4                                              0.49807556678558973
33.45                                             0.5138223222105417
33.5                                              0.5291153643471562
33.55                                             0.5439469160964531
33.599999999999994                                0.5583117463823999
33.65                                             0.5722069454106385
33.7                                              0.5856317077658663
33.75                                             0.5985871245712064
33.8                                              0.6110759856478913
33.85                                             0.6231025923375076
33.900000000000006                                0.6346725814205583
33.95                                             0.6457927603446761
34                                                0.6564709538002477
34.05                                             0.6667158615292618
34.1                                              0.6765369271331565
34.15                                             0.6859442175710235
34.199999999999996                                0.6949483129812374
34.25                                             0.7035602062448344
34.300000000000004                                0.7117912114742365
34.35                                             0.7196528812878324
34.4                                              0.7271569326686204
34.45                                             0.7343151803617434
34.50000000000001                                 0.7411394772177894
34.550000000000004                                0.7476416613253211
34.6                                              0.7538335099170771
34.65                                             0.7597266961226546
34.7                                              0.7653327486990483
34.75                                             0.7706630264032172
34.8                                              0.7757286898019494
34.85                                             0.780540675281079
34.900000000000006                                0.7851096742128522
34.95                                             0.7894461183669992
35                                                0.7935601633207707
35.050000000000004                                0.7974616746468043
35.1                                              0.8011602196071392
35.15                                             0.8046650707821453
35.199999999999996                                0.8079851582385594
35.24999999999999                                 0.811129172353241
35.3                                              0.8141053821643652
35.35                                             0.8169218094532958
35.4                                              0.8195861376522727
35.449999999999996                                0.8221057326437081
35.5                                              0.8244876444704601
35.550000000000004                                0.8267386101111357
35.6                                              0.8288650570493336
35.65                                             0.8308731075394874
35.7                                              0.8327685834957547
35.75                                             0.8345570119401438
35.8                                              0.836243630952392
35.849999999999994                                0.8378333960709998
35.9                                              0.8393309870995879
35.95                                             0.840740815278201
36                                                0.8420670307830173
36.05                                             0.8433135305208606
36.1                                              0.8444839661878177
36.150000000000006                                0.8455817525633013
36.2                                              0.8466100760130085
36.25                                             0.847571903175956
36.3                                              0.8484699898117258
36.35                                             0.8493068897855232
36.4                                              0.8500849641690835
36.449999999999996                                0.8508063904363509
36.5                                              0.8514731717332137
36.550000000000004                                0.8520871462006695
36.6                                              0.8526499963315551
36.65                                             0.8531632583405533
36.7                                              0.8536283315276678
36.75000000000001                                 0.8540464876154806
36.800000000000004                                0.854418880040422
36.849999999999994                                0.8547465531787047
36.9                                              0.8550304514875713
36.95                                             0.8552714285421071
37                                                0.8554702559467368
37.05                                             0.8556276320989561
37.1                                              0.8557441907825584
37.150000000000006                                0.8558205095699225
37.2                                              0.8558571180171692
37.25                                             0.8558545056376539
37.300000000000004                                0.8558131296359645
37.35                                             0.8557334223799261
37.4                                              0.8556157985822636
37.449999999999996                                0.8554606621584804
37.49999999999999                                 0.85526841241857
37.55                                             0.8550394518764356
37.6                                              0.8547741897997895
37.65                                             0.8544730520587631
37.699999999999996                                0.854136481038949
37.75                                             0.8537649427739005
37.800000000000004                                0.8533589317082753
37.85                                             0.852918965799822
37.9                                              0.8524456228076844
37.95                                             0.8519394930935299
38                                                0.8514012203575401
38.05                                             0.8508314910537206
38.099999999999994                                0.850231037264322
38.15                                             0.8496006383547565
38.2                                              0.8489411219294936
38.25                                             0.8482533644182002
38.3                                              0.8475382913275292
38.35                                             0.8467968769726392
38.400000000000006                                0.8460301437908548
38.45                                             0.8452391612556797
38.5                                              0.8444250443909784
38.55                                             0.8435889518969364
38.6                                              0.8427320839044784
38.65                                             0.8418556793660659
38.699999999999996                                0.8409610130942176
38.75                                             0.8400493924747885
38.800000000000004                                0.8391221538759256
38.85                                             0.8381806587709922
38.9                                              0.8372262895964488
38.95                                             0.8362604453679041
39.00000000000001                                 0.8352845370775758
39.050000000000004                                0.8342999828963054
39.099999999999994                                0.8333082032044072
39.15                                             0.8323106154789618
39.2                                              0.8313086290712242
39.25                                             0.8303036399108351
39.3                                              0.8292970251699326
39.35                                             0.8282901379115619
39.400000000000006                                0.8272843017443613
39.45                                             0.8262808055097068
39.5                                              0.8252808980330597
39.550000000000004                                0.8242857829724438
39.6                                              0.8232966137967981
39.65                                             0.8223144889289745
39.699999999999996                                0.8213404470937007
39.75                                             0.8203754629102912
39.8                                              0.8194204427392062
39.85                                             0.8184762207471369
39.9                                              0.8175435551939604
39.949999999999996                                0.8166231250463646
40                                                0.8157155270042231
40.050000000000004                                0.8148212729295279
40.1                                              0.8139407876537873
40.15                                             0.8130744071785245
40.2                                              0.8122223773043964
40.25                                             0.8113848526928722
40.3                                              0.8105618962180436
40.349999999999994                                0.8097534784428322
40.4                                              0.8089594778149545
40.45                                             0.8081796820457171
40.5                                              0.8074137896232398
40.55                                             0.8066614112503745
40.6                                              0.8059220717525275
40.650000000000006                                0.8051952125007239
40.7                                              0.8044801945038452
40.75                                             0.8037763036439854
40.8                                              0.8030827549888807
40.85                                             0.8023986911412176
40.9                                              0.8017231898319246
40.949999999999996                                0.8010552713401581
41                                                0.8003939027633061
41.050000000000004                                0.7997380028204067
41.1                                              0.7990864467946972
41.15                                             0.7984380786279179
41.2                                              0.7977917089899866
41.25000000000001                                 0.7971461245688742
41.300000000000004                                0.796500105092176
41.349999999999994                                0.795852407159846
41.4                                              0.7952017884604318
41.45                                             0.7945470243229016
41.5                                              0.7938868868391605
41.55                                             0.7932201742228492
41.6                                              0.79254570957412
41.650000000000006                                0.7918623489111903
41.7                                              0.7911689880355135
41.75                                             0.790464569193311
41.800000000000004                                0.7897480875327012
41.85                                             0.7890185973250649
41.9                                              0.7882752179161913
41.949999999999996                                0.7875171393726131
42                                                0.7867436277894636
42.050000000000004                                0.7859540302278937
42.1                                              0.785147779251563
42.15                                             0.7843243970337815
42.199999999999996                                0.7834834990086754
42.25                                             0.7826247970415314
42.300000000000004                                0.7817481020961834
42.35                                             0.7808533263791272
42.4                                              0.7799404849432907
42.45                                             0.7790096967368292
42.5                                              0.7780611850852361
42.55                                             0.7770952775979858
42.599999999999994                                0.7761124054946714
42.65                                             0.775113102347504
42.7                                              0.774098002241757
42.75                                             0.7730678373575571
42.8                                              0.7720234349809677
42.85                                             0.7709657139548501
42.900000000000006                                0.7698956805833448
42.95                                             0.7688144240073875
43                                                0.7677231110717477
43.05                                             0.7666229807068167
43.1                                              0.7655153378518027
43.15                                             0.7644015469486581
43.199999999999996                                0.7632830250381294
43.25                                             0.7621612344925197
43.300000000000004                                0.7610376754214456
43.35                                             0.7599138777900318
43.4                                              0.7587913932913977
43.45                                             0.7576717870188283
43.50000000000001                                 0.7565566289828798
43.550000000000004                                0.7554474855190724
43.599999999999994                                0.7543459106304653
43.65                                             0.7532534373096249
43.7                                              0.7521715688864162
43.75                                             0.7511017704491199
43.8                                              0.7500454603816563
43.85                                             0.7490040019860013
43.900000000000006                                0.7479787072330525
43.95                                             0.746970774051353
44                                                0.7459813807027539
44.050000000000004                                0.745011591636492
44.1                                              0.7440623747768674
44.15                                             0.743134604850855
44.199999999999996                                0.7422290534294417
44.25                                             0.7413463815999521
44.300000000000004                                0.7404871402597979
44.35                                             0.7396517522927192
44.4                                              0.7388405265602206
44.449999999999996                                0.7380536445876728
44.5                                              0.7372911604681871
44.550000000000004                                0.7365529994087024
44.6                                              0.7358389568143495
44.65                                             0.7351486980674775
44.7                                              0.7344817590510861
44.75                                             0.7338375473983365
44.8                                              0.7332153444493874
44.849999999999994                                0.7326143079375055
44.9                                              0.7320334753979663
44.95                                             0.7314717682906109
45                                                0.7309279968256854
45.05                                             0.7304008654751701
45.1                                              0.7298889791312168
45.150000000000006                                0.7293908498858365
45.2                                              0.7289049044309565
45.25                                             0.7284294920454314
45.3                                              0.7279628931152818
45.35                                             0.7275033281468885
45.4                                              0.7270489672342039
45.449999999999996                                0.7265979399347553
45.5                                              0.7261483455036911
45.550000000000004                                0.7256982634318889
45.6                                              0.7252457642293171
45.65                                             0.7247889203938327
45.7                                              0.7243258175048524
45.75000000000001                                 0.7238545653834784
45.800000000000004                                0.7233733092609871
45.849999999999994                                0.7228802408947749
45.9                                              0.7223736095656377
45.95                                             0.7218517328833296
46                                                0.7213130073292447
46.05                                             0.7207559184681489
46.1                                              0.7201790507663304
46.150000000000006                                0.7195810969550941
46.2                                              0.7189608668816144
46.25                                             0.7183172957925327
46.300000000000004                                0.7176494520036514
46.35                                             0.7169565439129322
46.4                                              0.716237926299934
46.449999999999996                                0.7154931058167388
46.5                                              0.7147217455673083
46.550000000000004                                0.7139236687645646
46.6                                              0.7130988615402888
46.65                                             0.7122474749258931
46.7                                              0.7113698259270778
46.75000000000001                                 0.7104663976194164
46.800000000000004                                0.7095378382463825
46.85                                             0.708584959335601
46.9                                              0.7076087328508848
46.95                                             0.706610287337925
47                                                0.7055909028428039
47.05                                             0.7045520044357486
47.099999999999994                                0.703495155135222
47.15                                             0.7024220490118687
47.2                                              0.701334503220356
47.25                                             0.7002344482699299
47.3                                              0.6991239173519684
47.35                                             0.6980050351355608
47.400000000000006                                0.6968800059758821
47.45                                             0.6957511014869254
47.5                                              0.6946206474868836
47.55                                             0.6934910104020885
47.6                                              0.6923645833214219
47.65                                             0.6912437715748477
47.699999999999996                                0.6901309779050043
47.75                                             0.6890285873475738
47.800000000000004                                0.6879389511327098
47.85                                             0.6868643683796878
47.9                                              0.6858070922151159
47.95                                             0.6847692957489165
48.00000000000001                                 0.6837530384661656
48.050000000000004                                0.6827602850771364
48.099999999999994                                0.6817928595854277
48.15                                             0.6808525376951479
48.2                                              0.6799408337433683
48.25                                             0.6790591534715664
48.3                                              0.6782087502589009
48.35                                             0.6773906734299361
48.400000000000006                                0.6766057923911721
48.45                                             0.6758547783121225
48.5                                              0.6751380982828638
48.550000000000004                                0.674456009745604
48.6                                              0.673808556163189
48.65                                             0.6731955640348426
48.699999999999996                                0.6726166413164335
48.74999999999999                                 0.6720711772837771
48.800000000000004                                0.6715583438669879
48.85                                             0.6710770984719562
48.9                                              0.6706261882936699
48.949999999999996                                0.6702041561148002
49.00000000000001                                 0.6698093475719828
49.050000000000004                                0.6694399198601872
49.1                                              0.6690938518351005
49.15                                             0.6687689554615379
49.2                                              0.6684628885453586
49.25                                             0.6681731686755741
49.3                                              0.6678971882932274
49.349999999999994                                0.6676322307946666
49.400000000000006                                0.6673754875675563
49.45                                             0.6671240758505526
49.5                                              0.6668750573005106
49.55                                             0.6666254571444902
49.60000000000001                                 0.6663722837890659
49.650000000000006                                0.666112548754938
49.7                                              0.6658432868014137
49.75                                             0.6655615761029811
49.800000000000004                                0.6652645583390747
49.85                                             0.6649494585569685
49.9                                              0.6646136046688241
49.949999999999996                                0.664254446445007
50.00000000000001                                 0.6638695738676652
