20                                                0.37351173122822917
20.05                                             0.37327379029147784
20.1                                              0.37303625359469583
20.15                                             0.3727991257670404
20.2                                              0.3725624071440313
20.25                                             0.37232609352521145
20.3                                              0.3720901759442112
20.35                                             0.37185464044825234
20.4                                              0.3716194678808688
20.45                                             0.37138463366740815
20.5                                              0.37115010761777795
20.55                                             0.3709158537637963
20.6                                              0.37068183023869067
20.650000000000002                                0.3704479891931775
20.7                                              0.3702142767447683
20.75                                             0.3699806330361523
20.8                                              0.3697469910228821
20.85                                             0.36951328042528436
20.900000000000002                                0.3692794230500458
20.95                                             0.3690453351212064
21                                                0.3688109280645475
21.05                                             0.36857611006298635
21.099999999999998                                0.3683407685132539
21.150000000000002                                0.36810481716977417
21.2                                              0.36786813992446765
21.249999999999996                                0.36763062507323796
21.299999999999997                                0.36739215737584074
21.349999999999998                                0.3671526188338549
21.4                                              0.36691188916788636
21.45                                             0.3666698464661974
21.5                                              0.366426367913491
21.549999999999997                                0.3661813304375621
21.599999999999998                                0.36593461138623357
21.65                                             0.36568608922550294
21.7                                              0.3654356442648334
21.75                                             0.3651831593762701
21.799999999999997                                0.36492852065759057
21.849999999999998                                0.364671618085707
21.9                                              0.3644123461542677
21.95                                             0.3641506044602921
22                                                0.36388629822807556
22.05                                             0.36361933876259483
22.099999999999998                                0.36334964382097856
22.15                                             0.3630771378877212
22.2                                              0.3628017523387829
22.25                                             0.3625234254824618
22.3                                              0.36224210247645233
22.35                                             0.3619577351211106
22.4                                              0.3616702815184841
22.45                                             0.36137970558631966
22.5                                              0.3610859764200949
22.55                                             0.36078906750221906
22.6                                              0.36048895575540496
22.65                                             0.3601856204286591
22.7                                              0.3598790418172236
22.75                                             0.35956919987496794
22.8                                              0.3592560727871327
22.85                                             0.3589396354532756
22.900000000000002                                0.3586198578255682
22.95                                             0.35829670315558815
23                                                0.35797012621878926
23.05                                             0.3576400715413064
23.1                                              0.3573064716509089
23.150000000000002                                0.356969245465281
23.2                                              0.3566282969316877
23.25                                             0.3562835136242879
23.3                                              0.35593476536463275
23.349999999999998                                0.3555819032792983
23.400000000000002                                0.35522475919433755
23.45                                             0.3548631453254846
23.5                                              0.354496854488888
23.549999999999997                                0.354125660519693
23.6                                              0.35374931858505987
23.65                                             0.35336756712179107
23.700000000000003                                0.3529801302968011
23.75                                             0.352586710065505
23.799999999999997                                0.352187020602941
23.849999999999998                                0.3517807504141622
23.9                                              0.3513675900520334
23.95                                             0.3509472345561292
24                                                0.35051937906355074
24.049999999999997                                0.3500837379615216
24.099999999999998                                0.3496400370282579
24.15                                             0.3491880263696159
24.2                                              0.3487274836949788
24.25                                             0.3482582206366385
24.3                                              0.34778008830088847
24.349999999999998                                0.34729298267506714
24.4                                              0.34679684967224594
24.45                                             0.346291689660714
24.5                                              0.3457775613258551
24.55                                             0.345254584711449
24.6                                              0.3447229432887021
24.65                                             0.3441828849053346
24.7                                              0.34363472147469803
24.75                                             0.3430788272770925
24.8                                              0.34251563576373995
24.85                                             0.34194563477551476
24.9                                              0.3413693601164356
24.95                                             0.3407873874543296
25                                                0.3402003225581822
25.05                                             0.33960878992530324
25.1                                              0.33901341989781647
25.150000000000002                                0.3384148344205699
25.2                                              0.33781363164708306
25.25                                             0.337210369657541
25.3                                              0.33660554961157424
25.35                                             0.3359995987151886
25.400000000000002                                0.33539285343599873
25.45                                             0.3347855434492736
25.5                                              0.3341777768387531
25.55                                             0.33356952710907245
25.599999999999998                                0.3329606225897996
25.650000000000002                                0.3323507388192351
25.7                                              0.3317393944780214
25.75                                             0.3311259513905274
25.799999999999997                                0.33050961903854525
25.85                                             0.3298894639565461
25.9                                              0.32926442429217817
25.950000000000003                                0.3286333297129688
26                                                0.32799492674213143
26.05                                             0.327347909969294
26.099999999999998                                0.32669095296141165
26.15                                             0.3260227567769437
26.2                                              0.32534207790068126
26.25                                             0.3246477855584711
26.299999999999997                                0.3239389082262878
26.349999999999998                                0.3232146744282586
26.4                                              0.3224745709231638
26.45                                             0.32171836852481844
26.5                                              0.3209461661847381
26.55                                             0.3201584289001324
26.599999999999998                                0.3193560060641627
26.65                                             0.3185401461543381
26.7                                              0.3177124989983781
26.75                                             0.31687510477112873
26.8                                              0.3160303686090264
26.85                                             0.3151810196406511
26.9                                              0.3143300537282897
26.95                                             0.3134806596777358
27                                                0.31263612920827194
27.05                                             0.3117997516434915
27.1                                              0.31097469499964325
27.15                                             0.3101638759834805
27.2                                              0.30936982238595145
27.25                                             0.30859453229414
27.3                                              0.30783933546919984
27.35                                             0.3071047631163052
27.400000000000002                                0.30639043299032903
27.45                                             0.30569495726639806
27.5                                              0.30501588076732367
27.55                                             0.3043496568983344
27.6                                              0.3036916678974793
27.65                                             0.3030362947380401
27.7                                              0.30237704024468826
27.749999999999996                                0.3017067067549125
27.8                                              0.3010176270342763
27.849999999999998                                0.3003019442566491
27.900000000000002                                0.29955193386209583
27.95                                             0.2987603571920793
28                                                0.2979208341517949
28.049999999999997                                0.2970282198982803
28.1                                              0.2960789687571234
28.15                                             0.2950714672654789
28.200000000000003                                0.2940063175663426
28.25                                             0.2928865522837624
28.3                                              0.2917177621946864
28.349999999999998                                0.29050811853748865
28.400000000000002                                0.28926827285462103
28.45                                             0.2880111189658923
28.500000000000004                                0.2867514042372441
28.549999999999997                                0.28550518109828776
28.6                                              0.2842890956011386
28.65                                             0.2831195188253865
28.700000000000003                                0.2820115381378042
28.75                                             0.2809778397691764
28.8                                              0.28002753283882637
28.849999999999998                                0.27916498522201955
28.899999999999995                                0.27838876159780973
28.95                                             0.27769077031215106
29.000000000000004                                0.2770557373598231
29.05                                             0.2764611230612329
29.099999999999998                                0.2758775780248818
29.15                                             0.27526998799457425
29.200000000000003                                0.2745992253245497
29.25                                             0.2738243126685945
29.299999999999997                                0.27290521584960264
29.35                                             0.27180587865740485
29.400000000000002                                0.2704973695767943
29.45                                             0.2689608826142416
29.499999999999996                                0.26719044452349006
29.55                                             0.2651950222683509
29.600000000000005                                0.2629999150420654
29.650000000000002                                0.2606472392453133
29.699999999999996                                0.2581953477068216
29.75                                             0.25571700164036304
29.800000000000004                                0.25329608260455944
29.85                                             0.2510226079958364
29.9                                              0.24898583513459097
29.95                                             0.24726536106657
29.999999999999996                                0.2459204109038038
30.05                                             0.24497800442084927
30.099999999999998                                0.24442138826239118
30.150000000000002                                0.24418089680985575
30.2                                              0.24412998685714882
30.25                                             0.24408919301536675
30.299999999999997                                0.24383982291487388
30.35                                             0.24314729420084905
30.4                                              0.2417915513073424
30.450000000000003                                0.2395998913141702
30.5                                              0.23647673492940274
30.55                                             0.2324258380713709
30.599999999999998                                0.22756271144200232
30.650000000000002                                0.22211743641677678
30.7                                              0.2164292853922883
30.750000000000004                                0.2109335410361305
30.799999999999997                                0.20613716267462934
30.85                                             0.20257369800439123
30.9                                              0.20072103087852786
30.950000000000003                                0.2008644775146454
31                                                0.20290600118889032
31.05                                             0.20617389138353157
31.099999999999998                                0.2093660229164942
31.149999999999995                                0.21078465693529
31.2                                              0.2088783600802966
31.250000000000004                                0.20283948413780586
31.3                                              0.19290246524733135
31.349999999999998                                0.1802316414660863
31.4                                              0.16662913501770163
31.450000000000003                                0.1544032117665617
31.5                                              0.1466077033992989
31.549999999999997                                0.1474479307120517
31.6                                              0.16081733579598337
31.650000000000002                                0.18124017933151365
31.7                                              0.1865850734781705
31.749999999999996                                0.16749579934269326
31.8                                              0.1393625105122915
31.850000000000005                                0.11360847135997496
31.900000000000002                                0.10523010959549307
31.949999999999996                                0.13364177493202528
32                                                0.10109698891628871
32.050000000000004                                0.09322095237900235
32.1                                              0.0919990591792232
32.15                                             0.09488403021929448
32.2                                              0.10102693233101821
32.25                                             0.1100016512504296
32.300000000000004                                0.12153314053964724
32.35                                             0.1354095111333783
32.4                                              0.15144567178254467
32.449999999999996                                0.16946604428243509
32.5                                              0.18929589687636528
32.55                                             0.21075719669606185
32.6                                              0.23366710264392498
32.65                                             0.2578381121208506
32.7                                              0.2830792737826645
32.75                                             0.3091980740265906
32.800000000000004                                0.33600271070671683
32.85                                             0.3633045324938863
32.9                                              0.3909204686010975
32.949999999999996                                0.4186753114156376
33                                                0.4464037483208741
33.05                                             0.4739520701360462
33.1                                              0.5011795122241445
33.15                                             0.5279592098839908
33.2                                              0.5541787715401376
33.25                                             0.5797404909676127
33.300000000000004                                0.6045612331492037
33.35                                             0.6285720374004767
33.4                                              0.6517174864154129
33.45                                             0.6739548914564509
33.5                                              0.6952533426588604
33.55                                             0.71559267004254
33.599999999999994                                0.7349623559886016
33.65                                             0.7533604342314056
33.7                                              0.7707924043594766
33.75                                             0.7872701848159506
33.8                                              0.8028111217861194
33.85                                             0.8174370662740895
33.900000000000006                                0.831173527190386
33.95                                             0.8440489044839129
34                                                0.856093803353933
34.05                                             0.8673404282224024
34.1                                              0.8778220533568984
34.15                                             0.8875725657499668
34.199999999999996                                0.896626074969695
34.25                                             0.9050165842100738
34.300000000000004                                0.9127777168110214
34.35                                             0.9199424924649776
34.4                                              0.9265431470727424
34.45                                             0.9326109908159251
34.50000000000001                                 0.9381762995499271
34.550000000000004                                0.9432682349666661
34.6                                              0.9479147895629165
34.65                                             0.952142751423768
34.7                                              0.9559776849526337
34.75                                             0.9594439294742116
34.8                                              0.9625646079939811
34.85                                             0.965361644426742
34.900000000000006                                0.9678557888048195
34.95                                             0.9700666499774324
35                                                0.9720127294578641
35.050000000000004                                0.9737114607582731
35.1                                              0.975179239895301
35.15                                             0.9764315288407863
35.199999999999996                                0.9774827693578483
35.24999999999999                                 0.9783465963753034
35.3                                              0.9790357092133576
35.35                                             0.9795620522561186
35.4                                              0.9799367880299041
35.449999999999996                                0.9801703537537584
35.5                                              0.9802725010775821
35.550000000000004                                0.9802523346339276
35.6                                              0.980118349182951
35.65                                             0.9798784652890129
35.7                                              0.9795400635030164
35.75                                             0.9791100170459618
35.8                                              0.978594723005232
35.849999999999994                                0.9780001320672818
35.9                                              0.9773317768198061
35.95                                             0.9765947986632445
36                                                0.9757939733763438
36.05                                             0.9749337353838152
36.1                                              0.9740182007759196
36.150000000000006                                0.973051189130594
36.2                                              0.9720362441887883
36.25                                             0.9709766534326134
36.3                                              0.9698754666152155
36.35                                             0.9687355132891488
36.4                                              0.9675594193787428
36.449999999999996                                0.9663496228397985
36.5                                              0.9651083884477235
36.550000000000004                                0.9638378217534177
36.6                                              0.9625398822433185
36.65                                             0.9612163957383202
36.7                                              0.9598690660633336
36.75000000000001                                 0.958499486017169
36.800000000000004                                0.9571091476706669
36.849999999999994                                0.9556994520199963
36.9                                              0.9542717180225907
36.95                                             0.9528271910450715
37                                                0.9513670507516542
37.05                                             0.9498924184548083
37.1                                              0.9484043639378241
37.150000000000006                                0.9469039117517943
37.2                                              0.94539204699606
37.25                                             0.9438697206046315
37.300000000000004                                0.9423378541687712
37.35                                             0.9407973443234172
37.4                                              0.9392490667174442
37.449999999999996                                0.9376938795754561
37.49999999999999                                 0.9361326238050814
37.55                                             0.934566137972102
37.6                                              0.9329952357818236
37.65                                             0.9314207359996876
37.699999999999996                                0.9298434464329539
37.75                                             0.9282641736250105
37.800000000000004                                0.9266837194520333
37.85                                             0.9251028877938138
37.9                                              0.9235224572792412
37.95                                             0.9219432362144528
38                                                0.9203660111620359
38.05                                             0.9187915689172466
38.099999999999994                                0.9172206925290274
38.15                                             0.9156541602221886
38.2                                              0.9140927441799819
38.25                                             0.9125372090932664
38.3                                              0.9109883107049167
38.35                                             0.9094467941434656
38.400000000000006                                0.9079133920881025
38.45                                             0.9063888228197228
38.5                                              0.9048737881732611
38.55                                             0.9033689713935692
38.6                                              0.9018750348987703
38.65                                             0.9003926180069045
38.699999999999996                                0.898922334663177
38.75                                             0.8974647711402262
38.800000000000004                                0.8960204837244304
38.85                                             0.8945899964232092
38.9                                              0.8931737987147131
38.95                                             0.8917723433560644
39.00000000000001                                 0.8903860442653418
39.050000000000004                                0.8890152744928749
39.099999999999994                                0.8876603642968546
39.15                                             0.8863215993389832
39.2                                              0.884999219017604
39.25                                             0.8836934149569013
39.3                                              0.8824043296686177
39.35                                             0.8811320553965606
39.400000000000006                                0.8798766331515313
39.45                                             0.8786380519450684
39.5                                              0.877416248232006
39.550000000000004                                0.8762111055715625
39.6                                              0.8750224545163194
39.65                                             0.8738500727395396
39.699999999999996                                0.8726936854153828
39.75                                             0.8715529658648166
39.8                                              0.8704275364556854
39.85                                             0.8693169697162992
39.9                                              0.868220789650674
39.949999999999996                                0.8671384733035404
40                                                0.8660694526102592
40.050000000000004                                0.8650131165131366
40.1                                              0.8639688133160033
40.15                                             0.862935853269425
40.2                                              0.8619135113932535
40.25                                             0.8609010305250314
40.3                                              0.8598976244740063
40.349999999999994                                0.858902481133169
40.4                                              0.8579147658995463
40.45                                             0.8569336257083329
40.5                                              0.8559581930885812
40.55                                             0.8549875900407298
40.6                                              0.8540209319917454
40.650000000000006                                0.8530573319287049
40.7                                              0.8520959050889407
40.75                                             0.8511357747431928
40.8                                              0.850176074389942
40.85                                             0.8492159490826804
40.9                                              0.8482545640579631
40.949999999999996                                0.8472911092731318
41                                                0.8463248023505069
41.050000000000004                                0.8453548932213633
41.1                                              0.8443806722638614
41.15                                             0.8434014628670314
41.2                                              0.8424166337962926
41.25000000000001                                 0.8414256024911041
41.300000000000004                                0.8404278280891909
41.349999999999994                                0.8394228615408322
41.4                                              0.8384102627653465
41.45                                             0.8373896706677696
41.5                                              0.8363607934438452
41.55                                             0.8353233976168833
41.6                                              0.8342773174546867
41.650000000000006                                0.8332224555290183
41.7                                              0.8321587839766355
41.75                                             0.8310863454381205
41.800000000000004                                0.8300052536472059
41.85                                             0.8289156936607456
41.9                                              0.8278179217229217
41.949999999999996                                0.8267122647583436
42                                                0.8255991194906538
42.050000000000004                                0.8244789511854349
42.1                                              0.8233522920181859
42.15                                             0.8222197390708709
42.199999999999996                                0.8210819519616361
42.25                                             0.8199396501149652
42.300000000000004                                0.8187936096810671
42.35                                             0.8176446601151375
42.4                                              0.8164936804301205
42.45                                             0.8153415951371464
42.5                                              0.8141893698913639
42.55                                             0.8130380068615293
42.599999999999994                                0.8118885398439769
42.65                                             0.8107420291436044
42.7                                              0.8095995562451757
42.75                                             0.808462218300778
42.8                                              0.8073311224596078
42.85                                             0.8062073800684163
42.900000000000006                                0.8050921007709585
42.95                                             0.8039863865369207
43                                                0.8028913256505115
43.05                                             0.8018079866902585
43.1                                              0.8007374125315426
43.15                                             0.7996806144041102
43.199999999999996                                0.7986385660360898
43.25                                             0.7976121979168392
43.300000000000004                                0.7966023917096878
43.35                                             0.7956099748458456
43.4                                              0.7946357153305168
43.45                                             0.7936803167918121
43.50000000000001                                 0.7927444138023887
43.550000000000004                                0.7918285675018806
43.599999999999994                                0.7909332615470586
43.65                                             0.7900588984140791
43.7                                              0.7892057960765971
43.75                                             0.7883741850829562
43.8                                              0.7875642060572863
43.85                                             0.7867759076876581
43.900000000000006                                0.7860092394401704
43.95                                             0.785264076955204
44                                                0.784540169992399
44.050000000000004                                0.7838371959254727
44.1                                              0.7831547244090752
44.15                                             0.782492236707654
44.199999999999996                                0.7818491192666652
44.25                                             0.7812246673805415
44.300000000000004                                0.7806180890180129
44.35                                             0.7800285045554824
44.4                                              0.7794549513122615
44.449999999999996                                0.7788963889725505
44.5                                              0.7783517026053781
44.550000000000004                                0.777819707680836
44.6                                              0.7772991554886138
44.65                                             0.776788738504609
44.7                                              0.7762870961386671
44.75                                             0.775792821557517
44.8                                              0.7753044684812581
44.849999999999994                                0.7748205581488571
44.9                                              0.7743395866306619
44.95                                             0.7738600324114938
45                                                0.7733803641822122
45.05                                             0.772899048777589
45.1                                              0.7724145592144241
45.150000000000006                                0.7719253828456403
45.2                                              0.7714300296021955
45.25                                             0.7709270402110759
45.3                                              0.7704149943355971
45.35                                             0.7698925186207368
45.4                                              0.769358294606188
45.449999999999996                                0.7688110664585572
45.5                                              0.7682496484739403
45.550000000000004                                0.7676729323038451
45.6                                              0.7670798938568187
45.65                                             0.766469599828532
45.7                                              0.7658412138174446
45.75000000000001                                 0.7651940019923317
45.800000000000004                                0.7645273382832537
45.849999999999994                                0.7638407090644942
45.9                                              0.7631337172905048
45.95                                             0.76240608604548
46                                                0.7616576614727111
46.05                                             0.7608884150576194
46.1                                              0.7600984452440959
46.150000000000006                                0.7592879783670885
46.2                                              0.7584573688882248
46.25                                             0.7576070989247028
46.300000000000004                                0.7567377770672246
46.35                                             0.7558501364879133
46.4                                              0.7549450323356869
46.449999999999996                                0.7540234384066157
46.5                                              0.7530864430761189
46.550000000000004                                0.7521352445120623
46.6                                              0.7511711452148842
46.65                                             0.7501955459200129
46.7                                              0.7492099388737574
46.75000000000001                                 0.7482159004966187
46.800000000000004                                0.7472150834616009
46.85                                             0.7462092082258686
46.9                                              0.7452000540462839
46.95                                             0.7441894494750549
47                                                0.743179262300438
47.05                                             0.7421713890780864
47.099999999999994                                0.7411677446814315
47.15                                             0.7401702518080783
47.2                                              0.7391808299273225
47.25                                             0.7382013838205239
47.3                                              0.7372337920962343
47.35                                             0.7362798957528142
47.400000000000006                                0.735341486763483
47.45                                             0.7344202967848992
47.5                                              0.7335179865799512
47.55                                             0.732636135878242
47.6                                              0.7317762311327273
47.65                                             0.7309396548928705
47.699999999999996                                0.7301276772564737
47.75                                             0.7293414466344512
47.800000000000004                                0.7285819804905657
47.85                                             0.727850156975776
47.9                                              0.7271467147110888
47.95                                             0.7264722362795567
48.00000000000001                                 0.7258271410342109
48.050000000000004                                0.7252116900992839
48.099999999999994                                0.7246259790992604
48.15                                             0.7240699251906451
48.2                                              0.723543299148423
48.25                                             0.7230456127848254
48.3                                              0.7225763836245144
48.35                                             0.722134779553041
48.400000000000006                                0.7217198784381932
48.45                                             0.7213305835490912
48.5                                              0.7209656366732566
48.550000000000004                                0.7206236244164121
48.6                                              0.7203029850781733
48.65                                             0.7200020164887984
48.699999999999996                                0.7197188848378986
48.74999999999999                                 0.7194516344673679
48.800000000000004                                0.7191981985838328
48.85                                             0.718956410834895
48.9                                              0.7187240176859231
48.949999999999996                                0.71849869152682
49.00000000000001                                 0.7182780444327165
49.050000000000004                                0.7180596424961064
49.1                                              0.7178410206437144
49.15                                             0.7176196978460333
49.2                                              0.717393192624337
49.25                                             0.7171590387565118
49.3                                              0.7169148010805997
49.349999999999994                                0.7166580912932997
49.400000000000006                                0.7163865836397781
49.45                                             0.716098030390278
49.5                                              0.7157902769996025
49.55                                             0.71546127684636
49.60000000000001                                 0.7151091054505274
49.650000000000006                                0.7147319740694347
49.7                                              0.7143282425758422
49.75                                             0.7138964315243886
49.800000000000004                                0.7134352333170081
49.85                                             0.7129435223818862
49.9                                              0.7124203642860549
49.949999999999996                                0.711865023706568
50.00000000000001                                 0.7112769711917285
