20                                                0.26775206134276835
20.05                                             0.26747004821590714
20.1                                              0.2671880198542694
20.15                                             0.26690599595481845
20.2                                              0.2666239927801873
20.25                                             0.2663420228794737
20.3                                              0.2660600948142905
20.35                                             0.26577821288892356
20.4                                              0.2654963768835118
20.45                                             0.2652145817945639
20.5                                              0.2649328175969737
20.55                                             0.2646510690417468
20.6                                              0.26436931549148784
20.650000000000002                                0.2640875307866438
20.7                                              0.2638056831421984
20.75                                             0.26352373511109833
20.8                                              0.263241643266304
20.85                                             0.2629593593774429
20.900000000000002                                0.2626768276120167
20.95                                             0.26239398798166175
21                                                0.26211077470752486
21.05                                             0.2618271184099872
21.099999999999998                                0.26154293489651603
21.150000000000002                                0.26125815361502414
21.2                                              0.26097268480796576
21.249999999999996                                0.26068643934086755
21.299999999999997                                0.2603993244535574
21.349999999999998                                0.2601112443818711
21.4                                              0.2598221009519989
21.45                                             0.2595317941343469
21.5                                              0.25924022272513514
21.549999999999997                                0.2589472850353618
21.599999999999998                                0.2586528795937761
21.65                                             0.25835690586949794
21.7                                              0.2580592650185752
21.75                                             0.25775986063546236
21.799999999999997                                0.2574585994819109
21.849999999999998                                0.25715539220577305
21.9                                              0.25685015403722833
21.95                                             0.2565428054410126
22                                                0.25623327271125373
22.05                                             0.2559214884979535
22.099999999999998                                0.255607392254036
22.15                                             0.2552909305936602
22.2                                              0.2549720575479576
22.25                                             0.2546507346986086
22.3                                              0.25432693117451727
22.35                                             0.2540006235062946
22.4                                              0.25367179533445694
22.45                                             0.2533404369645827
22.5                                              0.25300654476223017
22.55                                             0.2526701203833881
22.6                                              0.2523311698395917
22.65                                             0.2519897023960413
22.7                                              0.25164572929590495
22.75                                             0.25129926231438143
22.8                                              0.25095031218697417
22.85                                             0.25059888694795196
22.900000000000002                                0.25024499016064883
22.95                                             0.24988861903969378
23                                                0.24952976250935086
23.05                                             0.2491683992413077
23.1                                              0.24880449570510868
23.150000000000002                                0.24843800424604878
23.2                                              0.24806886122875754
23.25                                             0.24769698538385318
23.3                                              0.24732227635053666
23.349999999999998                                0.2469446133702937
23.400000000000002                                0.24656385424904495
23.45                                             0.2461798346204638
23.5                                              0.24579236757747902
23.549999999999997                                0.24540124421780524
23.6                                              0.24500623389505824
23.65                                             0.24460708470163856
23.700000000000003                                0.24420352403481618
23.75                                             0.24379526644725927
23.799999999999997                                0.2433820140511955
23.849999999999998                                0.2429634451740509
23.9                                              0.24253924137871685
23.95                                             0.2421090814322113
24                                                0.24167263552056584
24.049999999999997                                0.24122959090327825
24.099999999999998                                0.2407796449846588
24.15                                             0.24032251141492303
24.2                                              0.2398579291627207
24.25                                             0.23938566759342944
24.3                                              0.2389055327922416
24.349999999999998                                0.2384173735928287
24.4                                              0.23792108727634512
24.45                                             0.23741662479633466
24.5                                              0.23690399537603093
24.55                                             0.23638327032178463
24.6                                              0.23585458588373642
24.65                                             0.23531814499065687
24.7                                              0.23477421769259676
24.75                                             0.2342231401655622
24.8                                              0.23366531215175212
24.85                                             0.23310119273236646
24.9                                              0.232531294356795
24.95                                             0.23195617508420666
25                                                0.231376429032851
25.05                                             0.23079267507654552
25.1                                              0.2302055438776173
25.150000000000002                                0.22961566339974807
25.2                                              0.22902364310278545
25.25                                             0.22843005708211045
25.3                                              0.22783542647768232
25.35                                             0.22724020153965127
25.400000000000002                                0.2266447437958177
25.45                                             0.22604930882068316
25.5                                              0.22545403015022586
25.55                                             0.2248589049233954
25.599999999999998                                0.2242637818559349
25.650000000000002                                0.22366835216644088
25.7                                              0.22307214407186227
25.75                                             0.22247452143451063
25.799999999999997                                0.22187468706970956
25.85                                             0.22127169112666814
25.9                                              0.2206644448632994
25.950000000000003                                0.2200517400437112
26                                                0.2194322740890438
26.05                                             0.21880468088560573
26.099999999999998                                0.21816756782682778
26.15                                             0.21751955059430253
26.2                                              0.2168592978730877
26.25                                             0.2161855824912545
26.299999999999997                                0.2154973349529554
26.349999999999998                                0.21479368219477454
26.4                                              0.21407401991370992
26.45                                             0.21333801379292194
26.5                                              0.21258567531765202
26.55                                             0.21181738808421888
26.599999999999998                                0.21103393032190193
26.65                                             0.21023649146757736
26.7                                              0.20942667551107097
26.75                                             0.20860649067909562
26.8                                              0.20777832392142692
26.85                                             0.20694489928141
26.9                                              0.20610921952294706
26.95                                             0.20527449085614102
27                                                0.20444403121294102
27.05                                             0.20362116317517293
27.1                                              0.20280909342875272
27.15                                             0.20201078150502816
27.2                                              0.20122880140802316
27.25                                             0.20046520062156994
27.3                                              0.19972136189132836
27.35                                             0.19899787397333046
27.400000000000002                                0.19829441818964327
27.45                                             0.1976096780639347
27.5                                              0.1969412794412789
27.55                                             0.19628576824944627
27.6                                              0.1956386323676176
27.65                                             0.19499437290191193
27.7                                              0.19434662849709283
27.749999999999996                                0.19368835414093305
27.8                                              0.1930120533190109
27.849999999999998                                0.1923100594643957
27.900000000000002                                0.1915748595531105
27.95                                             0.19079944958715722
28                                                0.189977708761519
28.049999999999997                                0.18910477650630703
28.1                                              0.18817741448149722
28.15                                             0.1871943341026091
28.200000000000003                                0.18615646939533012
28.25                                             0.1850671749377335
28.3                                              0.18393232932607012
28.349999999999998                                0.18276032603815148
28.400000000000002                                0.18156193581040392
28.45                                             0.18035002774335102
28.500000000000004                                0.17913914044000678
28.549999999999997                                0.17794489978228856
28.6                                              0.1767832869128305
28.65                                             0.1756697688645963
28.700000000000003                                0.17461831475378567
28.75                                             0.17364033349185898
28.8                                              0.1727435840972514
28.849999999999998                                0.17193112548516712
28.899999999999995                                0.17120038821197872
28.95                                             0.17054246225263497
29.000000000000004                                0.1699417015816071
29.05                                             0.1693757503468238
29.099999999999998                                0.168816071792556
29.15                                             0.1682290555338706
29.200000000000003                                0.16757766222359047
29.25                                             0.1668236563776973
29.299999999999997                                0.16593031471450762
29.35                                             0.16486534305331907
29.400000000000002                                0.16360397024354242
29.45                                             0.16213182854250927
29.499999999999996                                0.1604475018679273
29.55                                             0.1585643570307448
29.600000000000005                                0.15651154995944586
29.650000000000002                                0.15433395701672892
29.699999999999996                                0.15209089807148296
29.75                                             0.1498535253914217
29.800000000000004                                0.14770078635107334
29.85                                             0.14571390303059603
29.9                                              0.14396937626322312
29.95                                             0.14253064616144429
29.999999999999996                                0.1414387619401045
30.05                                             0.1407027587396516
30.099999999999998                                0.14029090410671133
30.150000000000002                                0.1401244944003872
30.2                                              0.14007629257011578
30.25                                             0.13997575326541298
30.299999999999997                                0.1396226011754441
30.35                                             0.13880895199110024
30.4                                              0.13734813038320445
30.450000000000003                                0.13510618804629732
30.5                                              0.1320306817262583
30.55                                             0.1281712565871494
30.599999999999998                                0.12368814074927477
30.650000000000002                                0.11884714177674918
30.7                                              0.11400193088627235
30.750000000000004                                0.10956509418452076
30.799999999999997                                0.10596797151168975
30.85                                             0.1036059680817138
30.9                                              0.10276244770506243
30.950000000000003                                0.10350452511257845
31                                                0.10555588046166921
31.05                                             0.10818498699288587
31.099999999999998                                0.11019996154457372
31.149999999999995                                0.1101701794520728
31.2                                              0.1069103585258734
31.250000000000004                                0.10003961480893633
31.3                                              0.09026364213486492
31.349999999999998                                0.07918986341722871
31.4                                              0.06886611905064383
31.450000000000003                                0.06141097052055093
31.5                                              0.05891805323790382
31.549999999999997                                0.06336017874811739
31.6                                              0.07510064597321725
31.650000000000002                                0.08706867919740911
31.7                                              0.08243563084906518
31.749999999999996                                0.06011609296218643
31.8                                              0.03898389790678881
31.850000000000005                                0.028510051886649602
31.900000000000002                                0.04342005843482846
31.949999999999996                                0.03125356263406883
32                                                0.026895738142962918
32.050000000000004                                0.03324938142518622
32.1                                              0.0421353851106865
32.15                                             0.052648997078017304
32.2                                              0.06442088039756093
32.25                                             0.07722046275047119
32.300000000000004                                0.09087785423225
32.35                                             0.10525670726123731
32.4                                              0.12024171562351404
32.449999999999996                                0.1357319796247565
32.5                                              0.15163719688271243
32.55                                             0.1678753644850856
32.6                                              0.18437134250578155
32.65                                             0.20105592851340123
32.7                                              0.21786524279126726
32.75                                             0.23474030464964707
32.800000000000004                                0.25162672620276205
32.85                                             0.26847447737743696
32.9                                              0.2852376927220557
32.949999999999996                                0.30187450123627874
33                                                0.3183468673708097
33.05                                             0.3346204359246306
33.1                                              0.35066437662722816
33.15                                             0.36645122624434845
33.2                                              0.3819567274112802
33.25                                             0.397159664283969
33.300000000000004                                0.4120416956566305
33.35                                             0.4265871865280041
33.4                                              0.4407830392638187
33.45                                             0.4546185255572565
33.5                                              0.46808512035824773
33.55                                             0.4811763388579142
33.599999999999994                                0.49388757750298795
33.65                                             0.5062159598804906
33.7                                              0.5181601881732419
33.75                                             0.5297204007317422
33.8                                              0.5408980361816114
33.85                                             0.5516957043859615
33.900000000000006                                0.5621170644826067
33.95                                             0.5721667100620389
34                                                0.5818500614596889
34.05                                             0.5911732650814977
34.1                                              0.6001430996284688
34.15                                             0.6087668890535674
34.199999999999996                                0.6170524220839315
34.25                                             0.625007878011662
34.300000000000004                                0.6326417580986028
34.35                                             0.6399628224767901
34.4                                              0.6469800327774038
34.45                                             0.6537024997932865
34.50000000000001                                 0.6601394356745066
34.550000000000004                                0.6663001107623969
34.6                                              0.6721938160062529
34.65                                             0.6778298268572077
34.7                                              0.6832173632404945
34.75                                             0.6883655684818136
34.8                                              0.693283485699321
34.85                                             0.6979800315831454
34.900000000000006                                0.7024639755689109
34.95                                             0.7067439216118397
35                                                0.7108282952194598
35.050000000000004                                0.7147253246901457
35.1                                              0.7184430319345457
35.15                                             0.7219892237337974
35.199999999999996                                0.7253714680835395
35.24999999999999                                 0.728597140422167
35.3                                              0.7316733156758674
35.35                                             0.7346068664280884
35.4                                              0.7374044052466383
35.449999999999996                                0.7400722935697067
35.5                                              0.7426166396964327
35.550000000000004                                0.745043297778257
35.6                                              0.7473578676406955
35.65                                             0.7495656953666479
35.7                                              0.7516718745874542
35.75                                             0.7536812484338445
35.8                                              0.7555984121040791
35.849999999999994                                0.7574277160101824
35.9                                              0.7591732694652612
35.95                                             0.7608389448776502
36                                                0.7624283824202156
36.05                                             0.7639449951446943
36.1                                              0.7653919745131501
36.150000000000006                                0.766772296319798
36.2                                              0.7680887269773602
36.25                                             0.769343830143149
36.3                                              0.7705399736603763
36.35                                             0.7716793367907326
36.4                                              0.7727639177144218
36.449999999999996                                0.7737955412738187
36.5                                              0.7747758669369138
36.550000000000004                                0.775706396956511
36.6                                              0.7765884847012022
36.65                                             0.7774233431335514
36.7                                              0.7782120534115338
36.75000000000001                                 0.7789555735885106
36.800000000000004                                0.7796547473873859
36.849999999999994                                0.7803103130242092
36.9                                              0.7809229120558449
36.95                                             0.7814930982244731
37                                                0.7820213462700369
37.05                                             0.7825080606799238
37.1                                              0.7829535843494047
37.150000000000006                                0.7833582071323261
37.2                                              0.7837221742659397
37.25                                             0.7840456946495569
37.300000000000004                                0.7843289489471734
37.35                                             0.7845720974777878
37.4                                              0.7847752878558442
37.449999999999996                                0.7849386623590989
37.49999999999999                                 0.7850623639573638
37.55                                             0.7851465484129488
37.6                                              0.7851913831774553
37.65                                             0.7851970584414683
37.699999999999996                                0.7851637928868819
37.75                                             0.785091835010834
37.800000000000004                                0.784981472083076
37.85                                             0.7848330228671697
37.9                                              0.7846468891345088
37.95                                             0.7844234782703795
38                                                0.7841632746588441
38.05                                             0.7838668158118782
38.099999999999994                                0.7835346979295457
38.15                                             0.7831675781458913
38.2                                              0.7827661760176625
38.25                                             0.7823312745071277
38.3                                              0.7818637205646791
38.35                                             0.7813644251910054
38.400000000000006                                0.7808343630214403
38.45                                             0.78027457145114
38.5                                              0.7796861493030833
38.55                                             0.7790702550407922
38.6                                              0.7784281045398009
38.65                                             0.7777609684472383
38.699999999999996                                0.7770701691334707
38.75                                             0.7763570772415954
38.800000000000004                                0.7756231078621378
38.85                                             0.7748697163578533
38.9                                              0.7740983938610346
38.95                                             0.7733106624663275
39.00000000000001                                 0.772508070140354
39.050000000000004                                0.7716921853624403
39.099999999999994                                0.7708645915154476
39.15                                             0.7700268810705233
39.2                                              0.7691806496259522
39.25                                             0.7683274898380579
39.3                                              0.7674689852612524
39.35                                             0.7666067041151652
39.400000000000006                                0.7657421930044921
39.45                                             0.7648769706256018
39.5                                              0.764012521499009
39.550000000000004                                0.7631502897669031
39.6                                              0.7622916730931885
39.65                                             0.7614380167052732
39.699999999999996                                0.7605906076245292
39.75                                             0.7597506691358195
39.8                                              0.7589193555156786
39.85                                             0.7580977469782613
39.9                                              0.7572868448258531
39.949999999999996                                0.756487566918808
40                                                0.7557007435816708
40.050000000000004                                0.7549271139472077
40.1                                              0.7541673227073676
40.15                                             0.7534219172816412
40.2                                              0.7526913454368297
40.25                                             0.7519759533694129
40.3                                              0.7512759841644056
40.349999999999994                                0.7505915765524979
40.4                                              0.7499227643993707
40.45                                             0.7492694771758173
40.5                                              0.7486315406592171
40.55                                             0.7480086778031103
40.6                                              0.7474005101564745
40.650000000000006                                0.7468065598511526
40.7                                              0.746226252531257
40.75                                             0.7456589229926381
40.8                                              0.7451038180606343
40.85                                             0.7445600930180508
40.9                                              0.7440268220161308
40.949999999999996                                0.7435030054583236
41                                                0.7429875736219391
41.050000000000004                                0.7424793930441337
41.1                                              0.7419772706220314
41.15                                             0.7414799585034049
41.2                                              0.7409861675991898
41.25000000000001                                 0.7404945657893754
41.300000000000004                                0.740003801499885
41.349999999999994                                0.7395125020153256
41.4                                              0.7390192437065858
41.45                                             0.7385226435946848
41.5                                              0.7380212873438621
41.55                                             0.7375137814687801
41.6                                              0.7369987470047659
41.650000000000006                                0.7364748293830268
41.7                                              0.7359407064492052
41.75                                             0.7353950962760185
41.800000000000004                                0.7348367648002156
41.85                                             0.7342645332537664
41.9                                              0.7336772853500748
41.949999999999996                                0.7330739741855953
42                                                0.7324536288169515
42.050000000000004                                0.7318153604754262
42.1                                              0.7311583683816906
42.15                                             0.7304819451266171
42.199999999999996                                0.7297854815844715
42.25                                             0.7290684713278099
42.300000000000004                                0.7283305145150771
42.35                                             0.7275713212245664
42.4                                              0.7267907142110684
42.45                                             0.7259886310644003
42.5                                              0.7251651257522784
42.55                                             0.7243203695328365
42.599999999999994                                0.7234546512256402
42.65                                             0.7225683768333142
42.7                                              0.7216620685097009
42.75                                             0.7207363628734847
42.8                                              0.7197920086705578
42.85                                             0.7188298637915542
42.900000000000006                                0.7178508916550141
42.95                                             0.7168561569701327
43                                                0.7158468208968628
43.05                                             0.7148241356246295
43.1                                              0.7137894383943058
43.15                                             0.7127441449913983
43.199999999999996                                0.7116897427416456
43.25                                             0.7106277830427371
43.300000000000004                                0.7095598734701573
43.35                                             0.7084876694974996
43.4                                              0.7074128658765577
43.45                                             0.7063371877243122
43.50000000000001                                 0.7052623813647475
43.550000000000004                                0.7041902049718871
43.599999999999994                                0.7031224190597599
43.65                                             0.7020607768677523
43.7                                              0.7010070146930333
43.75                                             0.699962842224234
43.8                                              0.6989299329227997
43.85                                             0.6979099143836802
43.900000000000006                                0.6969043768397735
43.95                                             0.6959147812402213
44                                                0.694942606028669
44.050000000000004                                0.6939891928885411
44.1                                              0.6930558083987601
44.15                                             0.6921436153515906
44.199999999999996                                0.6912536764506658
44.25                                             0.6903869421901017
44.300000000000004                                0.6895442519565422
44.35                                             0.6887263041353465
44.4                                              0.6879336850528193
44.449999999999996                                0.6871668423908159
44.5                                              0.6864260874548466
44.550000000000004                                0.6857115920635493
44.6                                              0.6850233862492227
44.65                                             0.6843613566348463
44.7                                              0.683725245780297
44.75                                             0.6831146523111048
44.8                                              0.682529031721487
44.849999999999994                                0.6819676980101685
44.9                                              0.6814298261338093
44.95                                             0.6809144552590358
45                                                0.6804204928073359
45.05                                             0.6799467192888331
45.1                                              0.6794917939032239
45.150000000000006                                0.6790542608676399
45.2                                              0.6786325564581641
45.25                                             0.6782250167559791
45.3                                              0.6778298860571692
45.35                                             0.6774453259017397
45.4                                              0.677069424681144
45.449999999999996                                0.6767002077815568
45.5                                              0.6763356482137745
45.550000000000004                                0.6759736776741164
45.6                                              0.6756121979731798
45.65                                             0.6752490927682274
45.7                                              0.6748822395463903
45.75000000000001                                 0.6745095218104136
45.800000000000004                                0.6741288413995113
45.849999999999994                                0.6737381308621766
45.9                                              0.6733353658018785
45.95                                             0.6729185771242279
46                                                0.6724858631156909
46.05                                             0.6720354012820646
46.1                                              0.6715654598745586
46.150000000000006                                0.6710744090324829
46.2                                              0.6705607314737073
46.25                                             0.6700230326694787
46.300000000000004                                0.6694600504467835
46.35                                             0.6688706639604491
46.4                                              0.6682539019542864
46.449999999999996                                0.6676089501875329
46.5                                              0.6669351579210759
46.550000000000004                                0.6662320434851234
46.6                                              0.665499299020809
46.65                                             0.6647367943708901
46.7                                              0.6639445799907339
46.75000000000001                                 0.6631228887880503
46.800000000000004                                0.6622721368751453
46.85                                             0.6613929232456306
46.9                                              0.6604860283785002
46.95                                             0.6595524117090781
47                                                0.6585932077612725
47.05                                             0.657609720861317
47.099999999999994                                0.6566034192288505
47.15                                             0.6555759289560806
47.2                                              0.6545290265537437
47.25                                             0.6534646296416351
47.3                                              0.6523847866492161
47.35                                             0.6512916658197453
47.400000000000006                                0.6501875434640048
47.45                                             0.6490747918243208
47.5                                              0.6479558674404282
47.55                                             0.6468332961809121
47.6                                              0.6457096526448288
47.65                                             0.6445875489842332
47.699999999999996                                0.6434696222916269
47.75                                             0.6423585167604744
47.800000000000004                                0.6412568663756734
47.85                                             0.6401672757846641
47.9                                              0.6390923092714307
47.95                                             0.6380344779046562
48.00000000000001                                 0.6369962048509203
48.050000000000004                                0.6359798232521051
48.099999999999994                                0.6349875551825921
48.15                                             0.6340215090563168
48.2                                              0.6330836491254236
48.25                                             0.6321757157484834
48.3                                              0.6312994597068317
48.35                                             0.6304562677745033
48.400000000000006                                0.6296474150635645
48.45                                             0.6288739636160411
48.5                                              0.6281367617844438
48.550000000000004                                0.6274364366153521
48.6                                              0.6267733870726931
48.65                                             0.6261477786008468
48.699999999999996                                0.6255595391603459
48.74999999999999                                 0.6250083568068971
48.800000000000004                                0.6244936788642933
48.85                                             0.6240147127277894
48.9                                              0.6235704283203856
48.949999999999996                                0.6231595622125825
49.00000000000001                                 0.6227806234026786
49.050000000000004                                0.6224319007414206
49.1                                              0.6221114719717408
49.15                                             0.6218172143422178
49.2                                              0.621546816738799
49.25                                             0.6212977932681613
49.3                                              0.6210674982132245
49.349999999999994                                0.6208531422699298
49.400000000000006                                0.6206518099641959
49.45                                             0.6204604781372387
49.5                                              0.6202760353787565
49.55                                             0.620095302279723
49.60000000000001                                 0.6199150523682445
49.650000000000006                                0.6197320335876368
49.7                                              0.6195429901691551
49.75                                             0.6193446847493334
49.800000000000004                                0.6191339205782106
49.85                                             0.6189075636636583
49.9                                              0.6186625646958374
49.949999999999996                                0.6183959805970108
50.00000000000001                                 0.6181049955425395
