20                                                0.37623326939171586
20.05                                             0.3760098919441897
20.1                                              0.37578700805813575
20.15                                             0.3755646212930693
20.2                                              0.375342730924908
20.25                                             0.3751213317117345
20.3                                              0.37490041367157695
20.35                                             0.37467996187157493
20.4                                              0.37445995622440836
20.45                                             0.3742403712911636
20.5                                              0.3740211760997825
20.55                                             0.37380233399338203
20.6                                              0.37358380251548984
20.650000000000002                                0.3733655333327735
20.7                                              0.37314747219847566
20.75                                             0.3729295590637437
20.8                                              0.37271172631109406
20.85                                             0.3724939041548386
20.900000000000002                                0.37227601390906945
20.95                                             0.37205797169923294
21                                                0.37183968959535796
21.05                                             0.37162107713028325
21.099999999999998                                0.3714020199652791
21.150000000000002                                0.37118243337707457
21.2                                              0.3709622023525395
21.249999999999996                                0.3707412155440252
21.299999999999997                                0.37051935834596705
21.349999999999998                                0.3702965134354608
21.4                                              0.3700725612555214
21.45                                             0.3698473805837914
21.5                                              0.3696208492355765
21.549999999999997                                0.36939284469700584
21.599999999999998                                0.3691632447764635
21.65                                             0.36893192826994975
21.7                                              0.3686987756417656
21.75                                             0.3684636697207897
21.799999999999997                                0.3682264963617412
21.849999999999998                                0.3679871450668701
21.9                                              0.3677455095844105
21.95                                             0.3675014884637097
22                                                0.367254985551128
22.05                                             0.3670059104178763
22.099999999999998                                0.36675417871614907
22.15                                             0.36649971245632107
22.2                                              0.3662424401851802
22.25                                             0.36598229703854235
22.3                                              0.3657192246539122
22.35                                             0.3654531709517875
22.4                                              0.36518408979248385
22.45                                             0.3649119405051952
22.5                                              0.36463668728235915
22.55                                             0.3643582984386246
22.6                                              0.36407674553893
22.65                                             0.363792002383281
22.7                                              0.3635040437965892
22.75                                             0.3632128442145284
22.8                                              0.36291837621730344
22.85                                             0.362620609114101
22.900000000000002                                0.36231950746243274
22.95                                             0.3620150294565518
23                                                0.36170712525318066
23.05                                             0.3613957353020388
23.1                                              0.3610807886882408
23.150000000000002                                0.3607622014783284
23.2                                              0.3604398752935943
23.25                                             0.3601136962426
23.3                                              0.3597835338051478
23.349999999999998                                0.3594492398223679
23.400000000000002                                0.359110647860055
23.45                                             0.35876757289012623
23.5                                              0.3584198114409897
23.549999999999997                                0.35806714247853233
23.6                                              0.3577093276481509
23.65                                             0.35734611264317806
23.700000000000003                                0.35697723011052496
23.75                                             0.35660239376208513
23.799999999999997                                0.35622132010138574
23.849999999999998                                0.355833715748233
23.9                                              0.355439280913575
23.95                                             0.35503772391501004
24                                                0.35462875120594495
24.049999999999997                                0.35421208469276266
24.099999999999998                                0.35378747185732223
24.15                                             0.3533546688784656
24.2                                              0.3529134653753638
24.25                                             0.35246368321850285
24.3                                              0.3520051825089208
24.349999999999998                                0.3515378667713077
24.4                                              0.3510616877620916
24.45                                             0.35057664977813807
24.5                                              0.3500828133236894
24.55                                             0.349580297989263
24.6                                              0.34906928439570145
24.65                                             0.3485500150622
24.7                                              0.3480227940672007
24.75                                             0.34748798538182607
24.8                                              0.34694600977227474
24.85                                             0.34639734018741086
24.9                                              0.34584249557442287
24.95                                             0.3452820330959671
25                                                0.3447165387592879
25.05                                             0.34414661650701256
25.1                                              0.34357287586760177
25.150000000000002                                0.34299591830897835
25.2                                              0.34241632249555276
25.25                                             0.3418346287005044
25.3                                              0.3412513226829183
25.35                                             0.34066681939299054
25.400000000000002                                0.34008144692056164
25.45                                             0.3394954311488842
25.5                                              0.33890888161439553
25.55                                             0.3383217791062778
25.599999999999998                                0.33773396555961455
25.650000000000002                                0.3371451368042954
25.7                                              0.33655483871150116
25.75                                             0.33596246723048845
25.799999999999997                                0.33536727274019834
25.85                                             0.3347683690693506
25.9                                              0.3341647474566949
25.950000000000003                                0.3335552956211033
26                                                0.33293882200340924
26.05                                             0.3323140850871043
26.099999999999998                                0.331679827463071
26.15                                             0.3310348108071339
26.2                                              0.3303778552002236
26.25                                             0.3297078894604969
26.299999999999997                                0.3290239927075487
26.349999999999998                                0.3283254369347972
26.4                                              0.3276117402390376
26.45                                             0.32688269356378097
26.5                                              0.3261384024205517
26.55                                             0.3253793220835224
26.599999999999998                                0.32460627608387294
26.65                                             0.32382047020995725
26.7                                              0.323023494718891
26.75                                             0.3222173139267836
26.8                                              0.3214042420771143
26.85                                             0.3205869042525138
26.9                                              0.3197681816895919
26.95                                             0.31895114124082946
27                                                0.3181389492290768
27.05                                             0.31733477059368664
27.1                                              0.31654165494138375
27.15                                             0.31576241187131887
27.2                                              0.3149994788800971
27.25                                             0.31425478609317953
27.3                                              0.3135296229528315
27.35                                             0.31282451283382745
27.400000000000002                                0.3121391022598894
27.45                                             0.3114720718660024
27.5                                              0.31082107641080026
27.55                                             0.3101827209051292
27.6                                              0.3095525792098318
27.65                                             0.3089252602461185
27.7                                              0.30829452526838647
27.749999999999996                                0.30765345750830897
27.8                                              0.30699468297624544
27.849999999999998                                0.3063106384282407
27.900000000000002                                0.30559387964633133
27.95                                             0.30483742040561695
28                                                0.30403508997435813
28.049999999999997                                0.30318189483140456
28.1                                              0.30227436858342294
28.15                                             0.3013108929115818
28.200000000000003                                0.3002919717597139
28.25                                             0.29922044071474413
28.3                                              0.29810159359859156
28.349999999999998                                0.29694320880189734
28.400000000000002                                0.29575545882001514
28.45                                             0.2945506879003225
28.500000000000004                                0.29334304495443353
28.549999999999997                                0.29214796251030245
28.6                                              0.2909814783705925
28.65                                             0.2898594044792864
28.700000000000003                                0.28879635787438684
28.75                                             0.28780468390071656
28.8                                              0.28689331964505677
28.849999999999998                                0.2860666648302634
28.899999999999995                                0.2853235477590982
28.95                                             0.28465639173022
29.000000000000004                                0.2840506898191102
29.05                                             0.2834849045788213
29.099999999999998                                0.2829308916064617
29.15                                             0.282354892918114
29.200000000000003                                0.2817191943458753
29.25                                             0.28098421036773946
29.299999999999997                                0.28011115692873434
29.35                                             0.2790649599445721
29.400000000000002                                0.277817308471883
29.45                                             0.27634948431385087
29.499999999999996                                0.27465506452505006
29.55                                             0.27274192620175886
29.600000000000005                                0.2706336577746644
29.650000000000002                                0.26837008975807375
29.699999999999996                                0.266006828712635
29.75                                             0.26361360455707494
29.800000000000004                                0.26127121830704647
29.85                                             0.25906684616895764
29.9                                              0.25708747071789984
29.95                                             0.25541132376192455
29.999999999999996                                0.25409750204597825
30.05                                             0.25317440489021054
30.099999999999998                                0.25262833337599044
30.150000000000002                                0.25239436267582427
30.2                                              0.2523521822258777
30.25                                             0.2523296077644063
30.299999999999997                                0.25211555985121237
30.35                                             0.2514824229664437
30.4                                              0.2502152952296824
30.450000000000003                                0.2481436067347183
30.5                                              0.2451698594176912
30.55                                             0.2412912262490286
30.599999999999998                                0.23661198306411618
30.650000000000002                                0.2313470847830045
30.7                                              0.22581833234978937
30.750000000000004                                0.22044351150011882
30.799999999999997                                0.21571511017659473
30.85                                             0.2121588902070079
30.9                                              0.2102555283742573
30.950000000000003                                0.21030697883656488
31                                                0.21224692806605971
31.05                                             0.2154481446512166
31.099999999999998                                0.21865872020099417
31.149999999999995                                0.22022447820449817
31.2                                              0.21861348355399343
31.250000000000004                                0.21299613271434642
31.3                                              0.20353709762625521
31.349999999999998                                0.19129510033536964
31.4                                              0.17795517810550254
31.450000000000003                                0.16572359068854703
31.5                                              0.15760096372786542
31.549999999999997                                0.1578617520742483
31.6                                              0.17072627404481666
31.650000000000002                                0.19130237126497462
31.7                                              0.1977752633132968
31.749999999999996                                0.18013289822534118
31.8                                              0.15269865358716686
31.850000000000005                                0.12643396857645378
31.900000000000002                                0.11490935927432828
31.949999999999996                                0.14785225607691063
32                                                0.11348848277017966
32.050000000000004                                0.10396427046075862
32.1                                              0.10116001336986821
32.15                                             0.10247979786278213
32.2                                              0.10707606527393529
32.25                                             0.11453727327592618
32.300000000000004                                0.1246064432552487
32.35                                             0.13708996220915592
32.4                                              0.1518197314945463
32.449999999999996                                0.16863500781109003
32.5                                              0.18737314641980268
32.55                                             0.20786505220366755
32.6                                              0.22993343578907716
32.65                                             0.25339288248105124
32.7                                              0.27805114079988646
32.75                                             0.3037112267523837
32.800000000000004                                0.33017403833337355
32.85                                             0.3572412330762557
32.9                                              0.3847181631843847
32.949999999999996                                0.412416698657633
33                                                0.4401578033266588
33.05                                             0.46777376296276774
33.1                                              0.49510999816439205
33.15                                             0.5220264263163433
33.2                                              0.5483983652482466
33.25                                             0.5741169951480922
33.300000000000004                                0.5990894141118942
33.35                                             0.623238336164269
33.4                                              0.6465014888213583
33.45                                             0.6688307708531607
33.5                                              0.6901912305731049
33.55                                             0.710559921607956
33.599999999999994                                0.729924687570299
33.65                                             0.7482829201743199
33.7                                              0.7656403278371383
33.75                                             0.7820097442560768
33.8                                              0.7974099992947055
33.85                                             0.8118648679760762
33.900000000000006                                0.8254021076814528
33.95                                             0.8380525888648851
34                                                0.8498495207507917
34.05                                             0.8608277704673376
34.1                                              0.8710232718204042
34.15                                             0.8804725183348299
34.199999999999996                                0.8892121340848704
34.25                                             0.8972785151300852
34.300000000000004                                0.9047075345557279
34.35                                             0.9115343044709501
34.4                                              0.9177929876359922
34.45                                             0.9235166519521901
34.50000000000001                                 0.9287371620798925
34.550000000000004                                0.933485102980998
34.6                                              0.9377897309856614
34.65                                             0.9416789454702641
34.7                                              0.9451792764249694
34.75                                             0.9483158943376646
34.8                                              0.9511126289835128
34.85                                             0.9535919960483583
34.900000000000006                                0.9557752323794537
34.95                                             0.9576823355979074
35                                                0.9593321121162266
35.050000000000004                                0.9607422234689641
35.1                                              0.9619292337369681
35.15                                             0.962908672363576
35.199999999999996                                0.963695058363804
35.24999999999999                                 0.9643019911072909
35.3                                              0.964742153759349
35.35                                             0.965027401442485
35.4                                              0.9651687888968656
35.449999999999996                                0.9651766208187573
35.5                                              0.9650604960739033
35.550000000000004                                0.9648293501880758
35.6                                              0.9644914960214408
35.65                                             0.9640546626022157
35.7                                              0.9635260321224458
35.75                                             0.9629122751181528
35.8                                              0.9622195838707301
35.849999999999994                                0.9614537040772335
35.9                                              0.9606199648450452
35.95                                             0.9597233070719374
36                                                0.9587683102757052
36.05                                             0.9577592179396133
36.1                                              0.9566999614401842
36.150000000000006                                0.9555941826233237
36.2                                              0.9544452550936346
36.25                                             0.9532563042794554
36.3                                              0.9520302263342828
36.35                                             0.9507697059324469
36.4                                              0.9494772330141531
36.449999999999996                                0.9481551185325573
36.5                                              0.9468055092522146
36.550000000000004                                0.945430401645775
36.6                                              0.944031654932454
36.65                                             0.9426110032992261
36.7                                              0.9411700673424516
36.75000000000001                                 0.939710364764872
36.800000000000004                                0.9382333203606689
36.849999999999994                                0.9367402753201097
36.9                                              0.9352324958854626
36.95                                             0.9337111813918891
37                                                0.9321774717261306
37.05                                             0.9306324542288961
37.1                                              0.9290771700535786
37.150000000000006                                0.927512619986286
37.2                                              0.9259397697387306
37.25                                             0.9243595547389225
37.300000000000004                                0.9227728844532882
37.35                                             0.9211806462710955
37.4                                              0.9195837089744124
37.449999999999996                                0.917982925788212
37.49999999999999                                 0.9163791358880325
37.55                                             0.914773170248941
37.6                                              0.9131658453466012
37.65                                             0.9115579736078642
37.699999999999996                                0.9099503622871382
37.75                                             0.9083438132449203
37.800000000000004                                0.9067391229519802
37.85                                             0.9051370900177349
37.9                                              0.9035384803612918
37.95                                             0.901944092360449
38                                                0.9003546976035044
38.05                                             0.8987710647983346
38.099999999999994                                0.8971939554024012
38.15                                             0.8956241221725756
38.2                                              0.894062307754025
38.25                                             0.8925092431135969
38.3                                              0.8909656457913794
38.35                                             0.8894322180580018
38.400000000000006                                0.8879096449646151
38.45                                             0.8863985922991943
38.5                                              0.8848997044702258
38.55                                             0.8834136023276395
38.6                                              0.8819408809275017
38.65                                             0.8804821072842123
38.699999999999996                                0.8790378181449067
38.75                                             0.8776085177724476
38.800000000000004                                0.8761946757495498
38.85                                             0.8747967248337929
38.9                                              0.8734150588847414
38.95                                             0.8720500308789211
39.00000000000001                                 0.8707019510278606
39.050000000000004                                0.8693710850120709
39.099999999999994                                0.8680576523420979
39.15                                             0.8667618248578213
39.2                                              0.8654837253839791
39.25                                             0.8642234265633205
39.3                                              0.8629809498867774
39.35                                             0.8617562649292728
39.400000000000006                                0.860549288794679
39.45                                             0.8593598857736265
39.5                                              0.8581878672209652
39.550000000000004                                0.8570329916604835
39.6                                              0.8558949651232801
39.65                                             0.8547734417245807
39.699999999999996                                0.853668024485735
39.75                                             0.8525782664129529
39.8                                              0.8515036718395407
39.85                                             0.8504436980152366
39.9                                              0.8493977569133572
39.949999999999996                                0.848365217255995
40                                                0.8473454067795713
40.050000000000004                                0.8463376147449643
40.1                                              0.84534109467704
40.15                                             0.8443550673196084
40.2                                              0.8433787237975622
40.25                                             0.84241122897619
40.3                                              0.8414517249708736
40.349999999999994                                0.84049933473814
40.4                                              0.8395531658374046
40.45                                             0.8386123144761901
40.5                                              0.8376758696491597
40.55                                             0.83674291726889
40.6                                              0.8358125443536493
40.650000000000006                                0.8348838433596428
40.7                                              0.8339559170876188
40.75                                             0.8330278841849066
40.8                                              0.8320988804356156
40.85                                             0.8311680615002051
40.9                                              0.8302346118080854
40.949999999999996                                0.8292977481507909
41                                                0.8283567225103342
41.050000000000004                                0.8274108253949249
41.1                                              0.8264593952756708
41.15                                             0.8255018138617984
41.2                                              0.8245375113791444
41.25000000000001                                 0.8235659727916141
41.300000000000004                                0.8225867546980941
41.349999999999994                                0.8215994437267639
41.4                                              0.8206037130358638
41.45                                             0.8195992935545742
41.5                                              0.8185859840884064
41.55                                             0.81756365124693
41.6                                              0.816532231985946
41.650000000000006                                0.8154917344943787
41.7                                              0.8144422389222886
41.75                                             0.8133838977635758
41.800000000000004                                0.8123169358784473
41.85                                             0.8112416501482506
41.9                                              0.8101584087580741
41.949999999999996                                0.8090676501052243
42                                                0.807969881332685
42.050000000000004                                0.8068656764898916
42.1                                              0.8057556743238142
42.15                                             0.8046405757064113
42.199999999999996                                0.8035211407059017
42.25                                             0.8023981853121566
42.300000000000004                                0.8012725778278078
42.35                                             0.8001452349393471
42.4                                              0.7990171174838526
42.45                                             0.7978892259292316
42.5                                              0.7967625955873139
42.55                                             0.7956382915812077
42.599999999999994                                0.7945174035897404
42.65                                             0.7934010403934292
42.7                                              0.7922903242476683
42.75                                             0.7911863851102994
42.8                                              0.790090354751952
42.85                                             0.7890033607779581
42.900000000000006                                0.7879265205924332
42.95                                             0.7868609353348276
43                                                0.7858076838208167
43.05                                             0.7847678165188373
43.1                                              0.783742349594534
43.15                                             0.7827322590549056
43.199999999999996                                0.7817384750240719
43.25                                             0.7807618761816986
43.300000000000004                                0.7798032843948635
43.35                                             0.7788634595736367
43.4                                              0.7779430947793886
43.45                                             0.7770428116162165
43.50000000000001                                 0.776163155932772
43.550000000000004                                0.775304593862115
43.599999999999994                                0.774467508223357
43.65                                             0.7736521953083169
43.7                                              0.7728588620730953
43.75                                             0.7720876237527587
43.8                                              0.7713385019078037
43.85                                             0.7706114228289335
43.900000000000006                                0.7699062298503466
43.95                                             0.7692226208773644
44                                                0.7685602661649449
44.050000000000004                                0.7679186935652299
44.1                                              0.7672973563806752
44.15                                             0.7666956011520568
44.199999999999996                                0.7661126885567897
44.25                                             0.7655477903316854
44.300000000000004                                0.7649999919147986
44.35                                             0.7644682958266157
44.4                                              0.7639516249761364
44.449999999999996                                0.7634488294308205
44.5                                              0.7629586897432309
44.550000000000004                                0.7624799225627605
44.6                                              0.7620111864335888
44.65                                             0.7615510878861035
44.7                                              0.7610981880033961
44.75                                             0.7606510093411966
44.8                                              0.7602080430535437
44.849999999999994                                0.7597677563094617
44.9                                              0.7593285999614272
44.95                                             0.7588890164160266
45                                                0.7584474476729166
45.05                                             0.7580023434936729
45.1                                              0.7575521696251262
45.150000000000006                                0.757095416012886
45.2                                              0.7566306050224046
45.25                                             0.7561562996475394
45.3                                              0.75567111161663
45.35                                             0.7551737093376211
45.4                                              0.7546628256463707
45.449999999999996                                0.7541372653184477
45.5                                              0.7535959122997543
45.550000000000004                                0.753037736607736
45.6                                              0.7524618008538648
45.65                                             0.7518672663434487
45.7                                              0.7512533987214279
45.75000000000001                                 0.7506195731420474
45.800000000000004                                0.7499652789279531
45.849999999999994                                0.7492901236729305
45.9                                              0.7485938367490619
45.95                                             0.7478762721895617
46                                                0.7471374109245752
46.05                                             0.7463773623488887
46.1                                              0.745596365204379
46.150000000000006                                0.7447947877624852
46.2                                              0.743973127297162
46.25                                             0.7431320088426132
46.300000000000004                                0.7422721832364026
46.35                                             0.7413945244486408
46.4                                              0.7405000261919187
46.449999999999996                                0.7395897977972474
46.5                                              0.7386650593578303
46.550000000000004                                0.7377271361835335
46.6                                              0.7367774526215013
46.65                                             0.7358175252652752
46.7                                              0.7348489555541432
46.75000000000001                                 0.7338734217801215
46.800000000000004                                0.732892670536977
46.85                                             0.7319085076529248
46.9                                              0.7309227886394816
46.95                                             0.7299374086680736
47                                                0.728954292097463
47.05                                             0.7279753817332567
47.099999999999994                                0.7270026280763233
47.15                                             0.7260379783661058
47.2                                              0.7250833651629384
47.25                                             0.7241406947452836
47.3                                              0.723211835571988
47.35                                             0.7222986068307362
47.400000000000006                                0.7214027671027465
47.45                                             0.7205260033447326
47.5                                              0.7196699204643332
47.55                                             0.7188360302061915
47.6                                              0.7180257393478782
47.65                                             0.717240341029201
47.699999999999996                                0.7164810060470176
47.75                                             0.715748773325036
47.800000000000004                                0.7150445397839842
47.85                                             0.714369050542934
47.9                                              0.7137229271625971
47.95                                             0.7131066123490764
48.00000000000001                                 0.7125203632902453
48.050000000000004                                0.711964285598777
48.099999999999994                                0.7114382991523438
48.15                                             0.71094223668796
48.2                                              0.7104756101154032
48.25                                             0.7100378447394792
48.3                                              0.7096282021233871
48.35                                             0.7092457387686935
48.400000000000006                                0.708889357811031
48.45                                             0.7085577977384485
48.5                                              0.7082496395635683
48.550000000000004                                0.7079633136543064
48.6                                              0.7076971075307695
48.65                                             0.70744917467104
48.699999999999996                                0.7072175442969513
48.74999999999999                                 0.7070001320933601
48.800000000000004                                0.7067947518056934
48.85                                             0.7065991276521454
48.9                                              0.7064109074804242
48.949999999999996                                0.7062276765928449
49.00000000000001                                 0.7060469721570919
49.050000000000004                                0.7058662981161442
49.1                                              0.7056831405048662
49.15                                             0.7054949830783902
49.2                                              0.7052993231524897
49.25                                             0.7050936875554092
49.3                                              0.7048756485870219
49.349999999999994                                0.7046428398812599
49.400000000000006                                0.704392972066677
49.45                                             0.704123848120289
49.5                                              0.7038333783105742
49.55                                             0.703519594627551
49.60000000000001                                 0.7031806645985127
49.650000000000006                                0.7028149043927745
49.7                                              0.702420791119849
49.75                                             0.7019969742310036
49.800000000000004                                0.7015422859374815
49.85                                             0.7010557505639435
49.9                                              0.7005365927615588
49.949999999999996                                0.6999842445099101
50.00000000000001                                 0.699398350844951
