20                                                0.3561170014787889
20.05                                             0.35584080957628794
20.1                                              0.3555647772318253
20.15                                             0.355288913418295
20.2                                              0.3550132228901856
20.25                                             0.35473770590912174
20.3                                              0.3544623579821849
20.35                                             0.35418716961230595
20.4                                              0.35391212605732664
20.45                                             0.3536372070951168
20.5                                              0.35336238680198884
20.55                                             0.3530876333608358
20.6                                              0.3528129089102767
20.650000000000002                                0.35253816943460986
20.7                                              0.35226336468830144
20.75                                             0.35198843809827085
20.8                                              0.3517133274574916
20.85                                             0.35143796286613316
20.900000000000002                                0.3511622678688028
20.95                                             0.3508861644469963
21                                                0.3506095646470876
21.05                                             0.3503323802483738
21.099999999999998                                0.35005449587704396
21.150000000000002                                0.34977583078781543
21.2                                              0.34949626923865235
21.249999999999996                                0.34921570045647116
21.299999999999997                                0.34893401016605485
21.349999999999998                                0.34865108114376364
21.4                                              0.34836679393580516
21.45                                             0.3480810275265273
21.5                                              0.347793660007853
21.549999999999997                                0.3475045693208702
21.599999999999998                                0.3472136340117662
21.65                                             0.34692073400136214
21.7                                              0.3466257513702547
21.75                                             0.34632857114162485
21.799999999999997                                0.3460290820366245
21.849999999999998                                0.3457271772088228
21.9                                              0.34542275494627434
21.95                                             0.34511571932033225
22                                                0.34480598076946284
22.05                                             0.34449345660583014
22.099999999999998                                0.34417807143313933
22.15                                             0.34385975746336933
22.2                                              0.34353845472044453
22.25                                             0.3432141111118619
22.3                                              0.34288668235449515
22.35                                             0.34255613175038774
22.4                                              0.34222242980975787
22.45                                             0.34188555371529467
22.5                                              0.3415454866197149
22.55                                             0.34120221677314616
22.6                                              0.3408557364787362
22.65                                             0.3405060408723573
22.7                                              0.3401531265278539
22.75                                             0.3397969899173289
22.8                                              0.33943762577117814
22.85                                             0.3390750253338508
22.900000000000002                                0.3387091744949957
22.95                                             0.3383400518300558
23                                                0.33796762660161467
23.05                                             0.3375918567576789
23.1                                              0.3372126869701245
23.150000000000002                                0.3368300467854923
23.2                                              0.33644384888862594
23.25                                             0.33605398740264303
23.3                                              0.33566033643336707
23.349999999999998                                0.3352627489710758
23.400000000000002                                0.33486105606948185
23.45                                             0.3344550663558128
23.5                                              0.3340445660044452
23.549999999999997                                0.3336293191252594
23.6                                              0.3332090683875247
23.65                                             0.33278353663825455
23.700000000000003                                0.3323524296518094
23.75                                             0.3319154307774435
23.799999999999997                                0.33147222184943415
23.849999999999998                                0.3310224714119587
23.9                                              0.3305658403046788
23.95                                             0.3301019921718585
24                                                0.3296305941585905
24.049999999999997                                0.3291513255821322
24.099999999999998                                0.3286638802216543
24.15                                             0.328167976711267
24.2                                              0.3276633618066111
24.25                                             0.3271498179564861
24.3                                              0.32662716945588816
24.349999999999998                                0.3260952885047549
24.4                                              0.32555410089351505
24.45                                             0.3250035911422232
24.5                                              0.32444380692099056
24.55                                             0.32387486257917203
24.6                                              0.3232969416121875
24.65                                             0.32271029789927397
24.7                                              0.32211525555674775
24.75                                             0.3215122072626905
24.8                                              0.320901610928023
24.85                                             0.32028398461472196
24.9                                              0.3196598996294785
24.95                                             0.3190299717595924
25                                                0.31839485065863393
25.05                                             0.3177552074357705
25.1                                              0.31711172055692644
25.150000000000002                                0.31646506022193
25.2                                              0.3158158714433022
25.25                                             0.3151647561152392
25.3                                              0.31451225442723924
25.35                                             0.3138588260394086
25.400000000000002                                0.313204831496859
25.45                                             0.31255051441647974
25.5                                              0.31189598502378224
25.55                                             0.3112412056547786
25.599999999999998                                0.3105859788617498
25.650000000000002                                0.3099299387711892
25.7                                              0.30927254632649315
25.75                                             0.30861308900124884
25.799999999999997                                0.30795068549037113
25.85                                             0.30728429579400157
25.9                                              0.3066127370098501
25.950000000000003                                0.3059347050308384
26                                                0.30524880222527806
26.05                                             0.3045535712672307
26.099999999999998                                0.3038475322651009
26.15                                             0.3031292293791934
26.2                                              0.3023972694371287
26.25                                             0.3016503803875577
26.299999999999997                                0.3008874629930135
26.349999999999998                                0.30010763835856535
26.4                                              0.2993103018472458
26.45                                             0.2984951813570399
26.5                                              0.297662345622905
26.55                                             0.29681227341490174
26.599999999999998                                0.29594586573481346
26.65                                             0.2950644624271866
26.7                                              0.29416984463418705
26.75                                             0.29326422264793417
26.8                                              0.29235020774323267
26.85                                             0.2914307668501098
26.9                                              0.2905091593515962
26.95                                             0.2895888557725774
27                                                0.28867343874583157
27.05                                             0.28776648736245125
27.1                                              0.2868714468135321
27.15                                             0.28599148617415837
27.2                                              0.2851293481856947
27.25                                             0.28428719589139095
27.3                                              0.2834664619882681
27.35                                             0.28266770768812066
27.400000000000002                                0.2818904986372037
27.45                                             0.28113330594982155
27.5                                              0.2803934405688037
27.55                                             0.27966702889196426
27.6                                              0.2789490368090844
27.65                                             0.2782333479402428
27.7                                              0.27751289994989503
27.749999999999996                                0.27677988037161916
27.8                                              0.27602598050237065
27.849999999999998                                0.27524270274553364
27.900000000000002                                0.2744217134700984
27.95                                             0.27355523020664024
28                                                0.2726364290077985
28.049999999999997                                0.27165985522266173
28.1                                              0.2706218188635116
28.15                                             0.2695207543003701
28.200000000000003                                0.26835752334117036
28.25                                             0.2671356406855245
28.3                                              0.26586140107223394
28.349999999999998                                0.26454388836694487
28.400000000000002                                0.26319484846254776
28.45                                             0.26182841022617465
28.500000000000004                                0.2604606420174848
28.549999999999997                                0.2591089359701717
28.6                                              0.25779121946774636
28.65                                             0.25652500301323644
28.700000000000003                                0.2553262847541269
28.75                                             0.25420834809164305
28.8                                              0.25318050838509376
28.849999999999998                                0.25224688482239604
28.899999999999995                                0.2514052938991306
28.95                                             0.25064637831610903
29.000000000000004                                0.24995309184886666
29.05                                             0.24930066248889962
29.099999999999998                                0.24865713812512918
29.15                                             0.24798458231514772
29.200000000000003                                0.24724089651506476
29.25                                             0.24638240463419817
29.299999999999997                                0.24536669193768157
29.35                                             0.24415599213269648
29.400000000000002                                0.24272060133483428
29.45                                             0.24104206181614568
29.499999999999996                                0.23911608797725523
29.55                                             0.23695471205059795
29.600000000000005                                0.2345876389207285
29.650000000000002                                0.23206253135539617
29.699999999999996                                0.22944407459581542
29.75                                             0.22681163890104744
29.800000000000004                                0.2242553506629882
29.85                                             0.221870378931078
29.9                                              0.21974928731465318
29.95                                             0.21797244210568542
29.999999999999996                                0.21659676410272402
30.05                                             0.21564360604622165
30.099999999999998                                0.2150872167845184
30.150000000000002                                0.21484599949801855
30.2                                              0.21477932689898582
30.25                                             0.2146926704618979
30.299999999999997                                0.2143528841596331
30.35                                             0.2135135635177935
30.4                                              0.21194786260185286
30.450000000000003                                0.20948385993815227
30.5                                              0.2060365187750907
30.55                                             0.20163104613058228
30.599999999999998                                0.19641470719699233
30.650000000000002                                0.19065677001240805
30.7                                              0.1847378105706574
30.750000000000004                                0.17912896473091747
30.799999999999997                                0.174358380756519
30.85                                             0.17095651393981523
30.9                                              0.16936615895244087
30.950000000000003                                0.16980327577153875
31                                                0.17207304769116988
31.05                                             0.1753963699212319
31.099999999999998                                0.17837604396414153
31.149999999999995                                0.17925685804651373
31.2                                              0.17649783460995508
31.250000000000004                                0.16940333393089915
31.3                                              0.15843360743238494
31.349999999999998                                0.14505527710695687
31.4                                              0.13136900491074976
31.450000000000003                                0.11988068171115718
31.5                                              0.11361169172477306
31.549999999999997                                0.11626669306868809
31.6                                              0.130485039167822
31.650000000000002                                0.14929275359219327
31.7                                              0.15066948620041287
31.749999999999996                                0.1279309306626957
31.8                                              0.09936923007517325
31.850000000000005                                0.07716797723429672
31.900000000000002                                0.07924745338957752
31.949999999999996                                0.09154815767853378
32                                                0.06756319256445739
32.050000000000004                                0.06563202858562807
32.1                                              0.06952141277913115
32.15                                             0.07704745716571279
32.2                                              0.08743132242942987
32.25                                             0.10024520599439145
32.300000000000004                                0.11519269420385414
32.35                                             0.13203752161432722
32.4                                              0.15057396122697794
32.449999999999996                                0.17061275269339782
32.5                                              0.19197404504537938
32.55                                             0.21448393552201953
32.6                                              0.23797300761216642
32.65                                             0.26227602876664713
32.7                                              0.2872323228178101
32.75                                             0.3126865152739424
32.800000000000004                                0.3384894532196247
32.85                                             0.3644991653198336
32.9                                              0.3905817698975034
32.949999999999996                                0.41661226939228296
33                                                0.4424751923188601
33.05                                             0.4680650614914025
33.1                                              0.49328668104204615
33.15                                             0.5180552453600444
33.2                                              0.5422962809939864
33.25                                             0.5659454381308304
33.300000000000004                                0.588948151849685
33.35                                             0.6112591952471433
33.4                                              0.632842147026228
33.45                                             0.6536687955528936
33.5                                              0.6737184999770961
33.55                                             0.6929775270506606
33.599999999999994                                0.7114383799772234
33.65                                             0.7290991331606788
33.7                                              0.7459627842208649
33.75                                             0.7620366322231275
33.8                                              0.7773316889009306
33.85                                             0.7918621277827068
33.900000000000006                                0.8056447743972348
33.95                                             0.8186986391069367
34                                                0.8310444929011943
34.05                                             0.8427044855840218
34.1                                              0.8537018050706212
34.15                                             0.8640603759425828
34.199999999999996                                0.8738045948520756
34.25                                             0.882959099811174
34.300000000000004                                0.8915485710265513
34.35                                             0.8995975615877334
34.4                                              0.9071303543433404
34.45                                             0.9141708416700209
34.50000000000001                                 0.920742426186638
34.550000000000004                                0.9268679403748832
34.6                                              0.9325695833166852
34.65                                             0.9378688703486734
34.7                                              0.9427865926315403
34.75                                             0.947342794221404
34.8                                              0.9515567554836426
34.85                                             0.955446982464275
34.900000000000006                                0.9590312037558025
34.95                                             0.9623263760473685
35                                                0.9653486884451165
35.050000000000004                                0.9681135740402852
35.1                                              0.9706357063746451
35.15                                             0.9729291287023836
35.199999999999996                                0.9750070139362117
35.24999999999999                                 0.9768820576196909
35.3                                              0.9785660913042203
35.35                                             0.9800704383778125
35.4                                              0.9814057714499174
35.449999999999996                                0.9825821722454351
35.5                                              0.9836091547654133
35.550000000000004                                0.9844956887365157
35.6                                              0.9852502229011457
35.65                                             0.9858807080109322
35.7                                              0.9863946194337239
35.75                                             0.9867989793066597
35.8                                              0.987100378184287
35.849999999999994                                0.9873049961438707
35.9                                              0.987418623320698
35.95                                             0.9874466798553232
36                                                0.9873942352419651
36.05                                             0.9872660270731916
36.1                                              0.9870664791806552
36.150000000000006                                0.9867997191752345
36.2                                              0.9864695953926729
36.25                                             0.986079693252784
36.3                                              0.9856333510418103
36.35                                             0.9851336751284528
36.4                                              0.9845835546247478
36.449999999999996                                0.9839856755032996
36.5                                              0.9833425341824004
36.550000000000004                                0.982656450590294
36.6                                              0.9819295807195155
36.65                                             0.9811639286815961
36.7                                              0.9803613582715853
36.75000000000001                                 0.9795236040511555
36.800000000000004                                0.9786522819586584
36.849999999999994                                0.977748899454579
36.9                                              0.9768148652120534
36.95                                             0.9758514983640968
37                                                0.9748600373187318
37.05                                             0.9738416481482042
37.1                                              0.9727974325488705
37.150000000000006                                0.971728435362866
37.2                                              0.9706356516589715
37.25                                             0.9695200333826253
37.300000000000004                                0.9683824955921233
37.35                                             0.9672239222941077
37.4                                              0.9660451718802321
37.449999999999996                                0.9648470821397535
37.49999999999999                                 0.9636304739399487
37.55                                             0.9623961584228411
37.6                                              0.9611449341761971
37.65                                             0.9598776008834355
37.699999999999996                                0.9585949539804351
37.75                                             0.9572977921779431
37.800000000000004                                0.9559869172295035
37.85                                             0.9546631372303154
37.9                                              0.9533272577805484
37.95                                             0.9519801103688408
38                                                0.950622523743718
38.05                                             0.9492553395228571
38.099999999999994                                0.9478794097682249
38.15                                             0.9464955969426471
38.2                                              0.9451047732599533
38.25                                             0.9437078201072913
38.3                                              0.9423056273798228
38.35                                             0.9408990922678923
38.400000000000006                                0.9394891178293765
38.45                                             0.9380766113715318
38.5                                              0.9366624826285782
38.55                                             0.9352476417222496
38.6                                              0.9338329969062988
38.65                                             0.9324194521848207
38.699999999999996                                0.9310079048365021
38.75                                             0.929599242785852
38.800000000000004                                0.9281943418440955
38.85                                             0.9267940628668103
38.9                                              0.9253992488522625
38.95                                             0.9240107219979321
39.00000000000001                                 0.922629280731813
39.050000000000004                                0.9212556967327993
39.099999999999994                                0.9198907119532961
39.15                                             0.918535035667504
39.2                                              0.9171893415808586
39.25                                             0.9158542650304865
39.3                                              0.9145304002926791
39.35                                             0.9132182980064405
39.400000000000006                                0.9119184627247641
39.45                                             0.9106313506088333
39.5                                              0.9093573672843077
39.550000000000004                                0.908096865877907
39.6                                              0.906850145253052
39.65                                             0.9056174484644299
39.699999999999996                                0.9043989614565956
39.75                                             0.903194812027938
39.8                                              0.9020050690477153
39.85                                             0.9008297418789459
39.9                                              0.8996687800095228
39.949999999999996                                0.8985220729758879
40                                                0.8973894506317872
40.050000000000004                                0.8962706837348571
40.1                                              0.8951654848202912
40.15                                             0.8940735093660602
40.2                                              0.8929943572735646
40.25                                             0.8919275746515725
40.3                                              0.8908726557146156
40.349999999999994                                0.8898290445858297
40.4                                              0.8887961376506691
40.45                                             0.8877732869599443
40.5                                              0.8867598036069054
40.55                                             0.8857549608068976
40.6                                              0.8847579972060714
40.650000000000006                                0.8837681205439829
40.7                                              0.8827845118447079
40.75                                             0.8818063305440557
40.8                                              0.8808327175103356
40.85                                             0.8798627971516501
40.9                                              0.8788956848722856
40.949999999999996                                0.8779304920483247
41                                                0.876966330013914
41.050000000000004                                0.8760023148059836
41.1                                              0.8750375697018188
41.15                                             0.8740712357661888
41.2                                              0.8731024711912126
41.25000000000001                                 0.8721304568619856
41.300000000000004                                0.8711544048918691
41.349999999999994                                0.8701735569341392
41.4                                              0.8691872120868055
41.45                                             0.8681946495886833
41.5                                              0.8671952718201945
41.55                                             0.8661884893732342
41.6                                              0.865173773553249
41.650000000000006                                0.8641506530816421
41.7                                              0.8631187170418536
41.75                                             0.8620776177780263
41.800000000000004                                0.8610270735269965
41.85                                             0.8599668707381443
41.9                                              0.8588968660581406
41.949999999999996                                0.8578169879627736
42                                                0.8567272380212259
42.050000000000004                                0.8556276917804133
42.1                                              0.854518499259432
42.15                                             0.8533998850463738
42.199999999999996                                0.8522721479915912
42.25                                             0.8511356604932245
42.300000000000004                                0.8499908673732056
42.35                                             0.8488382843435559
42.4                                              0.8476784960662793
42.45                                             0.8465121538110247
42.5                                              0.8453399727182896
42.55                                             0.8441627286777993
42.599999999999994                                0.8429812548335524
42.65                                             0.8417964377301211
42.7                                              0.840609213116289
42.75                                             0.8394205614244298
42.8                                              0.8382315029462913
42.85                                             0.8370430927273699
42.900000000000006                                0.8358564152044687
42.95                                             0.834672578612161
43                                                0.833492709186126
43.05                                             0.8323179451923159
43.1                                              0.8311494308124129
43.15                                             0.8299883099174259
43.199999999999996                                0.8288357197617011
43.25                                             0.8276927846304224
43.300000000000004                                0.8265606094748876
43.35                                             0.825440273569446
43.4                                              0.8243328242254678
43.45                                             0.8232392705987177
43.50000000000001                                 0.8221605776251575
43.550000000000004                                0.8210976601205038
43.599999999999994                                0.8200513770763724
43.65                                             0.8190225261856846
43.7                                              0.8180118386287066
43.75                                             0.8170199741518447
43.8                                              0.8160475164728023
43.85                                             0.815094969071134
43.900000000000006                                0.8141627482325903
43.95                                             0.8132511938260003
44                                                0.8123605378929653
44.050000000000004                                0.8114909380856622
44.1                                              0.8106424377475151
44.15                                             0.8098149958645595
44.199999999999996                                0.8090084701066407
44.25                                             0.8082226192342026
44.300000000000004                                0.807457104614898
44.35                                             0.8067114875758853
44.4                                              0.8059852328262579
44.449999999999996                                0.8052777098867149
44.5                                              0.8045881945181748
44.550000000000004                                0.8039158715611165
44.6                                              0.8032598381058823
44.65                                             0.8026191072169044
44.7                                              0.8019926121714174
44.75                                             0.8013792111297895
44.8                                              0.8007776923159127
44.849999999999994                                0.8001867796693948
44.9                                              0.7996051389274732
44.95                                             0.7990313841162185
45                                                0.7984640844294045
45.05                                             0.797901771459805
45.1                                              0.797342946714797
45.150000000000006                                0.7967860893739137
45.2                                              0.7962296643111593
45.25                                             0.7956721303453603
45.3                                              0.7951119486329586
45.35                                             0.7945475911549321
45.4                                              0.7939775492619927
45.449999999999996                                0.7934003422345933
45.5                                              0.79281452580871
45.550000000000004                                0.7922187006163971
45.6                                              0.7916115204892394
45.65                                             0.7909917005757509
45.7                                              0.7903580252272902
45.75000000000001                                 0.7897093556073027
45.800000000000004                                0.7890446369750479
45.849999999999994                                0.788362905597729
45.9                                              0.7876632952456692
45.95                                             0.7869450432257984
46                                                0.7862074959092887
46.05                                             0.7854501137120176
46.1                                              0.7846724754921155
46.150000000000006                                0.7838742823319614
46.2                                              0.7830553606755665
46.25                                             0.7822156647966182
46.300000000000004                                0.7813552785773338
46.35                                             0.7804744165831091
46.4                                              0.7795734244110744
46.449999999999996                                0.7786527782802137
46.5                                              0.7777130838320285
46.550000000000004                                0.7767550741529422
46.6                                              0.7757796070589777
46.65                                             0.7747876616607675
46.7                                              0.7737803341974222
46.75000000000001                                 0.7727588331335363
46.800000000000004                                0.7717244735341252
46.85                                             0.7706786707462276
46.9                                              0.769622933408618
46.95                                             0.7685588557762111
47                                                0.7674881092955063
47.05                                             0.7664124335241043
47.099999999999994                                0.7653336268597286
47.15                                             0.7642535371182748
47.2                                              0.7631740513477929
47.25                                             0.7620970849270908
47.3                                              0.7610245703836357
47.35                                             0.7599584460429827
47.400000000000006                                0.7589006445046889
47.45                                             0.7578530811026538
47.5                                              0.7568176427267259
47.55                                             0.7557961759005749
47.6                                              0.7547904732595758
47.65                                             0.7538022628511868
47.699999999999996                                0.7528331977184836
47.75                                             0.751884844281109
47.800000000000004                                0.7509586703702127
47.85                                             0.7500560313169601
47.9                                              0.749178178159959
47.95                                             0.7483262370735647
48.00000000000001                                 0.7475011779368433
48.050000000000004                                0.7467038358035012
48.099999999999994                                0.7459348861394112
48.15                                             0.7451948954062788
48.2                                              0.7444841966142222
48.25                                             0.7438029707398647
48.3                                              0.7431512904076071
48.35                                             0.7425289815367501
48.400000000000006                                0.7419357265222524
48.45                                             0.7413710284764623
48.5                                              0.7408342154341824
48.550000000000004                                0.7403244424895488
48.6                                              0.7398406948757766
48.65                                             0.7393817921556719
48.699999999999996                                0.7389463935414997
48.74999999999999                                 0.7385330043341644
48.800000000000004                                0.7381399834586804
48.85                                             0.7377655520633662
48.9                                              0.7374078031414286
48.949999999999996                                0.7370647121255552
49.00000000000001                                 0.7367341483979629
49.050000000000004                                0.7364138876513554
49.1                                              0.7361016250292459
49.15                                             0.7357949889677067
49.2                                              0.735491555654526
49.25                                             0.7351888640165822
49.3                                              0.7348844311410488
49.349999999999994                                0.7345757680330389
49.400000000000006                                0.734260395607273
49.45                                             0.7339358608104366
49.5                                              0.7335997527677722
49.55                                             0.7332497188465987
49.60000000000001                                 0.7328834805287034
49.650000000000006                                0.732498848984232
49.7                                              0.7320937402392771
49.75                                             0.7316661898324505
49.800000000000004                                0.7312143668561604
49.85                                             0.7307365872822867
49.9                                              0.7302313264742667
49.949999999999996                                0.7296972307927011
50.00000000000001                                 0.729133128204157
