20                                                0.3159201712827745
20.05                                             0.31562559565422926
20.1                                              0.31533101538546715
20.15                                             0.315036445369464
20.2                                              0.31474189661755547
20.25                                             0.31444737596950906
20.3                                              0.3141528858088477
20.35                                             0.3138584237825164
20.4                                              0.3135639825269991
20.45                                             0.31326954940894025
20.5                                              0.3129751062954912
20.55                                             0.312680629362468
20.6                                              0.31238608893888287
20.650000000000002                                0.3120914493826396
20.7                                              0.3117966689966836
20.75                                             0.3115017000287299
20.8                                              0.3112064883797443
20.85                                             0.3109109745207451
20.900000000000002                                0.3106150904767573
20.95                                             0.3103187648600824
21                                                0.3100219195325157
21.05                                             0.30972447477152015
21.099999999999998                                0.3094263291277789
21.150000000000002                                0.3091274013417387
21.2                                              0.30882758985278425
21.249999999999996                                0.30852679175367365
21.299999999999997                                0.3082249010773211
21.349999999999998                                0.3079218089125578
21.4                                              0.30761740406589577
21.45                                             0.3073115736387339
21.5                                              0.3070042037478541
21.549999999999997                                0.30669518028413495
21.599999999999998                                0.30638438967771797
21.65                                             0.3060717196791105
21.7                                              0.3057570601488239
21.75                                             0.3054403038502374
21.799999999999997                                0.30512134723852036
21.849999999999998                                0.3048000912275023
21.9                                              0.30447644191978745
21.95                                             0.304150311287997
22                                                0.30382161779312156
22.05                                             0.30349028692391694
22.099999999999998                                0.3031562516449196
22.15                                             0.30281945274032956
22.2                                              0.30247983904712994
22.25                                             0.30213736756749493
22.3                                              0.3017920034441325
22.35                                             0.301443719777981
22.4                                              0.3010924972762923
22.45                                             0.3007383237284391
22.5                                              0.3003811933085921
22.55                                             0.30002110570369367
22.6                                              0.299658065066458
22.65                                             0.29929207879857284
22.7                                              0.29892315617153625
22.75                                             0.2985513067838369
22.8                                              0.2981765388529416
22.85                                             0.2977988573720088
22.900000000000002                                0.2974182621753275
22.95                                             0.2970347459308442
23                                                0.2966482920764265
23.05                                             0.2962588727377067
23.1                                              0.2958664466874943
23.150000000000002                                0.2954709573995656
23.2                                              0.29507233109825176
23.25                                             0.29467047485110287
23.3                                              0.2942652750886272
23.349999999999998                                0.29385659641595807
23.400000000000002                                0.29344428062080136
23.45                                             0.2930281460468388
23.5                                              0.2926079873889255
23.549999999999997                                0.29218357563574665
23.6                                              0.2917546589496364
23.65                                             0.29132096427321735
23.700000000000003                                0.2908821994886441
23.75                                             0.29043804533655315
23.799999999999997                                0.28998819095713196
23.849999999999998                                0.2895322935236354
23.9                                              0.2890700104771515
23.95                                             0.2886009995189597
24                                                0.2881249170345938
24.049999999999997                                0.28764142915862817
24.099999999999998                                0.28715022061956574
24.15                                             0.28665099305166675
24.2                                              0.28614347750092717
24.25                                             0.28562743908191046
24.3                                              0.28510268368302427
24.349999999999998                                0.2845690643194956
24.4                                              0.2840264871182868
24.45                                             0.28347491677229986
24.5                                              0.2829143812875226
24.55                                             0.28234497584212376
24.6                                              0.28176686558127817
24.65                                             0.28118028717761495
24.7                                              0.2805855489950069
24.75                                             0.2799830297039526
24.8                                              0.27937317521503174
24.85                                             0.27875649382066975
24.9                                              0.278133549467823
24.95                                             0.27750495311969303
25                                                0.27687135220835435
25.05                                             0.27623341822738484
25.1                                              0.2755918325680598
25.150000000000002                                0.27494727076046294
25.2                                              0.27430038534404383
25.25                                             0.2736517876567557
25.3                                              0.2730020288980431
25.35                                             0.2723515808868947
25.400000000000002                                0.27170081699796217
25.45                                             0.2710499938151376
25.5                                              0.2703992340910331
25.55                                             0.2697485116378891
25.599999999999998                                0.2690976388020677
25.650000000000002                                0.26844625718718795
25.7                                              0.2677938322796811
25.75                                             0.2671396525870709
25.799999999999997                                0.26648283381891097
25.85                                             0.265822328545086
25.9                                              0.26515694166759923
25.950000000000003                                0.2644853519317899
26                                                0.2638061395867441
26.05                                             0.2631178203004735
26.099999999999998                                0.26241888340024555
26.15                                             0.261707836009776
26.2                                              0.26098324549905033
26.25                                             0.26024379625295413
26.299999999999997                                0.2594883462025385
26.349999999999998                                0.2587159720569908
26.4                                              0.2579260303238053
26.45                                             0.25711820083681847
26.5                                              0.256292516567184
26.55                                             0.2554494216219023
26.599999999999998                                0.25458978747392824
26.65                                             0.2537149302512899
26.7                                              0.2528266137819715
26.75                                             0.25192703770805236
26.8                                              0.25101880924130887
26.85                                             0.2501048975697703
26.9                                              0.24918857014613874
26.95                                             0.2482733106731308
27                                                0.2473627192305859
27.05                                             0.24646039571436446
27.1                                              0.24556980862031216
27.15                                             0.24469415209587614
27.2                                              0.2438361951366345
27.25                                             0.2429981278420441
27.3                                              0.2421814106248854
27.35                                             0.24138663315829445
27.400000000000002                                0.24061339057665315
27.45                                             0.2398601849314268
27.5                                              0.23912436005240334
27.55                                             0.23840207769320598
27.6                                              0.23768834207045783
27.65                                             0.2369770785877529
27.7                                              0.23626127065607866
27.749999999999996                                0.2355331561100575
27.8                                              0.23478448185584877
27.849999999999998                                0.2340068121962659
27.900000000000002                                0.23319188291791032
27.95                                             0.2323319898811941
28                                                0.23142039772948977
28.049999999999997                                0.23045175162165396
28.1                                              0.22942247273833485
28.15                                             0.22833111674553333
28.200000000000003                                0.22717867350379584
28.25                                             0.22596878628918762
28.3                                              0.22470786952385557
28.349999999999998                                0.22340510530499014
28.400000000000002                                0.2220723010436785
28.45                                             0.22072359347722828
28.500000000000004                                0.2193749883675964
28.549999999999997                                0.21804373052797693
28.6                                              0.2167475057886056
28.65                                             0.21550348654704182
28.700000000000003                                0.2143272450117878
28.75                                             0.2132315721789207
28.8                                              0.212225258273479
28.849999999999998                                0.21131190955400286
28.899999999999995                                0.21048889465418055
28.95                                             0.20974652841242303
29.000000000000004                                0.20906760972771862
29.05                                             0.2084274287818293
29.099999999999998                                0.2077943397628171
29.15                                             0.20713096229538897
29.200000000000003                                0.2063960896114945
29.25                                             0.20554701217666108
29.299999999999997                                0.20454264345370998
29.35                                             0.2033466967705127
29.400000000000002                                0.2019311002524303
29.45                                             0.20027917638453957
29.499999999999996                                0.19838846871502022
29.55                                             0.19627280587873278
29.600000000000005                                0.19396348926377732
29.650000000000002                                0.19150935309392886
29.699999999999996                                0.18897554018555304
29.75                                             0.18644083797277555
29.800000000000004                                0.18399343546553354
29.85                                             0.18172498321350952
29.9                                              0.1797228991024623
29.95                                             0.1780610041824001
29.999999999999996                                0.17678884161826794
30.05                                             0.17592046229103697
30.099999999999998                                0.17542404274921236
30.150000000000002                                0.1752143410387327
30.2                                              0.17515048313670947
30.25                                             0.17504159292648797
30.299999999999997                                0.17466201069395737
30.35                                             0.1737761513926526
30.4                                              0.1721706898525883
30.450000000000003                                0.16968944083411006
30.5                                              0.1662649740193134
30.55                                             0.16194135033433646
30.599999999999998                                0.15688432409203887
30.650000000000002                                0.15137801259494132
30.7                                              0.14580901510852393
30.750000000000004                                0.1406390520547023
30.799999999999997                                0.1363648350711317
30.85                                             0.1334594842251608
30.9                                              0.13228536704875446
30.950000000000003                                0.1329688091492436
31                                                0.13524264719403561
31.05                                             0.1383048550459507
31.099999999999998                                0.1408051197237813
31.149999999999995                                0.14109857967930786
31.2                                              0.137794400004853
31.250000000000004                                0.1303724722745309
31.3                                              0.11948848937007735
31.349999999999998                                0.1067935707372062
31.4                                              0.09448902556376751
31.450000000000003                                0.08499539784267496
31.5                                              0.08092281443962422
31.549999999999997                                0.08503992546848078
31.6                                              0.09854288188423878
31.650000000000002                                0.11385159047227768
31.7                                              0.111148979332297
31.749999999999996                                0.08716058100418327
31.8                                              0.06163541427459272
31.850000000000005                                0.04590034825590422
31.900000000000002                                0.05741009672123167
31.949999999999996                                0.05319261186490252
32                                                0.041099092041704685
32.050000000000004                                0.04505302722593776
32.1                                              0.053036172862544355
32.15                                             0.06356478939448326
32.2                                              0.07606892802728069
32.25                                             0.09021105213628547
32.300000000000004                                0.10574781820266425
32.35                                             0.12248406464784155
32.4                                              0.1402528535431621
32.449999999999996                                0.15890549063429854
32.5                                              0.17830614750863788
32.55                                             0.1983288623287343
32.6                                              0.21885585771321814
32.65                                             0.23977661624351487
32.7                                              0.2609873971069621
32.75                                             0.2823910053276951
32.800000000000004                                0.3038966972779568
32.85                                             0.3254201493876096
32.9                                              0.3468834439242914
32.949999999999996                                0.36821504321635057
33                                                0.38934973542201573
33.05                                             0.41022854295683736
33.1                                              0.430798590202506
33.15                                             0.4510129308869807
33.2                                              0.4708303380485153
33.25                                             0.4902150610866451
33.300000000000004                                0.5091365553228653
33.35                                             0.5275691899161075
33.4                                              0.5454919400130884
33.45                                             0.5628880687876124
33.5                                              0.579744804607376
33.55                                             0.5960530180359719
33.599999999999994                                0.6118069027884883
33.65                                             0.6270036641366409
33.7                                              0.6416432176465108
33.75                                             0.655727900528723
33.8                                              0.6692621973319917
33.85                                             0.6822524812246373
33.900000000000006                                0.6947067716988393
33.95                                             0.7066345091200892
34                                                0.7180463462074461
34.05                                             0.728953956266517
34.1                                              0.7393698578050182
34.15                                             0.7493072550429114
34.199999999999996                                0.7587798937268866
34.25                                             0.767801931154737
34.300000000000004                                0.7763878189405206
34.35                                             0.7845521986895564
34.4                                              0.7923098103019471
34.45                                             0.7996754108321033
34.50000000000001                                 0.8066637029483745
34.550000000000004                                0.8132892727983714
34.6                                              0.8195665378342536
34.65                                             0.8255096998957004
34.7                                              0.8311326972483987
34.75                                             0.8364491783292948
34.8                                              0.841472476277811
34.85                                             0.846215582780483
34.900000000000006                                0.8506911285267703
34.95                                             0.8549113682967026
35                                                0.8588881717275784
35.050000000000004                                0.8626330124695586
35.1                                              0.8661569632505492
35.15                                             0.86947069303123
35.199999999999996                                0.872584457260148
35.24999999999999                                 0.8755081415836308
35.3                                              0.8782511738563714
35.35                                             0.8808226217741467
35.4                                              0.8832311480744448
35.449999999999996                                0.8854850269635138
35.5                                              0.8875921505793849
35.550000000000004                                0.8895600363171948
35.6                                              0.8913958348115253
35.65                                             0.8931063384693679
35.7                                              0.8946979904676661
35.75                                             0.8961768941415554
35.8                                              0.8975488226986033
35.849999999999994                                0.8988192292027827
35.9                                              0.8999932567783496
35.95                                             0.9010757489904622
36                                                0.9020712603650295
36.05                                             0.9029840670144629
36.1                                              0.9038181773402508
36.150000000000006                                0.9045773427861988
36.2                                              0.905265068618824
36.25                                             0.9058846247136497
36.3                                              0.9064390563279141
36.35                                             0.9069311948416515
36.4                                              0.9073636684502473
36.449999999999996                                0.9077389127926432
36.5                                              0.9080591814998425
36.550000000000004                                0.9083265566491471
36.6                                              0.9085429591097405
36.65                                             0.9087101587655327
36.7                                              0.9088297846013761
36.75000000000001                                 0.9089033346389165
36.800000000000004                                0.9089321857083551
36.849999999999994                                0.9089176030432699
36.9                                              0.908860749685628
36.95                                             0.908762695689543
37                                                0.9086244271111745
37.05                                             0.9084468547703843
37.1                                              0.9082308227659729
37.150000000000006                                0.9079771167259046
37.2                                              0.9076864717776952
37.25                                             0.90735958023026
37.300000000000004                                0.9069970989599867
37.35                                             0.9065996564898088
37.4                                              0.9061678597414893
37.449999999999996                                0.9057023004305222
37.49999999999999                                 0.9052035604825721
37.55                                             0.9046722201092918
37.6                                              0.9041088580365676
37.65                                             0.903514068280108
37.699999999999996                                0.9028884472939316
37.75                                             0.9022326126357041
37.800000000000004                                0.9015472007221921
37.85                                             0.9008328647495902
37.9                                              0.9000902993799784
37.95                                             0.8993202141390714
38                                                0.8985233545478463
38.05                                             0.897700499241857
38.099999999999994                                0.8968524611981054
38.15                                             0.8959800888557883
38.2                                              0.895084266765342
38.25                                             0.8941659158369284
38.3                                              0.8932259932085301
38.35                                             0.8922654917286333
38.400000000000006                                0.8912854390690781
38.45                                             0.890286896480777
38.5                                              0.8892709572017616
38.55                                             0.8882387445244727
38.6                                              0.8871914095355012
38.65                                             0.8861301285622625
38.699999999999996                                0.8850561003416177
38.75                                             0.8839705429120759
38.800000000000004                                0.8828746902533324
38.85                                             0.8817697886996632
38.9                                              0.8806570931491254
38.95                                             0.8795378630903359
39.00000000000001                                 0.878413358468136
39.050000000000004                                0.8772848354077397
39.099999999999994                                0.8761535418154637
39.15                                             0.8750207128791837
39.2                                              0.8738875665062107
39.25                                             0.8727552987432688
39.3                                              0.8716250792128746
39.35                                             0.8704980465817449
39.400000000000006                                0.8693753040718334
39.45                                             0.868257915033065
39.5                                              0.867146898606144
39.550000000000004                                0.8660432255060374
39.6                                              0.8649478139545749
39.65                                             0.8638615257894592
39.699999999999996                                0.8627851627830767
39.75                                             0.861719463214118
39.8                                              0.8606650987244902
39.85                                             0.8596226714390457
39.9                                              0.8585927113033792
39.949999999999996                                0.857575673680453
40                                                0.8565719373027408
40.050000000000004                                0.8555818026147288
40.1                                              0.8546054904899779
40.15                                             0.8536431413177963
40.2                                              0.8526948144818812
40.25                                             0.8517604882604307
40.3                                              0.8508400600912153
40.349999999999994                                0.8499333469785202
40.4                                              0.8490400861944198
40.45                                             0.8481599368805818
40.5                                              0.8472924821783674
40.55                                             0.8464372314032071
40.6                                              0.8455936224790094
40.650000000000006                                0.8447610248059265
40.7                                              0.8439387429210166
40.75                                             0.8431260218038288
40.8                                              0.8423220493114352
40.85                                             0.8415259563220538
40.9                                              0.840736826012336
40.949999999999996                                0.839953699540323
41                                                0.839175579809205
41.050000000000004                                0.8384014360246377
41.1                                              0.8376302136855058
41.15                                             0.8368608347810679
41.2                                              0.8360922034860714
41.25000000000001                                 0.8353232168396529
41.300000000000004                                0.834552770651458
41.349999999999994                                0.833779759791307
41.4                                              0.8330030865537966
41.45                                             0.8322216851097096
41.5                                              0.8314344911643186
41.55                                             0.8306404792162133
41.6                                              0.8298386564426727
41.650000000000006                                0.8290280702484895
41.7                                              0.8282078141438348
41.75                                             0.827377033360427
41.800000000000004                                0.8265349302273516
41.85                                             0.8256807692829076
41.9                                              0.8248138820938785
41.949999999999996                                0.8239336717537014
42                                                0.823039617031691
42.050000000000004                                0.8221312761470877
42.1                                              0.82120829014257
42.15                                             0.8202703858350047
42.199999999999996                                0.8193173783218173
42.25                                             0.8183491730248829
42.300000000000004                                0.8173657672552911
42.35                                             0.816367251284887
42.4                                              0.8153538089133137
42.45                                             0.8143257175214286
42.5                                              0.8132833476050775
42.55                                             0.8122271617859288
42.599999999999994                                0.8111577132988712
42.65                                             0.8100756439583515
42.7                                              0.8089816816093098
42.75                                             0.8078766370707953
42.8                                              0.8067614005837385
42.85                                             0.8056369377772109
42.900000000000006                                0.8045042851699681
42.95                                             0.8033645452277124
43                                                0.8022188809983187
43.05                                             0.8010685103507246
43.1                                              0.7999146998450472
43.15                                             0.7987587582640868
43.199999999999996                                0.7976020298384294
43.25                                             0.7964458871990027
43.300000000000004                                0.7952917240935787
43.35                                             0.7941409479051732
43.4                                              0.7929949720133442
43.45                                             0.7918552080412046
43.50000000000001                                 0.7907230580308988
43.550000000000004                                0.789599906589597
43.599999999999994                                0.7884871130467916
43.65                                             0.7873860036644003
43.7                                              0.7862978639424965
43.75                                             0.7852239310662942
43.8                                              0.7841653865415538
43.85                                             0.7831233490740241
43.900000000000006                                0.7820988674258588
43.95                                             0.781092915408835
44                                                0.7801063828247469
44.050000000000004                                0.7791400706753634
44.1                                              0.7781946875625394
44.15                                             0.7772708425647106
44.199999999999996                                0.7763690416290913
44.25                                             0.7754896833073405
44.300000000000004                                0.7746330622957227
44.35                                             0.7737993469654779
44.4                                              0.7729885994089396
44.449999999999996                                0.7722007624215609
44.5                                              0.7714356604898444
44.550000000000004                                0.7706929996163393
44.6                                              0.7699723675400145
44.65                                             0.7692732344570409
44.7                                              0.7685949549272404
44.75                                             0.7679367702588912
44.8                                              0.7672978112985882
44.849999999999994                                0.7666771019967896
44.9                                              0.7660735636501064
44.95                                             0.7654860197668671
45                                                0.7649132015378216
45.05                                             0.7643537538889769
45.1                                              0.7638062420915758
45.150000000000006                                0.7632691589105399
45.2                                              0.7627409322608818
45.25                                             0.7622199333265139
45.3                                              0.7617044851022072
45.35                                             0.7611928713213152
45.4                                              0.7606833457250829
45.449999999999996                                0.7601741416260819
45.5                                              0.7596634817146981
45.550000000000004                                0.7591495880546162
45.6                                              0.7586306922104816
45.65                                             0.7581050454483139
45.7                                              0.7575709289502202
45.75000000000001                                 0.7570266639891989
45.800000000000004                                0.756470622012293
45.849999999999994                                0.7559012345783724
45.9                                              0.7553170030885396
45.95                                             0.7547165082415507
46                                                0.7540984191477252
46.05                                             0.7534615020411397
46.1                                              0.7528046285353458
46.150000000000006                                0.7521267833705069
46.2                                              0.7514270716023553
46.25                                             0.7507047251859732
46.300000000000004                                0.7499591089133701
46.35                                             0.7491897256681384
46.4                                              0.7483962209547103
46.449999999999996                                0.7475783866384429
46.5                                              0.7467361638276275
46.550000000000004                                0.7458696448798662
46.6                                              0.7449790745703222
46.65                                             0.7440648504341435
46.7                                              0.74312752224374
46.75000000000001                                 0.7421677905804445
46.800000000000004                                0.7411865044909633
46.85                                             0.740184658237228
46.9                                              0.7391633871448519
46.95                                             0.7381239625133819
47                                                0.7370677854898281
47.05                                             0.7359963799797048
47.099999999999994                                0.734911385142525
47.15                                             0.7338145475354755
47.2                                              0.732707712081132
47.25                                             0.7315928118829439
47.3                                              0.7304718574465856
47.35                                             0.7293469254163494
47.400000000000006                                0.7282201467686926
47.45                                             0.7270936946526945
47.5                                              0.7259697726834174
47.55                                             0.7248506023540042
47.6                                              0.723738406183257
47.65                                             0.7226353946873734
47.699999999999996                                0.7215437548930889
47.75                                             0.7204656359940126
47.800000000000004                                0.7194031345655613
47.85                                             0.7183582803022577
47.9                                              0.7173330311923592
47.95                                             0.7163292485968703
48.00000000000001                                 0.715348680927722
48.050000000000004                                0.7143929646701377
48.099999999999994                                0.7134636064264512
48.15                                             0.7125619719282262
48.2                                              0.7116892796500133
48.25                                             0.7108465420404145
48.3                                              0.7100347075625333
48.35                                             0.7092544373606249
48.400000000000006                                0.7085062554831271
48.45                                             0.7077904892574669
48.5                                              0.7071072699092767
48.550000000000004                                0.7064565295385407
48.6                                              0.7058379990516529
48.65                                             0.7052512073393622
48.699999999999996                                0.7046954817699299
48.74999999999999                                 0.704169950026659
48.800000000000004                                0.7036735433031359
48.85                                             0.7032050008580756
48.9                                              0.702762875919989
48.949999999999996                                0.7023455429227576
49.00000000000001                                 0.7019512060415978
49.050000000000004                                0.7015779089899667
49.1                                              0.701223546026752
49.15                                             0.7008858741143056
49.2                                              0.7005625261574789
49.25                                             0.700251025245908
49.3                                              0.6999487998127224
49.349999999999994                                0.6996531996157531
49.400000000000006                                0.6993615124398974
49.45                                             0.6990709814136036
49.5                                              0.698778822826513
49.55                                             0.6984822443312066
49.60000000000001                                 0.6981784634076449
49.650000000000006                                0.6978647259667009
49.7                                              0.6975383249665388
49.75                                             0.6971966189147843
49.800000000000004                                0.6968370501288021
49.85                                             0.6964571626271537
49.9                                              0.6960546195263332
49.949999999999996                                0.6956272198189617
50.00000000000001                                 0.6951729144125827
