20                                                0.3327942985836832
20.05                                             0.33250225545568046
20.1                                              0.33221024674070043
20.15                                             0.3319182851400847
20.2                                              0.3316263793181402
20.25                                             0.3313345336185123
20.3                                              0.33104274779378123
20.35                                             0.33075101674638546
20.4                                              0.33045933027340674
20.45                                             0.3301676728099029
20.5                                              0.3298760231800271
20.55                                             0.32958435438104966
20.6                                              0.3292926334155162
20.650000000000002                                0.3290008211696928
20.7                                              0.32870887232828927
20.75                                             0.32841673533983795
20.8                                              0.32812435209608887
20.85                                             0.3278316589962625
20.900000000000002                                0.32753858574514333
20.95                                             0.32724505646123725
21                                                0.32695098939927425
21.05                                             0.32665630038187493
21.099999999999998                                0.3263608784080966
21.150000000000002                                0.32606465037293114
21.2                                              0.325767502643917
21.249999999999996                                0.3254693294449103
21.299999999999997                                0.32517002103329623
21.349999999999998                                0.3248694646920418
21.4                                              0.3245675453922508
21.45                                             0.32426414641480794
21.5                                              0.32395915012920345
21.549999999999997                                0.3236524387427434
21.599999999999998                                0.3233438950643022
21.65                                             0.3230334032848993
21.7                                              0.3227208497706041
21.75                                             0.3224061238761702
21.799999999999997                                0.3220891187428561
21.849999999999998                                0.32176973205466425
21.9                                              0.32144786676062176
21.95                                             0.3211234317505634
22                                                0.32079634246697636
22.05                                             0.3204665214399616
22.099999999999998                                0.320133898734457
22.15                                             0.3197984122957588
22.2                                              0.3194600081782324
22.25                                             0.3191186406371643
22.3                                              0.3187742720696243
22.35                                             0.31842687280015924
22.4                                              0.31807642071137016
22.45                                             0.31772290071225073
22.5                                              0.3173663040351462
22.55                                             0.3170066273568903
22.6                                              0.3166438717406636
22.65                                             0.31627804139243765
22.7                                              0.3159091422270255
22.75                                             0.31553718027520955
22.8                                              0.3151621599974055
22.85                                             0.3147840825003886
22.900000000000002                                0.3144029436119002
22.95                                             0.3140187318432526
23                                                0.31363142630261415
23.05                                             0.31324099459876087
23.1                                              0.3128473907736223
23.150000000000002                                0.31245055334642763
23.2                                              0.3120504035103353
23.25                                             0.3116468433425471
23.3                                              0.31123975419047173
23.349999999999998                                0.31082899545197834
23.400000000000002                                0.3104144036598772
23.45                                             0.30999579190088944
23.5                                              0.30957294973555954
23.549999999999997                                0.30914564345983897
23.6                                              0.3087136165446709
23.65                                             0.3082765914183746
23.700000000000003                                0.3078342723837716
23.75                                             0.30738633017999967
23.799999999999997                                0.30693246219518805
23.849999999999998                                0.30647231586262524
23.9                                              0.3060055471965836
23.95                                             0.3055318125904768
24                                                0.30505076870984066
24.049999999999997                                0.3045620807891319
24.099999999999998                                0.3040654345032649
24.15                                             0.303560533358843
24.2                                              0.3030471110233285
24.25                                             0.3025249361354541
24.3                                              0.30199381899418115
24.349999999999998                                0.30145361789842867
24.4                                              0.30090424510646563
24.45                                             0.30034567224842734
24.5                                              0.2997779350144097
24.55                                             0.299201136936129
24.6                                              0.2986154520875275
24.65                                             0.29802112653681206
24.7                                              0.2974184783895621
24.75                                             0.29680789627214355
24.8                                              0.29618983612132677
24.85                                             0.2955648161723547
24.9                                              0.2949334100687453
24.95                                             0.29429623805505584
25                                                0.2936539562563661
25.05                                             0.2930072440971125
25.1                                              0.2923567899657418
25.150000000000002                                0.29170327529072976
25.2                                              0.2910473572558026
25.25                                             0.2903896504482048
25.3                                              0.2897307077997491
25.35                                             0.2890710012456865
25.400000000000002                                0.28841090259046037
25.45                                             0.28775066512291037
25.5                                              0.28709040657522783
25.55                                             0.286430094054185
25.599999999999998                                0.2857695315995335
25.650000000000002                                0.2851083510340389
25.7                                              0.2844460067582103
25.75                                             0.28378177510117586
25.799999999999997                                0.28311475876182207
25.85                                             0.2824438967779195
25.9                                              0.2817679803536039
25.950000000000003                                0.2810856747589333
26                                                0.28039554739493233
26.05                                             0.2796961022029308
26.099999999999998                                0.27898581727300165
26.15                                             0.2782631919162248
26.2                                              0.27752678808075276
26.25                                             0.2767752866161538
26.299999999999997                                0.27600754525942506
26.349999999999998                                0.2752226425272766
26.4                                              0.27441994711279405
26.45                                             0.27359914087733905
26.5                                              0.2727602751227442
26.55                                             0.2719038117343863
26.599999999999998                                0.27103064408027205
26.65                                             0.2701421140008132
26.7                                              0.2692400145700759
26.75                                             0.26832657784910674
26.8                                              0.26740444624809556
26.85                                             0.26647662635656594
26.9                                              0.265546424500491
26.95                                             0.26461736383556794
27                                                0.2636930834144063
27.05                                             0.26277722037684376
27.1                                              0.2618732772621112
27.15                                             0.26098447741355446
27.2                                              0.26011361240131065
27.25                                             0.25926288640405615
27.3                                              0.2584337635158623
27.35                                             0.2576268248598958
27.400000000000002                                0.2568416431411239
27.45                                             0.25607668276795903
27.5                                              0.255329233832039
27.55                                             0.25459538795236064
27.6                                              0.2538700631890261
27.65                                             0.25314708388364054
27.7                                              0.2524193193686783
27.749999999999996                                0.2516788830408044
27.8                                              0.2509173903819325
27.849999999999998                                0.2501262712760168
27.900000000000002                                0.24929712857686925
27.95                                             0.2484221315296419
28                                                0.24749442953065368
28.049999999999997                                0.2465085690083273
28.1                                              0.24546089404229943
28.15                                             0.2443499098002684
28.200000000000003                                0.2431765870990677
28.25                                             0.24194458635796415
28.3                                              0.24066037976119312
28.349999999999998                                0.2393332516224455
28.400000000000002                                0.23797515888041879
28.45                                             0.23660043643349232
28.500000000000004                                0.23522533583880464
28.549999999999997                                0.2338673911748034
28.6                                              0.23254461315738656
28.65                                             0.2312745221461333
28.700000000000003                                0.23007304287068397
28.75                                             0.22895329941108034
28.8                                              0.22792436711855912
28.849999999999998                                0.22699005783192053
28.899999999999995                                0.22614783464057653
28.95                                             0.22538796615680332
29.000000000000004                                0.22469303816284408
29.05                                             0.2240379504715318
29.099999999999998                                0.22339049097743258
29.15                                             0.22271254982464178
29.200000000000003                                0.22196204984633863
29.25                                             0.22109534235895073
29.299999999999997                                0.22007034170490158
29.35                                             0.21884978099877073
29.400000000000002                                0.21740467605181094
29.45                                             0.21571757245701595
29.499999999999996                                0.21378541438700166
29.55                                             0.2116216746095366
29.600000000000005                                0.20925761437662388
29.650000000000002                                0.206742413586703
29.699999999999996                                0.2041420261186526
29.75                                             0.2015365868292423
29.800000000000004                                0.19901621234815972
29.85                                             0.19667504952092102
29.9                                              0.1946034813256075
29.95                                             0.19287854419230988
29.999999999999996                                0.19155289419174773
30.05                                             0.19064311943949216
30.099999999999998                                0.1901188206332336
30.150000000000002                                0.1898945666443296
30.2                                              0.18982734743650626
30.25                                             0.1897221540287703
30.299999999999997                                0.18934748015485028
30.35                                             0.18846074053412976
30.4                                              0.18684114241979263
30.450000000000003                                0.18432520977542022
30.5                                              0.18083892145637243
30.55                                             0.17642093122069866
30.599999999999998                                0.17123343041625882
30.650000000000002                                0.1655598863268602
30.7                                              0.15979072624200577
30.750000000000004                                0.15439784517050825
30.799999999999997                                0.14989606994448906
30.85                                             0.14678485419142664
30.9                                              0.14545859538314318
30.950000000000003                                0.1460745287387756
31                                                0.14838400149542474
31.05                                             0.15157869942552463
31.099999999999998                                0.1542712247827661
31.149999999999995                                0.15475575324834623
31.2                                              0.15157263229341594
31.250000000000004                                0.1441374425992615
31.3                                              0.13305074877861642
31.349999999999998                                0.11992608296474733
31.4                                              0.10696559398685271
31.450000000000003                                0.09666066202385964
31.5                                              0.0918064293228075
31.549999999999997                                0.09552657290946291
31.6                                              0.10949314148058908
31.650000000000002                                0.12617767021321352
31.7                                              0.12475334494331293
31.749999999999996                                0.10077908900851792
31.8                                              0.07378961256091758
31.850000000000005                                0.055629709301109144
31.900000000000002                                0.06437510645640185
31.949999999999996                                0.06533602204391374
32                                                0.04911514238089645
32.050000000000004                                0.051284112271714456
32.1                                              0.058167961027864465
32.15                                             0.06801742270249947
32.2                                              0.08017760341265175
32.25                                             0.09426990155277812
32.300000000000004                                0.11002437528628375
32.35                                             0.127224625817817
32.4                                              0.1456843485642133
32.449999999999996                                0.16523586648584437
32.5                                              0.18572412718390374
32.55                                             0.20700350201229759
32.6                                              0.22893612871883953
32.65                                             0.2513911366612547
32.7                                              0.27424437947879204
32.75                                             0.29737844972923166
32.800000000000004                                0.32068283470150516
32.85                                             0.34405412355059695
32.9                                              0.3673962082114055
32.949999999999996                                0.3906204421038286
33                                                0.41364573552726996
33.05                                             0.4363985771422953
33.1                                              0.45881297840435137
33.15                                             0.48083034308252026
33.2                                              0.5023992676230056
33.25                                             0.5234752804615481
33.300000000000004                                0.5440205297518097
33.35                                             0.5640034295664333
33.4                                              0.5833982746201091
33.45                                             0.6021848331543828
33.5                                              0.6203479269067391
33.55                                             0.6378770061796858
33.599999999999994                                0.654765727004837
33.65                                             0.6710115363296167
33.7                                              0.6866152701002337
33.75                                             0.7015807681014882
33.8                                              0.7159145084867781
33.85                                             0.7296252640847567
33.900000000000006                                0.7427237818464669
33.95                                             0.7552224861441408
34                                                0.7671352061039286
34.05                                             0.7784769267111257
34.1                                              0.7892635630868617
34.15                                             0.799511757079414
34.199999999999996                                0.8092386951138312
34.25                                             0.8184619459777407
34.300000000000004                                0.8271993170758206
34.35                                             0.8354687281335715
34.4                                              0.8432881011131382
34.45                                             0.8506752646484466
34.50000000000001                                 0.857647871702437
34.550000000000004                                0.8642233294487347
34.6                                              0.8704187405997884
34.65                                             0.8762508527672741
34.7                                              0.8817360145355059
34.75                                             0.8868901461116963
34.8                                              0.8917287129023798
34.85                                             0.8962667034453863
34.900000000000006                                0.9005186144242332
34.95                                             0.9044984457415159
35                                                0.9082196788130373
35.050000000000004                                0.9116952872428778
35.1                                              0.9149377322380878
35.15                                             0.9179589688569457
35.199999999999996                                0.9207704356091165
35.24999999999999                                 0.9233830997128087
35.3                                              0.9258073972399978
35.35                                             0.9280533111345703
35.4                                              0.9301303450042364
35.449999999999996                                0.9320475424169019
35.5                                              0.9338134986800557
35.550000000000004                                0.9354363732835894
35.6                                              0.9369239027899141
35.65                                             0.9382834140546675
35.7                                              0.9395218376849948
35.75                                             0.9406457216559192
35.8                                              0.9416612450180339
35.849999999999994                                0.9425742316401052
35.9                                              0.9433901639393986
35.95                                             0.9441141965596178
36                                                0.944751169963848
36.05                                             0.9453056239138805
36.1                                              0.9457818108128371
36.150000000000006                                0.9461837088907731
36.2                                              0.9465150352168643
36.25                                             0.9467792585238727
36.3                                              0.9469796118326057
36.35                                             0.9471191048657902
36.4                                              0.9472005362422772
36.449999999999996                                0.9472265054430293
36.5                                              0.9471994245413407
36.550000000000004                                0.9471215296902029
36.6                                              0.9469948923602146
36.65                                             0.9468214303208251
36.7                                              0.946602918358791
36.75000000000001                                 0.9463409987270102
36.800000000000004                                0.946037191317015
36.849999999999994                                0.9456929035493229
36.9                                              0.9453094399763565
36.95                                             0.9448880115931748
37                                                0.9444297448513248
37.05                                             0.9439356903677902
37.1                                              0.9434068313162469
37.150000000000006                                0.9428440914867277
37.2                                              0.9422483430045946
37.25                                             0.9416204137064644
37.300000000000004                                0.9409610941738719
37.35                                             0.9402711444201897
37.4                                              0.9395513002166903
37.449999999999996                                0.9388022790108509
37.49999999999999                                 0.9380247867868915
37.55                                             0.9372195166984107
37.6                                              0.9363871647169297
37.65                                             0.9355284322354502
37.699999999999996                                0.9346440183291073
37.75                                             0.9337346367765486
37.800000000000004                                0.9328010138094438
37.85                                             0.9318438874012719
37.9                                              0.9308640209366335
37.95                                             0.9298621949900838
38                                                0.9288392117113232
38.05                                             0.9277958981463519
38.099999999999994                                0.9267331062214731
38.15                                             0.9256517134617284
38.2                                              0.9245526231075353
38.25                                             0.9234367641049547
38.3                                              0.9223050908122293
38.35                                             0.9211585822112471
38.400000000000006                                0.9199982408196681
38.45                                             0.9188250913142325
38.5                                              0.9176401788683147
38.55                                             0.9164445671972011
38.6                                              0.9152393362824366
38.65                                             0.9140255798447121
38.699999999999996                                0.9128044026480158
38.75                                             0.9115769175864274
38.800000000000004                                0.9103442425467321
38.85                                             0.909107497091055
38.9                                              0.9078677989899192
38.95                                             0.906626260627465
39.00000000000001                                 0.9053839852965779
39.050000000000004                                0.9041420634004511
39.099999999999994                                0.9029015685767958
39.15                                             0.9016635537668352
39.2                                              0.9004290472625636
39.25                                             0.8991990487723407
39.3                                              0.8979745255413595
39.35                                             0.8967564085459709
39.400000000000006                                0.8955455887691991
39.45                                             0.8943429135690769
39.5                                              0.8931491831620064
39.550000000000004                                0.8919651472470775
39.6                                              0.8907915017955174
39.65                                             0.8896288860268009
39.699999999999996                                0.8884778795948745
39.75                                             0.8873390000217066
39.8                                              0.8862127004221749
39.85                                             0.8850993675235336
39.9                                              0.8839993199288262
39.949999999999996                                0.8829128066125775
40                                                0.8818400057175221
40.050000000000004                                0.8807810237070062
40.1                                              0.8797358948760444
40.15                                             0.8787045812125628
40.2                                              0.8776869726142418
40.25                                             0.8766828874686118
40.3                                              0.8756920735505561
40.349999999999994                                0.8747142091290341
40.4                                              0.8737489044306668
40.45                                             0.8727957037420675
40.5                                              0.8718540878581663
40.55                                             0.8709234766698171
40.6                                              0.8700032320436946
40.650000000000006                                0.8690926610742666
40.7                                              0.8681910198281285
40.75                                             0.8672975176835597
40.8                                              0.8664113205140761
40.85                                             0.865531554124029
40.9                                              0.8646573106489727
40.949999999999996                                0.8637876531175822
41                                                0.8629216191048517
41.050000000000004                                0.8620582241927538
41.1                                              0.8611964896884043
41.15                                             0.8603354114236297
41.2                                              0.8594739741803672
41.25000000000001                                 0.8586111743659592
41.300000000000004                                0.8577460412444152
41.349999999999994                                0.856877569715253
41.4                                              0.8560048087190139
41.45                                             0.855126826744558
41.5                                              0.8542427215443571
41.55                                             0.8533516267582524
41.6                                              0.8524527178374693
41.650000000000006                                0.8515452169316539
41.7                                              0.8506283977477944
41.75                                             0.8497015901848756
41.800000000000004                                0.8487641847120004
41.85                                             0.8478156364624758
41.9                                              0.8468554690182232
41.949999999999996                                0.8458832778602237
42                                                0.8448987334616398
42.050000000000004                                0.8439015840028072
42.1                                              0.8428916576882444
42.15                                             0.8418688646484128
42.199999999999996                                0.8408331984108347
42.25                                             0.8397847369270475
42.300000000000004                                0.8387236431445912
42.35                                             0.8376501651149555
42.4                                              0.8365646356315372
42.45                                             0.8354674713934718
42.5                                              0.8343591716943412
42.55                                             0.8332403166374046
42.599999999999994                                0.8321115648810333
42.65                                             0.830973650921587
42.7                                              0.8298273819230283
42.75                                             0.8286736341053406
42.8                                              0.8275133487066446
42.85                                             0.8263475275364064
42.900000000000006                                0.8251772281393163
42.95                                             0.82400355859267
43                                                0.8228276719613228
43.05                                             0.8216507604376667
43.1                                              0.8204740491951727
43.15                                             0.8192987899866186
43.199999999999996                                0.818126254519245
43.25                                             0.8169577276407308
43.300000000000004                                0.815794500371642
43.35                                             0.8146378628206237
43.4                                              0.8134890970216987
43.45                                             0.8123494697331011
43.50000000000001                                 0.8112202252387544
43.550000000000004                                0.8101025781917873
43.599999999999994                                0.8089977065386739
43.65                                             0.807906744562544
43.7                                              0.8068307760847149
43.75                                             0.8057708278657724
43.8                                              0.8047278632545924
43.85                                             0.8037027762087455
43.900000000000006                                0.8026963753583982
43.95                                             0.8017094258162939
44                                                0.8007425533909676
44.050000000000004                                0.799796333493814
44.1                                              0.7988712237052044
44.15                                             0.7979675968466591
44.199999999999996                                0.7970857196884492
44.25                                             0.7962257541975776
44.300000000000004                                0.7953877596210325
44.35                                             0.7945716808876856
44.4                                              0.7937773578376796
44.449999999999996                                0.7930045200756128
44.5                                              0.7922527876023395
44.550000000000004                                0.7915216717676388
44.6                                              0.7908105766540164
44.65                                             0.7901188009701525
44.7                                              0.7894455406534993
44.75                                             0.7887898921411248
44.8                                              0.7881508561337933
44.849999999999994                                0.7875273419491823
44.9                                              0.7869181724581326
44.95                                             0.7863220895712277
45                                                0.7857377602495658
45.05                                             0.78516378301159
45.1                                              0.7845986949093589
45.150000000000006                                0.7840409789488457
45.2                                              0.7834890719164205
45.25                                             0.7829413725672748
45.3                                              0.7823962501382604
45.35                                             0.7818520531444838
45.4                                              0.7813071184146673
45.449999999999996                                0.7807597803167313
45.5                                              0.7802083801237399
45.550000000000004                                0.7796512754676922
45.6                                              0.7790868498234791
45.65                                             0.7785135219640672
45.7                                              0.7779297553302319
45.75000000000001                                 0.7773340672724716
45.800000000000004                                0.7767250381220276
45.849999999999994                                0.7761013200387591
45.9                                              0.7754616455711225
45.95                                             0.7748048358637424
46                                                0.7741298084544969
46.05                                             0.77343558461141
46.1                                              0.7727212961625459
46.150000000000006                                0.7719861917756522
46.2                                              0.7712296426442016
46.25                                             0.770451147541606
46.300000000000004                                0.7696503372102241
46.35                                             0.7688269780588896
46.4                                              0.7679809751369765
46.449999999999996                                0.7671123743330057
46.5                                              0.7662213637359757
46.550000000000004                                0.7653082741445777
46.6                                              0.7643735787671005
46.65                                             0.763417892134859
46.7                                              0.7624419682047655
46.75000000000001                                 0.7614466976202146
46.800000000000004                                0.7604331041267876
46.85                                             0.7594023401580858
46.9                                              0.7583556816077358
46.95                                             0.7572945217733049
47                                                0.7562203644020717
47.05                                             0.7551348158732596
47.099999999999994                                0.7540395769295921
47.15                                             0.7529364341008595
47.2                                              0.7518272502488983
47.25                                             0.7507139541792439
47.3                                              0.7495985297261931
47.35                                             0.7484830044564317
47.400000000000006                                0.7473694380264898
47.45                                             0.7462599104357003
47.5                                              0.7451565103378907
47.55                                             0.7440613211906076
47.6                                              0.7429764064057792
47.65                                             0.7419037992108014
47.699999999999996                                0.740845490450999
47.75                                             0.7398034146955946
47.800000000000004                                0.7387794364133565
47.85                                             0.7377753326866319
47.9                                              0.7367927980546216
47.95                                             0.7358334317228593
48.00000000000001                                 0.734898690175762
48.050000000000004                                0.7339899107941981
48.099999999999994                                0.7331082829158364
48.15                                             0.7322549015200769
48.2                                              0.7314306371020035
48.25                                             0.7306361882332134
48.3                                              0.7298721933769319
48.35                                             0.729138994913909
48.400000000000006                                0.7284368057347594
48.45                                             0.7277656471572485
48.5                                              0.7271253520713887
48.550000000000004                                0.7265155639347239
48.6                                              0.7259357366510972
48.65                                             0.7253851356304138
48.699999999999996                                0.724862840091499
48.74999999999999                                 0.7243677466224099
48.800000000000004                                0.723898574000207
48.85                                             0.7234538692576584
48.9                                              0.7230320149769597
48.949999999999996                                0.7226312377783048
49.00000000000001                                 0.7222496179635356
49.050000000000004                                0.7218851002652538
49.1                                              0.721535505642731
49.15                                             0.721198544058251
49.2                                              0.720871828158818
49.25                                             0.7205528877815692
49.3                                              0.7202391851926214
49.349999999999994                                0.7199281309649989
49.400000000000006                                0.7196171003940885
49.45                                             0.719303450344512
49.5                                              0.718984536419576
49.55                                             0.7186577303387477
49.60000000000001                                 0.7183204374084144
49.650000000000006                                0.7179701139682758
49.7                                              0.7176042846945806
49.75                                             0.717220559642528
49.800000000000004                                0.7168166509086105
49.85                                             0.7163903887973004
49.9                                              0.7159397373767877
49.949999999999996                                0.7154628093120571
50.00000000000001                                 0.7149578798663394
