20                                                0.3779086815156593
20.05                                             0.37770011420822547
20.1                                              0.3774921313484254
20.15                                             0.3772847356431084
20.2                                              0.3770779255394301
20.25                                             0.37687169500168877
20.3                                              0.37666603329984155
20.35                                             0.3764609248083261
20.4                                              0.37625634881041914
20.45                                             0.37605227930835
20.5                                              0.37584868485016815
20.55                                             0.3756455283878182
20.6                                              0.3754427671724213
20.650000000000002                                0.37524035268540357
20.7                                              0.375038230610145
20.75                                             0.37483634102394
20.8                                              0.37463461546744087
20.85                                             0.3744329859942426
20.900000000000002                                0.3742313738463806
20.95                                             0.374029695249376
21                                                0.3738278632797683
21.05                                             0.3736257880583879
21.099999999999998                                0.37342335489022815
21.150000000000002                                0.37322048255985507
21.2                                              0.37301705526269024
21.249999999999996                                0.3728129629115404
21.299999999999997                                0.3726080919791658
21.349999999999998                                0.372402326180457
21.4                                              0.37219554703528623
21.45                                             0.3719876343676745
21.5                                              0.37177846696010086
21.549999999999997                                0.3715679231771415
21.599999999999998                                0.3713558815893216
21.65                                             0.3711422216091708
21.7                                              0.37092682414350636
21.75                                             0.3707095722563069
21.799999999999997                                0.37049035179927875
21.849999999999998                                0.3702690520103948
21.9                                              0.37004556608921885
21.95                                             0.36981979172911744
22                                                0.3695916315922265
22.05                                             0.36936099371898323
22.099999999999998                                0.3691277918647338
22.15                                             0.36889194575552897
22.2                                              0.3686533812510596
22.25                                             0.3684120303957388
22.3                                              0.3681678313462232
22.35                                             0.36792072817456617
22.4                                              0.3676706705490453
22.45                                             0.3674176132888753
22.5                                              0.3671615157885682
22.55                                             0.36690234130933097
22.6                                              0.3666400561351931
22.65                                             0.36637462858080405
22.7                                              0.3661060278366138
22.75                                             0.36583422269251253
22.8                                              0.36555918023008943
22.85                                             0.36528086447342434
22.900000000000002                                0.36499923492612624
22.95                                             0.36471424501333344
23                                                0.3644258404918379
23.05                                             0.36413395786093217
23.1                                              0.363838522804392
23.150000000000002                                0.3635394487892299
23.2                                              0.3632366358940945
23.25                                             0.3629299695289477
23.3                                              0.3626193192088324
23.349999999999998                                0.36230453777929045
23.400000000000002                                0.36198546093617234
23.45                                             0.36166190700055134
23.5                                              0.36133367710656034
23.549999999999997                                0.36100055563427585
23.6                                              0.36066231077080185
23.65                                             0.36031869613643275
23.700000000000003                                0.3599694529227171
23.75                                             0.35961430554041357
23.799999999999997                                0.3592529847333378
23.849999999999998                                0.3588852020349107
23.9                                              0.3585106728940894
23.95                                             0.3581291156660753
24                                                0.35774025529144493
24.049999999999997                                0.3573438255250481
24.099999999999998                                0.3569395797383949
24.15                                             0.35652729092609603
24.2                                              0.3561067592589173
24.25                                             0.35567781671527077
24.3                                              0.35524033223745494
24.349999999999998                                0.35479421663542304
24.4                                              0.35433942714518196
24.45                                             0.35387597150910655
24.5                                              0.3534039114409461
24.55                                             0.3529233653366753
24.6                                              0.3524345100943236
24.65                                             0.35193758191033686
24.7                                              0.3514328759261302
24.75                                             0.35092074461033296
24.8                                              0.3504015947767221
24.85                                             0.34987588315926305
24.9                                              0.34934411049023
24.95                                             0.34880681405716696
25                                                0.34826455874870665
25.05                                             0.34771792663796885
25.1                                              0.3471675051956132
25.150000000000002                                0.3466138742716944
25.2                                              0.34605759203538966
25.25                                             0.3454991801143848
25.3                                              0.34493910822820045
25.35                                             0.34437777866184893
25.400000000000002                                0.3438155109763693
25.45                                             0.34325252739626194
25.5                                              0.34268893935247774
25.55                                             0.34212473568878454
25.599999999999998                                0.3415597730572788
25.650000000000002                                0.3409937690319206
25.7                                              0.34042629845028594
25.75                                             0.3398567934529466
25.799999999999997                                0.33928454763289007
25.85                                             0.33870872463705237
25.9                                              0.3381283714743342
25.950000000000003                                0.3375424366782318
26                                                0.3369497933752812
26.05                                             0.3363492675550404
26.099999999999998                                0.3357396675268083
26.15                                             0.3351198253500666
26.2                                              0.3344886294069757
26.25                                             0.3338450644005889
26.299999999999997                                0.3331882635000334
26.349999999999998                                0.3325175431228681
26.4                                              0.3318324453556278
26.45                                             0.33113279437956117
26.5                                              0.33041869285110953
26.55                                             0.3296905851219707
26.599999999999998                                0.32894926604166513
26.65                                             0.32819589483326433
26.7                                              0.32743199750455115
26.75                                             0.32665945711213334
26.8                                              0.3258804908348707
26.85                                             0.325097612911155
26.9                                              0.32431358269065963
26.95                                             0.32353133753945346
27                                                0.32275391081860266
27.05                                             0.3219843357526986
27.1                                              0.32122553672082255
27.15                                             0.32048021023836626
27.2                                              0.3197506987403133
27.25                                             0.3190388612020511
27.3                                              0.31834594550013023
27.35                                             0.3176724682188585
27.400000000000002                                0.3170181082805545
27.45                                             0.31638162123330377
27.5                                              0.31576078118292933
27.55                                             0.31515235713385775
27.6                                              0.3145521298334509
27.65                                             0.3139549540696474
27.7                                              0.3133548697479995
27.749999999999996                                0.3127452630206083
27.8                                              0.3121190763279253
27.849999999999998                                0.3114690635750992
27.900000000000002                                0.31078808394697777
27.95                                             0.31006942523303366
28                                                0.30930714514499286
28.049999999999997                                0.308496417087729
28.1                                              0.30763386524299335
28.15                                             0.3067178726621771
28.200000000000003                                0.30574884540764785
28.25                                             0.3047294156016022
28.3                                              0.3036645663227189
28.349999999999998                                0.30256166163077136
28.400000000000002                                0.3014303657475377
28.45                                             0.3002824367175276
28.500000000000004                                0.2991313819338308
28.549999999999997                                0.29799196600026284
28.6                                              0.2968795665536515
28.65                                             0.29580938228067294
28.700000000000003                                0.294795507313119
28.75                                             0.2938498993285966
28.8                                              0.292981286720164
28.849999999999998                                0.2921940793916518
28.899999999999995                                0.2914873663535378
28.95                                             0.2908541006199753
29.000000000000004                                0.2902805834698638
29.05                                             0.28974635104243435
29.099999999999998                                0.2892245592234631
29.15                                             0.28868292226381137
29.200000000000003                                0.2880852756145422
29.25                                             0.28739356930538645
29.299999999999997                                0.28657041511708736
29.35                                             0.28558186443853234
29.400000000000002                                0.28440031549487926
29.45                                             0.2830072758630411
29.499999999999996                                0.2813959123271901
29.55                                             0.2795730296437248
29.600000000000005                                0.2775604686931344
29.650000000000002                                0.27539567974676116
29.699999999999996                                0.27313136348305145
29.75                                             0.27083398963641525
29.800000000000004                                0.26858098102395905
29.85                                             0.2664563143025184
29.9                                              0.2645442973372657
29.95                                             0.2629213883306053
29.999999999999996                                0.2616461874379931
30.05                                             0.26074820700285817
30.099999999999998                                0.2602167048017474
30.150000000000002                                0.25999162749172533
30.2                                              0.25995929211237756
30.25                                             0.259955451889875
30.299999999999997                                0.2597775097728492
30.35                                             0.25920581228144435
30.4                                              0.25803162443838495
30.450000000000003                                0.2560874351725124
30.5                                              0.25327457750437793
30.55                                             0.24958414117941932
30.599999999999998                                0.24510933852647726
30.650000000000002                                0.24004973530643853
30.7                                              0.23470881911422342
30.750000000000004                                0.22948528958555145
30.799999999999997                                0.22485469718410767
30.85                                             0.22133170464515772
30.9                                              0.21939599036529014
30.950000000000003                                0.2193627647781923
31                                                0.22119587368195048
31.05                                             0.2243142986400512
31.099999999999998                                0.2275219700719871
31.149999999999995                                0.2292166679050743
31.2                                              0.22789475856837904
31.250000000000004                                0.22271192656927644
31.3                                              0.21376802469993478
31.349999999999998                                0.2020182933963977
31.4                                              0.18902838858505816
31.450000000000003                                0.17689250132288173
31.5                                              0.16853457138424108
31.549999999999997                                0.1682546205053217
31.6                                              0.18054591917660956
31.650000000000002                                0.20110774456111627
31.7                                              0.20857887973621714
31.749999999999996                                0.19241765742551845
31.8                                              0.16588035559535294
31.850000000000005                                0.13940686410400802
31.900000000000002                                0.12503059080612736
31.949999999999996                                0.1619375503221527
32                                                0.1262752380362439
32.050000000000004                                0.11533167969717656
32.1                                              0.11108459119978208
32.15                                             0.11092019951680437
32.2                                              0.11400117026860647
32.25                                             0.11993446057026859
32.300000000000004                                0.12848383828003743
32.35                                             0.13947653186896464
32.4                                              0.15276430363321952
32.449999999999996                                0.16820455626366362
32.5                                              0.18565049140720827
32.55                                             0.20494608914309012
32.6                                              0.2259240129535071
32.65                                             0.2484054637892992
32.7                                              0.2722014014099355
32.75                                             0.29711473104909897
32.800000000000004                                0.32294314115413386
32.85                                             0.34948232637215676
32.9                                              0.37652936372522083
32.949999999999996                                0.403886040733629
33                                                0.431361966870014
33.05                                             0.4587773351758029
33.1                                              0.4859652381870176
33.15                                             0.5127734795624969
33.2                                              0.5390658578321128
33.25                                             0.564722929519755
33.300000000000004                                0.5896422841759906
33.35                                             0.6137383828179462
33.4                                              0.6369420237762542
33.45                                             0.6591995064348098
33.5                                              0.6804715646160945
33.55                                             0.7007321384575612
33.599999999999994                                0.7199670476696234
33.65                                             0.7381726211241898
33.7                                              0.7553543287642637
33.75                                             0.7715254526195157
33.8                                              0.7867058248780681
33.85                                             0.8009206528910481
33.900000000000006                                0.8141994439266738
33.95                                             0.8265750365194329
34                                                0.8380827404550205
34.05                                             0.848759583702029
34.1                                              0.8586436618370146
34.15                                             0.8677735835707409
34.199999999999996                                0.8761880047027387
34.25                                             0.8839252422044135
34.300000000000004                                0.8910229601593573
34.35                                             0.8975179191744908
34.4                                              0.9034457808622369
34.45                                             0.9088409599223094
34.50000000000001                                 0.9137365170267358
34.550000000000004                                0.9181640863121954
34.6                                              0.9221538323348718
34.65                                             0.9257344299607152
34.7                                              0.9289330610567565
34.75                                             0.9317754320561893
34.8                                              0.9342858025240653
34.85                                             0.9364870215645054
34.900000000000006                                0.9384005720123513
34.95                                             0.9400466216333243
35                                                0.9414440761316798
35.050000000000004                                0.9426106343842269
35.1                                              0.9435628436605443
35.15                                             0.9443161736145267
35.199999999999996                                0.9448850353709177
35.24999999999999                                 0.9452829115510334
35.3                                              0.9455222999500881
35.35                                             0.9456148761028669
35.4                                              0.9455714881258724
35.449999999999996                                0.945402219305129
35.5                                              0.9451164358282091
35.550000000000004                                0.944722832485498
35.6                                              0.9442294762003296
35.65                                             0.9436438473847433
35.7                                              0.9429728791501941
35.75                                             0.9422229944214268
35.8                                              0.9414001410154007
35.849999999999994                                0.9405098247561414
35.9                                              0.9395571407029419
35.95                                             0.9385468025727584
36                                                0.9374831704393876
36.05                                             0.9363702767922695
36.1                                              0.9352118510368853
36.150000000000006                                0.9340113425166341
36.2                                              0.9327719421337259
36.25                                             0.9314966026432198
36.3                                              0.9301880576913814
36.35                                             0.9288488396654829
36.4                                              0.9274812964191094
36.449999999999996                                0.926087606933152
36.5                                              0.9246697959690446
36.550000000000004                                0.9232297477675828
36.6                                              0.921769218842602
36.65                                             0.9202898499158946
36.7                                              0.9187931770357124
36.75000000000001                                 0.9172806419183981
36.800000000000004                                0.91575360154967
36.849999999999994                                0.9142133370809139
36.9                                              0.912661062055509
36.95                                             0.9110979300022414
37                                                0.9095250414313072
37.05                                             0.9079434502611979
37.1                                              0.9063541696915685
37.150000000000006                                0.9047581775298743
37.2                                              0.90315642098642
37.25                                             0.9015498209657524
37.300000000000004                                0.8999392758894134
37.35                                             0.8983256650826886
37.4                                              0.8967098517488832
37.449999999999996                                0.8950926855159637
37.49999999999999                                 0.8934750047894572
37.55                                             0.8918576360694361
37.6                                              0.8902413984747118
37.65                                             0.8886271032587867
37.699999999999996                                0.8870155573027304
37.75                                             0.8854075608253476
37.800000000000004                                0.8838039076969548
37.85                                             0.8822053922796934
37.9                                              0.8806127752297567
37.95                                             0.8790268462453862
38                                                0.8774483662385614
38.05                                             0.8758780902466201
38.099999999999994                                0.8743167628971523
38.15                                             0.8727651167421989
38.2                                              0.8712238705501473
38.25                                             0.8696937274914065
38.3                                              0.8681753732852457
38.35                                             0.8666694742016113
38.400000000000006                                0.865176674973472
38.45                                             0.8636975966519883
38.5                                              0.8622328344163582
38.55                                             0.8607829553537198
38.6                                              0.8593484962362244
38.65                                             0.8579299613156612
38.699999999999996                                0.8565278201325847
38.75                                             0.8551425053589349
38.800000000000004                                0.8537744107057917
38.85                                             0.8524238889136597
38.9                                              0.8510912498394754
38.95                                             0.8497767586559728
39.00000000000001                                 0.8484806341784299
39.050000000000004                                0.8472030473310599
39.099999999999994                                0.845944119764557
39.15                                             0.844703922637717
39.2                                              0.8434824755797324
39.25                                             0.842279745848487
39.3                                              0.8410956476973175
39.35                                             0.8399300419587302
39.400000000000006                                0.8387827358508866
39.45                                             0.8376534830110881
39.5                                              0.83654198376154
39.550000000000004                                0.8354478856126679
39.6                                              0.8343707840096433
39.65                                             0.8333102233285702
39.699999999999996                                0.8322656981306216
39.75                                             0.8312366546760178
39.8                                              0.8302224926784295
39.85                                             0.8292225672659942
39.9                                              0.8282361911522298
39.949999999999996                                0.8272626370560167
40                                                0.826301140381206
40.050000000000004                                0.825350902126988
40.1                                              0.8244110920048107
40.15                                             0.8234808517561933
40.2                                              0.8225592986735365
40.25                                             0.8216455292910758
40.3                                              0.8207386230934747
40.349999999999994                                0.8198376461491295
40.4                                              0.81894165514671
40.45                                             0.818049701986003
40.5                                              0.8171608381897134
40.55                                             0.8162741190801037
40.6                                              0.8153886080349265
40.650000000000006                                0.8145033808721699
40.7                                              0.8136175305157484
40.75                                             0.8127301720805082
40.8                                              0.8118404459804394
40.85                                             0.8109475210355112
40.9                                              0.810050600878073
40.949999999999996                                0.8091489280558807
41                                                0.8082417875231578
41.050000000000004                                0.807328510096335
41.1                                              0.8064084771879803
41.15                                             0.8054811231269297
41.2                                              0.8045459385558411
41.25000000000001                                 0.8036024701107958
41.300000000000004                                0.802650332039437
41.349999999999994                                0.8016892227868918
41.4                                              0.8007188818733789
41.45                                             0.7997390879937416
41.5                                              0.7987497617651371
41.55                                             0.7977508539943479
41.6                                              0.7967423958039257
41.650000000000006                                0.7957244924812297
41.7                                              0.7946973234646688
41.75                                             0.7936611421865121
41.800000000000004                                0.7926162755747315
41.85                                             0.7915631231856952
41.9                                              0.7905021559604757
41.949999999999996                                0.7894339146042768
42                                                0.788359007590442
42.050000000000004                                0.7872781087940028
42.1                                              0.7861919547604257
42.15                                             0.7851013416183822
42.199999999999996                                0.7840071216465523
42.25                                             0.7829101995073862
42.300000000000004                                0.7818115281620681
42.35                                             0.7807121044833573
42.4                                              0.7796129645847529
42.45                                             0.7785151788860876
42.5                                              0.7774198469372328
42.55                                             0.7763280920237267
42.599999999999994                                0.7752410555789577
42.65                                             0.7741598914293354
42.7                                              0.7730857599000446
42.75                                             0.7720198218099089
42.8                                              0.7709632323852053
42.85                                             0.7699171351225848
42.900000000000006                                0.7688826556324458
42.95                                             0.767860895494153
43                                                0.766852926155315
43.05                                             0.7658597829069942
43.1                                              0.7648824589670968
43.15                                             0.7639218997039421
43.199999999999996                                0.7629789970313602
43.25                                             0.7620545840061008
43.300000000000004                                0.7611494296579551
43.35                                             0.7602642340815392
43.4                                              0.7593996238184625
43.45                                             0.7585561475580526
43.50000000000001                                 0.7577342721829555
43.550000000000004                                0.7569343791849666
43.599999999999994                                0.7561567614734365
43.65                                             0.7554016205972639
43.7                                              0.7546690643989908
43.75                                             0.7539591051170003
43.8                                              0.7532716579439418
43.85                                             0.752606539983436
43.900000000000006                                0.7519634803924572
43.95                                             0.7513420709590726
44                                                0.7507418614890068
44.050000000000004                                0.7501622683313329
44.1                                              0.7496026246950614
44.15                                             0.7490621665010105
44.199999999999996                                0.7485400408924622
44.25                                             0.7480353073769661
44.300000000000004                                0.7475469424798892
44.35                                             0.7470738433320292
44.4                                              0.7466148300813469
44.449999999999996                                0.7461686540378297
44.5                                              0.745734001695796
44.550000000000004                                0.7453095008906129
44.6                                              0.7448937274337301
44.65                                             0.7444852110181209
44.7                                              0.7440824416105105
44.75                                             0.7436838777371515
44.8                                              0.7432879540762265
44.849999999999994                                0.7428930889970651
44.9                                              0.742497692477392
44.95                                             0.7421001742389343
45                                                0.7416989520049992
45.05                                             0.7412924598060465
45.1                                              0.7408791562898682
45.150000000000006                                0.7404575330668011
45.2                                              0.7400261230539319
45.25                                             0.739583508683669
45.3                                              0.7391283299259972
45.35                                             0.7386592921182146
45.4                                              0.7381751735652954
45.449999999999996                                0.7376748328610505
45.5                                              0.7371572158812675
45.550000000000004                                0.736621362400838
45.6                                              0.736066412286959
45.65                                             0.7354916112259344
45.7                                              0.7348963159565666
45.75000000000001                                 0.7342799989920813
45.800000000000004                                0.7336422527999197
45.849999999999994                                0.7329827933920379
45.9                                              0.732301463282854
45.95                                             0.731598233788672
46                                                0.7308732066504123
46.05                                             0.7301266149649663
46.1                                              0.7293588234122861
46.150000000000006                                0.7285703277676203
46.2                                              0.7277617536932396
46.25                                             0.726933854809324
46.300000000000004                                0.7260875100501816
46.35                                             0.7252237203093249
46.4                                              0.7243436043608694
46.449999999999996                                0.7234483940294404
46.5                                              0.7225394286133738
46.550000000000004                                0.7216181486366853
46.6                                              0.7206860890109744
46.65                                             0.7197448716239271
46.7                                              0.7187961973396059
46.75000000000001                                 0.7178418374224468
46.800000000000004                                0.7168836244285308
46.85                                             0.7159234426154465
46.9                                              0.7149632179109489
46.95                                             0.7140049074393965
47                                                0.7130504885782316
47.05                                             0.7121019477149056
47.099999999999994                                0.711161269141286
47.15                                             0.7102304239815933
47.2                                              0.7093113586493864
47.25                                             0.7084059830243048
47.3                                              0.7075161587279817
47.35                                             0.706643687574752
47.400000000000006                                0.7057903002227345
47.45                                             0.704957645277923
47.5                                              0.7041472792141084
47.55                                             0.7033606552410037
47.6                                              0.7025991111075497
47.65                                             0.7018638612326326
47.699999999999996                                0.7011559887116552
47.75                                             0.7004764363163647
47.800000000000004                                0.6998259980182022
47.85                                             0.6992053111559559
47.9                                              0.6986148618844837
47.95                                             0.6980549641300453
48.00000000000001                                 0.6975257547940203
48.050000000000004                                0.697027203075776
48.099999999999994                                0.6965591022333998
48.15                                             0.6961210652143592
48.2                                              0.6957125422766662
48.25                                             0.6953327519211933
48.3                                              0.6949808513949669
48.35                                             0.6946557154948477
48.400000000000006                                0.6943561011065839
48.45                                             0.6940805983829658
48.5                                              0.6938276424767055
48.550000000000004                                0.6935955215835587
48.6                                              0.6933823857245951
48.65                                             0.6931862564814585
48.699999999999996                                0.6930050376764082
48.74999999999999                                 0.6928365269509952
48.800000000000004                                0.6926784281837073
48.85                                             0.692528364677906
48.9                                              0.6923838930444245
48.949999999999996                                0.6922425176972092
49.00000000000001                                 0.692101705874715
49.050000000000004                                0.6919589030950382
49.1                                              0.6918115489488242
49.15                                             0.6916570931303017
49.2                                              0.6914930116041776
49.25                                             0.6913168228042877
49.3                                              0.6911261037581007
49.349999999999994                                0.6909185060309156
49.400000000000006                                0.6906917713833534
49.45                                             0.6904437470367756
49.5                                              0.6901724004418152
49.55                                             0.6898758334484794
49.60000000000001                                 0.6895522957772762
49.650000000000006                                0.6892001976955068
49.7                                              0.6888181218055421
49.75                                             0.6884048338566771
49.800000000000004                                0.6879592924969734
49.85                                             0.6874806578869869
49.9                                              0.6869682991028507
49.949999999999996                                0.6864218002629883
50.00000000000001                                 0.6858409653196419
