20                                                0.36380267995934995
20.05                                             0.36353791209599096
20.1                                              0.36327338029381134
20.15                                             0.36300909185441377
20.2                                              0.36274504980751404
20.25                                             0.36248125264752856
20.3                                              0.3622176940863154
20.35                                             0.3619543628215192
20.4                                              0.36169124231245947
20.45                                             0.3614283105534346
20.5                                              0.3611655398534272
20.55                                             0.36090289664158165
20.6                                              0.3606403413206071
20.650000000000002                                0.3603778281669865
20.7                                              0.36011530526906715
20.75                                             0.3598527145383219
20.8                                              0.35958999048103046
20.85                                             0.35932706390848773
20.900000000000002                                0.35906385679283986
20.95                                             0.3588002880709918
21                                                0.3585362702418248
21.05                                             0.3582717154565229
21.099999999999998                                0.35800649645789934
21.150000000000002                                0.3577405459650011
21.2                                              0.35747374041015184
21.249999999999996                                0.3572059683384932
21.299999999999997                                0.35693711457818644
21.349999999999998                                0.3566670610103274
21.4                                              0.35639568730888715
21.45                                             0.35612287157238376
21.5                                              0.3558484910034707
21.549999999999997                                0.35557242264130645
21.599999999999998                                0.3552945441034128
21.65                                             0.3550147343369028
21.7                                              0.35473287436606216
21.75                                             0.35444884804327925
21.799999999999997                                0.35416254280597564
21.849999999999998                                0.35387385039643754
21.9                                              0.35358266753444684
21.95                                             0.3532888965422399
22                                                0.35299244590902235
22.05                                             0.35269323078222103
22.099999999999998                                0.35239117337342934
22.15                                             0.3520862032649226
22.2                                              0.3517782575991081
22.25                                             0.35146728113555736
22.3                                              0.3511532261678435
22.35                                             0.35083605229931014
22.4                                              0.35051572607308
22.45                                             0.35019222044857373
22.5                                              0.3498655141159575
22.55                                             0.3495355906475361
22.6                                              0.3492024374850137
22.65                                             0.34886604475472655
22.7                                              0.3485264038988865
22.75                                             0.34818350614922217
22.8                                              0.34783734092420254
22.85                                             0.3474878941639134
22.900000000000002                                0.34713514654598326
22.95                                             0.34677907159386173
23                                                0.3464196337409293
23.05                                             0.3460567863977382
23.1                                              0.34569047005785214
23.150000000000002                                0.345320610489273
23.2                                              0.3449471170505204
23.25                                             0.3445698811336633
23.3                                              0.34418877480613047
23.349999999999998                                0.3438036497350448
23.400000000000002                                0.3434143364136577
23.45                                             0.34302064374838487
23.5                                              0.3426223591002809
23.549999999999997                                0.34221924852123964
23.6                                              0.3418110575105059
23.65                                             0.3413975128324857
23.700000000000003                                0.34097832545454815
23.75                                             0.340553185809537
23.799999999999997                                0.340121776281063
23.849999999999998                                0.33968377800753624
23.9                                              0.3392388587391338
23.95                                             0.3387866886666597
24                                                0.3383269472834812
24.049999999999997                                0.3378593242278986
24.099999999999998                                0.337383517293684
24.15                                             0.3368992585155909
24.2                                              0.336406303442933
24.25                                             0.3359044435327585
24.3                                              0.3353935116074
24.349999999999998                                0.33487338767442226
24.4                                              0.3343440044094839
24.45                                             0.3338053521076064
24.5                                              0.33325748293152935
24.55                                             0.33270051428672626
24.6                                              0.33213463115530617
24.65                                             0.33156008722829905
24.7                                              0.3309772046856933
24.75                                             0.3303863724874181
24.8                                              0.32978804305490794
24.85                                             0.32918272724664727
24.9                                              0.328570987560617
24.95                                             0.32795342953099804
25                                                0.32733069132789366
25.05                                             0.32670343161511844
25.1                                              0.3260723157709549
25.150000000000002                                0.3254380006341848
25.2                                              0.3248011179956638
25.25                                             0.32416225711863794
25.3                                              0.32352194663316813
25.35                                             0.322880636212339
25.400000000000002                                0.32223867849666493
25.45                                             0.3215963117854651
25.5                                              0.3209536440591663
25.55                                             0.3203106389300473
25.599999999999998                                0.31966710414283717
25.650000000000002                                0.3190226832547913
25.7                                              0.3183768511109132
25.75                                             0.31772891368270123
25.799999999999997                                0.3170780127623001
25.85                                             0.3164231359139209
25.9                                              0.31576313198459577
25.950000000000003                                0.3150967323650226
26                                                0.31442257807078006
26.05                                             0.31373925256334934
26.099999999999998                                0.31304532010848635
26.15                                             0.3123393658095138
26.2                                              0.31162003697944535
26.25                                             0.3108861037235304
26.299999999999997                                0.3101365021812896
26.349999999999998                                0.3093703835265693
26.4                                              0.30858717714766115
26.45                                             0.3077866165218969
26.5                                              0.306968785247929
26.55                                             0.30613416123144244
26.599999999999998                                0.30528363454671803
26.65                                             0.30441852339095227
26.7                                              0.30354057629686787
26.75                                             0.3026519603792311
26.8                                              0.3017552339035111
26.85                                             0.3008533020623655
26.9                                              0.2999493553514693
26.95                                             0.2990467902670421
27                                                0.2981491126805762
27.05                                             0.2972598249433622
27.1                                              0.29638229854830056
27.15                                             0.2955196351353851
27.2                                              0.2946745195951989
27.25                                             0.2938490699942739
27.3                                              0.29304469005109396
27.35                                             0.2922619308124531
27.400000000000002                                0.29150036892805525
27.45                                             0.29075850942323644
27.5                                              0.2900337210281188
27.55                                             0.2893222118497484
27.6                                              0.288619052390933
27.65                                             0.2879182515906499
27.7                                              0.28721288968122116
27.749999999999996                                0.2864953092656451
27.8                                              0.28575736320497297
27.849999999999998                                0.2849907147977807
27.900000000000002                                0.2841871825089256
27.95                                             0.2833391183492806
28                                                0.282439806114049
28.049999999999997                                0.2814838632108448
28.1                                              0.28046762784522833
28.15                                             0.2793895119442115
28.200000000000003                                0.2782502994719186
28.25                                             0.2770533696821293
28.3                                              0.27580482518845845
28.349999999999998                                0.27451350554444887
28.400000000000002                                0.2731908684328565
28.45                                             0.2718507226941301
28.500000000000004                                0.27050880053425314
28.549999999999997                                0.26918216070400397
28.6                                              0.2678884208403612
28.65                                             0.2666448266656411
28.700000000000003                                0.26546717801482683
28.75                                             0.26436864673915467
28.8                                              0.2633585404860253
28.849999999999998                                0.26244108717622383
28.899999999999995                                0.2616143354129092
28.95                                             0.2608692822323491
29.000000000000004                                0.26018935052572106
29.05                                             0.25955033764387947
29.099999999999998                                0.2589209346117866
29.15                                             0.25826387650751537
29.200000000000003                                0.257537768528095
29.25                                             0.2566995274986091
29.299999999999997                                0.2557072385158198
29.35                                             0.25452344417714334
29.400000000000002                                0.2531184910469831
29.45                                             0.2514736714225318
29.499999999999996                                0.24958409579855373
29.55                                             0.24746084407542018
29.600000000000005                                0.24513233719452132
29.650000000000002                                0.24264469850814155
29.699999999999996                                0.24006093532083206
29.75                                             0.23745876304496136
29.800000000000004                                0.23492687077147698
29.85                                             0.23255941707248037
29.9                                              0.2304485807286795
29.95                                             0.22867512701395165
29.999999999999996                                0.2272972465148381
30.05                                             0.22633842439148252
30.099999999999998                                0.2257757908537577
30.150000000000002                                0.22553116719739252
30.2                                              0.22546759042094533
30.25                                             0.22539409311531
30.299999999999997                                0.22508058218653648
30.35                                             0.224282720397033
30.4                                              0.22277418000592833
30.450000000000003                                0.22038139627840125
30.5                                              0.21701499412359931
30.55                                             0.21269290936831944
30.599999999999998                                0.2075525098302344
30.650000000000002                                0.20185158500524178
30.7                                              0.19595950323425632
30.750000000000004                                0.19033902883688153
30.799999999999997                                0.18551576179972903
30.85                                             0.18202627061296264
30.9                                              0.18032984652647474
30.950000000000003                                0.18066861301845288
31                                                0.18287935022278412
31.05                                             0.18621267532917096
31.099999999999998                                0.1892914581708706
31.149999999999995                                0.19036498672828944
31.2                                              0.18787558301947985
31.250000000000004                                0.1810823898062656
31.3                                              0.17036932557650405
31.349999999999998                                0.15710806370839345
31.4                                              0.1433131404415704
31.450000000000003                                0.13144785173604379
31.5                                              0.12458117368501302
31.549999999999997                                0.1266352278640517
31.6                                              0.14070642073928252
31.650000000000002                                0.16025936794428736
31.7                                              0.16303606234219015
31.749999999999996                                0.14134508571627402
31.8                                              0.11259753048430743
31.850000000000005                                0.0888619256866921
31.900000000000002                                0.08738057541054732
31.949999999999996                                0.10536263413957028
32                                                0.07802389981037586
32.050000000000004                                0.07399756935855932
32.1                                              0.07618322996642146
32.15                                             0.08223646535694853
32.2                                              0.09134052925646888
32.25                                             0.10305927967740094
32.300000000000004                                0.1170962995094697
32.35                                             0.13321697857094708
32.4                                              0.15121629054723212
32.449999999999996                                0.17090356178739252
32.5                                              0.19209490464563492
32.55                                             0.21460960250923872
32.6                                              0.238268721054583
32.65                                             0.2628950372113764
32.7                                              0.2883137548230966
32.75                                             0.31435366879778875
32.800000000000004                                0.3408485480860967
32.85                                             0.36763857513070536
32.9                                              0.3945717254465047
32.949999999999996                                0.4215050052903177
33                                                0.4483054925243596
33.05                                             0.47485114793921573
33.1                                              0.5010313825085135
33.15                                             0.5267473807661001
33.2                                              0.5519121920159998
33.25                                             0.5764506095972228
33.300000000000004                                0.600298864222685
33.35                                             0.6234041607972457
33.4                                              0.6457240894267731
33.45                                             0.6672259409808878
33.5                                              0.6878859559383422
33.55                                             0.7076885326977481
33.599999999999994                                0.7266254184147463
33.65                                             0.7446949019969288
33.7                                              0.761901025406116
33.75                                             0.7782528260499019
33.8                                              0.7937636199134177
33.85                                             0.8084503322138723
33.900000000000006                                0.8223328798911236
33.95                                             0.8354336081938193
34                                                0.8477767819407499
34.05                                             0.8593881306605404
34.1                                              0.8702944457581931
34.15                                             0.8805232270945382
34.199999999999996                                0.8901023758245754
34.25                                             0.8990599300043216
34.300000000000004                                0.9074238393660056
34.35                                             0.9152217756522649
34.4                                              0.9224809748225805
34.45                                             0.9292281076227884
34.50000000000001                                 0.9354891752708827
34.550000000000004                                0.9412894272165709
34.6                                              0.946653298153442
34.65                                             0.951604361326567
34.7                                              0.9561652960783001
34.75                                             0.9603578683503671
34.8                                              0.964202920704182
34.85                                             0.9677203705382734
34.900000000000006                                0.9709292154707057
34.95                                             0.973847556377039
35                                                0.9764925917468096
35.050000000000004                                0.9788806515874975
35.1                                              0.9810272136368725
35.15                                             0.982946984498832
35.199999999999996                                0.9846537873965261
35.24999999999999                                 0.9861607681198308
35.3                                              0.9874802777104863
35.35                                             0.9886239933230002
35.4                                              0.989602907830418
35.449999999999996                                0.9904273683927495
35.5                                              0.9911071057608603
35.550000000000004                                0.991651263195351
35.6                                              0.9920684248038997
35.65                                             0.99236664319654
35.7                                              0.9925534663879984
35.75                                             0.9926359638966892
35.8                                              0.9926207520064586
35.849999999999994                                0.9925140181706247
35.9                                              0.9923215445487127
35.95                                             0.9920487306751141
36                                                0.9917006152656985
36.05                                             0.9912818971737983
36.1                                              0.9907969555109889
36.150000000000006                                0.9902498689510535
36.2                                              0.9896444342376346
36.25                                             0.9889841839172298
36.3                                              0.9882724033202099
36.35                                             0.9875121468124926
36.4                                              0.9867062533407823
36.449999999999996                                0.9858573612936988
36.5                                              0.9849679227006614
36.550000000000004                                0.9840402167895813
36.6                                              0.9830763629232855
36.65                                             0.9820783329336724
36.7                                              0.9810479628711293
36.75000000000001                                 0.9799869641855495
36.800000000000004                                0.9788969343544759
36.849999999999994                                0.9777793669735837
36.9                                              0.9766356613258165
36.95                                             0.9754671314474589
37                                                0.9742750147091525
37.05                                             0.9730604799242967
37.1                                              0.9718246349866598
37.150000000000006                                0.970568534032301
37.2                                              0.969293184127075
37.25                                             0.9679995514939085
37.300000000000004                                0.9666885673018201
37.35                                             0.9653611330352787
37.4                                              0.9640181254491555
37.449999999999996                                0.9626604010547991
37.49999999999999                                 0.9612888029958834
37.55                                             0.9599041507314185
37.6                                              0.9585072671108242
37.65                                             0.9570989676719167
37.699999999999996                                0.9556800581360206
37.75                                             0.9542513482025519
37.800000000000004                                0.95281364712532
37.85                                             0.9513677689745028
37.9                                              0.9499145146729646
37.95                                             0.9484547143238168
38                                                0.9469891868074838
38.05                                             0.9455187590648945
38.099999999999994                                0.9440442630286529
38.15                                             0.9425665353022837
38.2                                              0.9410864160228256
38.25                                             0.9396047479806185
38.3                                              0.9381223759131335
38.35                                             0.9366401450814882
38.400000000000006                                0.9351588996640836
38.45                                             0.9336794810214858
38.5                                              0.9322027257976875
38.55                                             0.9307294638406456
38.6                                              0.9292605159522481
38.65                                             0.9277966915615455
38.699999999999996                                0.926338786337025
38.75                                             0.9248875796777442
38.800000000000004                                0.9234438321153804
38.85                                             0.9220082826744214
38.9                                              0.9205816462115272
38.95                                             0.919164610749248
39.00000000000001                                 0.9177578348197785
39.050000000000004                                0.9163619448335549
39.099999999999994                                0.9149775324886834
39.15                                             0.9136051522443182
39.2                                              0.9122453188854401
39.25                                             0.910898505200469
39.3                                              0.9095651397860638
39.35                                             0.9082456049910004
39.400000000000006                                0.9069402350119008
39.45                                             0.9056493141543887
39.5                                              0.9043730752750796
39.550000000000004                                0.9031116984190727
39.6                                              0.9018653096664431
39.65                                             0.9006339802013096
39.699999999999996                                0.899417725619975
39.75                                             0.898216505496972
39.8                                              0.8970302232147515
39.85                                             0.895858726035109
39.9                                              0.8947018053948165
39.949999999999996                                0.8935591974542636
40                                                0.8924305839381395
40.050000000000004                                0.8913155932687349
40.1                                              0.890213801976212
40.15                                             0.8891247363775822
40.2                                              0.8880478745227827
40.25                                             0.8869826483882958
40.3                                              0.8859284462493208
40.349999999999994                                0.8848846152215406
40.4                                              0.8838504642175237
40.45                                             0.882825267306149
40.5                                              0.8818082670875054
40.55                                             0.8807986781195687
40.6                                              0.8797956905436324
40.650000000000006                                0.8787984739102821
40.7                                              0.8778061816284357
40.75                                             0.8768179571331369
40.8                                              0.875832936506899
40.85                                             0.874850248022899
40.9                                              0.8738690214200971
40.949999999999996                                0.8728883935135213
41                                                0.8719075113029188
41.050000000000004                                0.8709255363937108
41.1                                              0.8699416526092818
41.15                                             0.8689550635253194
41.2                                              0.8679650006733288
41.25000000000001                                 0.8669707289301659
41.300000000000004                                0.8659715552255434
41.349999999999994                                0.8649668187546182
41.4                                              0.8639559090897256
41.45                                             0.8629382591042963
41.5                                              0.8619133610676555
41.55                                             0.8608807580935515
41.6                                              0.859840052592351
41.650000000000006                                0.8587909083007709
41.7                                              0.8577330527707778
41.75                                             0.8566662795783749
41.800000000000004                                0.8555904502153637
41.85                                             0.8545054956465811
41.9                                              0.8534114175187169
41.949999999999996                                0.8523082890084934
42                                                0.8511962552999254
42.050000000000004                                0.8500755336829355
42.1                                              0.8489464132666488
42.15                                             0.8478092543042522
42.199999999999996                                0.8466644871267228
42.25                                             0.8455126106858127
42.300000000000004                                0.8443541907081612
42.35                                             0.8431898574647165
42.4                                              0.8420203031621937
42.45                                             0.8408462789649725
42.5                                              0.8396685916584387
42.55                                             0.8384880999669448
42.599999999999994                                0.8373057105411645
42.65                                             0.8361223736323208
42.7                                              0.8349390784723235
42.75                                             0.8337568483806383
42.8                                              0.8325767356208424
42.85                                             0.8313998160314504
42.900000000000006                                0.8302271834567412
42.95                                             0.8290599440054939
43                                                0.827899210166221
43.05                                             0.8267460948090551
43.1                                              0.8256017051053562
43.15                                             0.8244671363966851
43.199999999999996                                0.8233434660457131
43.25                                             0.8222317473015486
43.300000000000004                                0.821133003212687
43.35                                             0.8200482206208975
43.4                                              0.8189783442696208
43.45                                             0.8179242710613832
43.50000000000001                                 0.8168868444975275
43.550000000000004                                0.8158668493325995
43.599999999999994                                0.8148650064740651
43.65                                             0.8138819681574758
43.7                                              0.812918313425986
43.75                                             0.8119745439466365
43.8                                              0.8110510802082607
43.85                                             0.8101482583023721
43.900000000000006                                0.809266304195116
43.95                                             0.8084054366608784
44                                                0.8075656607744628
44.050000000000004                                0.8067469782911401
44.1                                              0.8059492498273191
44.15                                             0.8051722606510335
44.199999999999996                                0.8044156944465017
44.25                                             0.8036791383809111
44.300000000000004                                0.8029620861434944
44.35                                             0.8022639357023317
44.4                                              0.8015839936505019
44.449999999999996                                0.8009214775573458
44.5                                              0.8002755182479278
44.550000000000004                                0.7996451634556716
44.6                                              0.7990293819145626
44.65                                             0.7984270675924071
44.7                                              0.7978370443217275
44.75                                             0.7972580714393503
44.8                                              0.7966888496092138
44.849999999999994                                0.7961280269284257
44.9                                              0.7955742054577076
44.95                                             0.7950259481290664
45                                                0.7944817859887287
45.05                                             0.7939402257024375
45.1                                              0.7933997572158626
45.150000000000006                                0.7928588616103299
45.2                                              0.7923160192480766
45.25                                             0.7917697180689625
45.3                                              0.7912184619040221
45.35                                             0.7906607787940226
45.4                                              0.7900952292983687
45.449999999999996                                0.7895204147507441
45.5                                              0.7889349854100338
45.550000000000004                                0.7883376484534591
45.6                                              0.7877271757594858
45.65                                             0.7871024114334945
45.7                                              0.7864622790380538
45.75000000000001                                 0.7858057884907342
45.800000000000004                                0.7851320425829806
45.849999999999994                                0.7844402430712284
45.9                                              0.7837296962966019
45.95                                             0.7829998182946238
46                                                0.7822501393564096
46.05                                             0.7814803080071526
46.1                                              0.7806900943702646
46.150000000000006                                0.7798793928907292
46.2                                              0.7790482243937907
46.25                                             0.7781967374602997
46.300000000000004                                0.777325209105854
46.35                                             0.7764340447553241
46.4                                              0.7755237775001009
46.449999999999996                                0.7745950666080629
46.5                                              0.7736486952572055
46.550000000000004                                0.7726855675063149
46.6                                              0.7717067045533408
46.65                                             0.7707132403114004
46.7                                              0.7697064162971736
46.75000000000001                                 0.7686875758285875
46.800000000000004                                0.7676581575481153
46.85                                             0.7666196883005897
46.9                                              0.7655737753886407
46.95                                             0.7645220982058125
47                                                0.7634663992442857
47.05                                             0.7624084746275316
47.099999999999994                                0.7613501644681182
47.15                                             0.7602933429076114
47.2                                              0.7592399074828351
47.25                                             0.7581917680406569
47.3                                              0.7571508354912667
47.35                                             0.7561190104283666
47.400000000000006                                0.7550981716692577
47.45                                             0.754090165225448
47.5                                              0.7530967945936231
47.55                                             0.7521198081994863
47.6                                              0.751160882654769
47.65                                             0.7502216153873531
47.699999999999996                                0.7493035166835642
47.75                                             0.7484079980300359
47.800000000000004                                0.7475363615998863
47.85                                             0.7466897898480876
47.9                                              0.7458693316790922
47.95                                             0.7450759108863726
48.00000000000001                                 0.7443103028663769
48.050000000000004                                0.7435731299952393
48.099999999999994                                0.7428648565620201
48.15                                             0.7421857981294044
48.2                                              0.7415360896549984
48.25                                             0.7409156598546934
48.3                                              0.7403243838656081
48.35                                             0.7397618407282235
48.400000000000006                                0.7392274913204082
48.45                                             0.7387206185263726
48.5                                              0.7382403353123612
48.550000000000004                                0.7377855884341767
48.6                                              0.7373551629181405
48.65                                             0.7369476875903186
48.699999999999996                                0.7365616416815453
48.74999999999999                                 0.7361953624921648
48.800000000000004                                0.735847054085781
48.85                                             0.7355147969710543
48.9                                              0.7351965587217664
48.949999999999996                                0.7348902054785522
49.00000000000001                                 0.7345935142680686
49.050000000000004                                0.7343041860687729
49.1                                              0.7340198595459015
49.15                                             0.7337381253734211
49.2                                              0.7334565410540741
49.25                                             0.7331726461454403
49.3                                              0.7328839777953815
49.349999999999994                                0.7325880864874673
49.400000000000006                                0.7322825518941591
49.45                                             0.7319649987340404
49.5                                              0.7316331125279233
49.55                                             0.7312846551486556
49.60000000000001                                 0.7309174800589776
49.650000000000006                                0.7305295471333308
49.7                                              0.7301189369606739
49.75                                             0.7296838645273396
49.800000000000004                                0.7292226921821279
49.85                                             0.7287339417886698
49.9                                              0.7282163059744357
49.949999999999996                                0.7276686583896723
50.00000000000001                                 0.7270900628953082
