20                                                0.3694694468637851
20.05                                             0.36921762286353876
20.1                                              0.36896611706410787
20.15                                             0.36871493535366173
20.2                                              0.3684640793274542
20.25                                             0.368213546028527
20.3                                              0.36796332770284623
20.35                                             0.3677134115711868
20.4                                              0.3674637796158235
20.45                                             0.36721440837529484
20.5                                              0.3669652687478966
20.55                                             0.36671632581606645
20.6                                              0.3664675387063359
20.650000000000002                                0.36621886049252794
20.7                                              0.36597023814238117
20.75                                             0.3657216125222991
20.8                                              0.3654729177435465
20.85                                             0.36522408277088625
20.900000000000002                                0.36497502942389337
20.95                                             0.36472567512262105
21                                                0.36447593160667
21.05                                             0.3642257095513826
21.099999999999998                                0.363974888774741
21.150000000000002                                0.36372339002838133
21.2                                              0.36347109541492173
21.249999999999996                                0.36321789265134935
21.299999999999997                                0.3629636661796165
21.349999999999998                                0.3627082976564428
21.4                                              0.3624516665491714
21.45                                             0.36219365068936094
21.5                                              0.3619341270077629
21.549999999999997                                0.36167297223544354
21.599999999999998                                0.36141006361005273
21.65                                             0.36114527959498127
21.7                                              0.3608785006051923
21.75                                             0.3606096097519906
21.799999999999997                                0.36033849357354036
21.849999999999998                                0.360065042718745
21.9                                              0.3597891525953082
21.95                                             0.3595107239739272
22                                                0.35922966353160546
22.05                                             0.3589458843228917
22.099999999999998                                0.3586593061680017
22.15                                             0.35836985594529086
22.2                                              0.358077467772977
22.25                                             0.35778208306393205
22.3                                              0.3574836504424489
22.35                                             0.3571821255216155
22.4                                              0.3568774705404327
22.45                                             0.35656965385372064
22.5                                              0.3562586492684122
22.55                                             0.3559444352218635
22.6                                              0.3556269938009084
22.65                                             0.3553063095920729
22.7                                              0.35498236835822666
22.75                                             0.3546551555809343
22.8                                              0.35432465493750503
22.85                                             0.3539908467008133
22.900000000000002                                0.35365370601161916
22.95                                             0.3533132010544128
23                                                0.3529692911992477
23.05                                             0.3526219251453177
23.1                                              0.3522710391034552
23.150000000000002                                0.3519165551058367
23.2                                              0.35155837947799984
23.25                                             0.35119640130708885
23.3                                              0.35083049107478714
23.349999999999998                                0.35046049967941656
23.400000000000002                                0.35008625774918317
23.45                                             0.3497075752647585
23.5                                              0.34932424167378967
23.549999999999997                                0.3489360263274791
23.6                                              0.34854267892870255
23.65                                             0.34814393126326615
23.700000000000003                                0.34773949951559924
23.75                                             0.3473290873647886
23.799999999999997                                0.34691237687616167
23.849999999999998                                0.3464890620296776
23.9                                              0.34605881977705866
23.95                                             0.3456213331114615
24                                                0.3451762887377328
24.049999999999997                                0.3447233828135823
24.099999999999998                                0.34426233471638723
24.15                                             0.3437928809896082
24.2                                              0.3433147886559286
24.25                                             0.34282785918750847
24.3                                              0.3423319345639832
24.349999999999998                                0.3418269029271751
24.4                                              0.341312703855384
24.45                                             0.34078933311054915
24.5                                              0.34025684669875916
24.55                                             0.3397153640827439
24.6                                              0.3391650703838132
24.65                                             0.3386062174186522
24.7                                              0.33803912342599823
24.75                                             0.33746417135138745
24.8                                              0.33688180557601644
24.85                                             0.3362925269967719
24.9                                              0.33569688639368656
24.95                                             0.335095476054656
25                                                0.3344889196663017
25.05                                             0.33387786052523133
25.1                                              0.3332629481725546
25.150000000000002                                0.33264482360900094
25.2                                              0.3320241033051809
25.25                                             0.33140136228110406
25.3                                              0.3307771165905071
25.35                                             0.3301518056043187
25.400000000000002                                0.32952577454520676
25.45                                             0.328899257775206
25.5                                              0.32827236338207705
25.55                                             0.3276450596423787
25.599999999999998                                0.3270171639611563
25.650000000000002                                0.32638833489575236
25.7                                              0.3257580678554238
25.75                                             0.3251256950247112
25.799999999999997                                0.3244903899852923
25.85                                             0.3238511774243875
25.9                                              0.32320694822066137
25.950000000000003                                0.3225564800862496
26                                                0.3218984638389824
26.05                                             0.3212315355837738
26.099999999999998                                0.3205543107291532
26.15                                             0.3198654300528619
26.2                                              0.3191635954993931
26.25                                             0.3184476217812763
26.299999999999997                                0.31771649042382777
26.349999999999998                                0.31696938986365375
26.4                                              0.3162057791831385
26.45                                             0.31542540934356406
26.5                                              0.3146283736546812
26.55                                             0.31381514576953734
26.599999999999998                                0.3129865985575006
26.65                                             0.3121440194002776
26.7                                              0.31128911249592894
26.75                                             0.31042398737553034
26.8                                              0.3095511323503017
26.85                                             0.30867337180480775
26.9                                              0.3077938065895711
26.95                                             0.3069157372695807
27                                                0.30604257055428513
27.05                                             0.3051777098899778
27.1                                              0.30432443198530973
27.15                                             0.3034857519632935
27.2                                              0.3026642807405091
27.25                                             0.3018620792082807
27.3                                              0.30108051478195114
27.35                                             0.3003201267791527
27.400000000000002                                0.29958050781940937
27.45                                             0.2988602089327493
27.5                                              0.2981566762248173
27.55                                             0.2974662266800338
27.6                                              0.2967840699192325
27.65                                             0.2961043814294677
27.7                                              0.2954204309634868
27.749999999999996                                0.29472476748283855
27.8                                              0.2940094592818937
27.849999999999998                                0.2932663849171922
27.900000000000002                                0.29248756744748605
27.95                                             0.2916655414534723
28                                                0.29079373952824916
28.049999999999997                                0.2898668825541824
28.1                                              0.28888135619811856
28.15                                             0.2878355547322616
28.200000000000003                                0.28673017260854267
28.25                                             0.2855684240808941
28.3                                              0.2843561714067227
28.349999999999998                                0.28310194284329093
28.400000000000002                                0.2818168228965115
28.45                                             0.280514199171255
28.500000000000004                                0.279209352983526
28.549999999999997                                0.27791888513524693
28.6                                              0.2766599745888029
28.65                                             0.27544947645691753
28.700000000000003                                0.27430287743777887
28.75                                             0.27323314251413217
28.8                                              0.27224950521221286
28.849999999999998                                0.27135627418287156
28.899999999999995                                0.27055174987153063
28.95                                             0.26982735942410974
29.000000000000004                                0.269167127595816
29.05                                             0.26854761142681594
29.099999999999998                                0.26793839009114384
29.15                                             0.26730317500738954
29.200000000000003                                0.26660157953653557
29.25                                             0.2657914359187107
29.299999999999997                                0.2648316673312317
29.35                                             0.26368540804762647
29.400000000000002                                0.2623232757163412
29.45                                             0.26072646531948157
29.499999999999996                                0.25888953053843855
29.55                                             0.25682251676509993
29.600000000000005                                0.2545523609992015
29.650000000000002                                0.25212330908658137
29.699999999999996                                0.2495962197653293
29.75                                             0.2470465604804371
29.800000000000004                                0.24456088955325045
29.85                                             0.24223159901180022
29.9                                              0.24014972106616905
29.95                                             0.23839573076996481
29.999999999999996                                0.23702856991416535
30.05                                             0.23607361869004134
30.099999999999998                                0.2355110403912149
30.150000000000002                                0.2352666975934144
30.2                                              0.23520841567096717
30.25                                             0.23515036586804997
30.299999999999997                                0.23486740376945306
30.35                                             0.2341192612412445
30.4                                              0.23268198118000874
30.450000000000003                                0.23038180503206734
30.5                                              0.22712585317974712
30.55                                             0.22292485291628739
30.599999999999998                                0.21790545783985513
30.650000000000002                                0.21231219923073594
30.7                                              0.2065004278917011
30.750000000000004                                0.20092067591227872
30.799999999999997                                0.19609120094543922
30.85                                             0.1925493708384072
30.9                                              0.19076604749018944
30.950000000000003                                0.19100651575511995
31                                                0.1931400808633982
31.05                                             0.1964536723530777
31.099999999999998                                0.19960258646424295
31.149999999999995                                0.20085609895972495
31.2                                              0.19865371641832452
31.250000000000004                                0.19221743712672237
31.3                                              0.1818554116661084
31.349999999999998                                0.16883738057056277
31.4                                              0.1550767126302104
31.450000000000003                                0.1429689877400987
31.5                                              0.13559242765258997
31.549999999999997                                0.13703560669545742
31.6                                              0.15081485719671472
31.650000000000002                                0.1708989560650487
31.7                                              0.17500180390040207
31.749999999999996                                0.1545453670218322
31.8                                              0.12595936829678883
31.850000000000005                                0.10104411798912254
31.900000000000002                                0.09604038524874527
31.949999999999996                                0.1194291057753344
32                                                0.08923368745454321
32.050000000000004                                0.08320627496199291
32.1                                              0.0836661565721861
32.15                                             0.08814914433662589
32.2                                              0.09581594506081273
32.25                                             0.10623164615913123
32.300000000000004                                0.11910750513479035
32.35                                             0.13421748038886824
32.4                                              0.15136375936484947
32.449999999999996                                0.17036045830132515
32.5                                              0.19102552385486646
32.55                                             0.21317689741006293
32.6                                              0.23663112247941312
32.65                                             0.26120343696948517
32.7                                              0.28670878411337397
32.75                                             0.3129633725869413
32.800000000000004                                0.33978652568794815
32.85                                             0.3670026274082544
32.9                                              0.3944430207423137
32.949999999999996                                0.4219477506081526
33                                                0.44936707479220867
33.05                                             0.47656269319044037
33.1                                              0.5034086689189028
33.15                                             0.5297920346601971
33.2                                              0.5556130938266456
33.25                                             0.580785438682523
33.300000000000004                                0.6052357165723731
33.35                                             0.6289031810943868
33.4                                              0.6517390678104134
33.45                                             0.6737058344026877
33.5                                              0.6947763035634319
33.55                                             0.7149327438482089
33.599999999999994                                0.7341659197298304
33.65                                             0.7524741375628441
33.7                                              0.7698623094790651
33.75                                             0.7863410526340069
33.8                                              0.8019258369414294
33.85                                             0.8166361905690525
33.900000000000006                                0.830494969118139
33.95                                             0.843527691551643
34                                                0.855761943624965
34.05                                             0.8672268477504351
34.1                                              0.8779525968477491
34.15                                             0.8879700487401037
34.199999999999996                                0.8973103769453032
34.25                                             0.9060047732148608
34.300000000000004                                0.9140841971500963
34.35                                             0.9215791684714888
34.4                                              0.9285195971472371
34.45                                             0.9349346467559979
34.50000000000001                                 0.9408526270772387
34.550000000000004                                0.9463009123034462
34.6                                              0.9513058817164386
34.65                                             0.9558928772584788
34.7                                              0.9600861755029642
34.75                                             0.9639089792423949
34.8                                              0.9673834163553398
34.85                                             0.9705305463389363
34.900000000000006                                0.973370375142307
34.95                                             0.9759218859252744
35                                                0.9782030473105411
35.050000000000004                                0.9802308546141573
35.1                                              0.9820213624944368
35.15                                             0.983589719198146
35.199999999999996                                0.9849501834556558
35.24999999999999                                 0.9861162397338137
35.3                                              0.9871004775983772
35.35                                             0.9879147911771216
35.4                                              0.9885703298255565
35.449999999999996                                0.9890775524162484
35.5                                              0.9894462620303479
35.550000000000004                                0.9896856399394114
35.6                                              0.9898042786030098
35.65                                             0.9898102135910803
35.7                                              0.989710954379017
35.75                                             0.9895135139861945
35.8                                              0.9892244374454738
35.849999999999994                                0.9888498291042334
35.9                                              0.9883953787675404
35.95                                             0.98786638670213
36                                                0.9872677875259103
36.05                                             0.9866041730125079
36.1                                              0.9858798138433581
36.150000000000006                                0.985098680341887
36.2                                              0.9842644622254506
36.25                                             0.9833805874108522
36.3                                              0.9824502399094194
36.35                                             0.9814763768466486
36.4                                              0.9804617446409473
36.449999999999996                                0.9794088943746282
36.5                                              0.9783201963890844
36.550000000000004                                0.9771978541346494
36.6                                              0.9760439173037402
36.65                                             0.9748602942745689
36.7                                              0.9736487638904047
36.75000000000001                                 0.9724109865979679
36.800000000000004                                0.9711485149669288
36.849999999999994                                0.9698628036121413
36.9                                              0.9685552185404885
36.95                                             0.9672270459462018
37                                                0.9658795004775138
37.05                                             0.9645137329920223
37.1                                              0.9631308378075585
37.150000000000006                                0.9617318594491469
37.2                                              0.960317798898486
37.25                                             0.9588896193642859
37.300000000000004                                0.9574482515987705
37.35                                             0.9559945987829842
37.4                                              0.9545295409956228
37.449999999999996                                0.9530539392647595
37.49999999999999                                 0.9515686370666068
37.55                                             0.9500744718296631
37.6                                              0.9485722599238692
37.65                                             0.9470628231510302
37.699999999999996                                0.9455469698519029
37.75                                             0.9440255104866481
37.800000000000004                                0.9424992524150365
37.85                                             0.9409690059381334
37.9                                              0.9394355628703746
37.95                                             0.937899742519366
38                                                0.9363623484878432
38.05                                             0.9348241879755992
38.099999999999994                                0.9332860684428106
38.15                                             0.9317487968319506
38.2                                              0.9302131785496088
38.25                                             0.9286800163395855
38.3                                              0.9271501090395169
38.35                                             0.9256242500494575
38.400000000000006                                0.9241032256337537
38.45                                             0.9225878130852846
38.5                                              0.9210787787630494
38.55                                             0.9195768759965383
38.6                                              0.9180828428329225
38.65                                             0.9165973997074446
38.699999999999996                                0.9151212471205504
38.75                                             0.9136550632595807
38.800000000000004                                0.912199501556327
38.85                                             0.9107551882288356
38.9                                              0.9093227198373125
38.95                                             0.9079026608706459
39.00000000000001                                 0.9064955413777829
39.050000000000004                                0.9051018546559456
39.099999999999994                                0.9037220550069591
39.15                                             0.9023565555785257
39.2                                              0.9010057263166569
39.25                                             0.8996698920594812
39.3                                              0.8983493307947013
39.35                                             0.8970442720887133
39.400000000000006                                0.8957548956887464
39.45                                             0.89448133030359
39.5                                              0.8932236525749961
39.550000000000004                                0.8919818862530939
39.6                                              0.8907560015872735
39.65                                             0.8895459149421072
39.699999999999996                                0.8883514886515577
39.75                                             0.8871725311350308
39.8                                              0.8860087972954649
39.85                                             0.8848599891782907
39.9                                              0.8837257568419132
39.949999999999996                                0.8826056994399565
40                                                0.8814993665658303
40.050000000000004                                0.8804062598814927
40.1                                              0.8793258350165367
40.15                                             0.878257503721879
40.2                                              0.8772006362751581
40.25                                             0.8761545641303689
40.3                                              0.8751185827431317
40.349999999999994                                0.8740919544696549
40.4                                              0.8730739117222461
40.45                                             0.8720636605921166
40.5                                              0.8710603846065179
40.55                                             0.8700632484683476
40.6                                              0.869071401926303
40.650000000000006                                0.8680839838376491
40.7                                              0.8671001264949136
40.75                                             0.8661189600722841
40.8                                              0.8651396160157343
40.85                                             0.8641612313619306
40.9                                              0.863182954304727
40.949999999999996                                0.8622039480635636
41                                                0.8612233942022584
41.050000000000004                                0.8602404967171728
41.1                                              0.8592545048425866
41.15                                             0.8582646796987234
41.2                                              0.8572703176969235
41.25000000000001                                 0.8562707617111884
41.300000000000004                                0.8552654203389599
41.349999999999994                                0.854253704242769
41.4                                              0.8532351170528409
41.45                                             0.8522091870822301
41.5                                              0.8511755259826695
41.55                                             0.8501337912445629
41.6                                              0.8490837057478611
41.650000000000006                                0.8480250575097681
41.7                                              0.8469577014443666
41.75                                             0.8458815608871043
41.800000000000004                                0.8447966287972405
41.85                                             0.8437029686162519
41.9                                              0.8426007147696414
41.949999999999996                                0.8414900728032552
42                                                0.8403713191469548
42.050000000000004                                0.8392448005015933
42.1                                              0.8381109328461178
42.15                                             0.8369702000648165
42.199999999999996                                0.835823152195869
42.25                                             0.834670403305106
42.300000000000004                                0.8335126289906197
42.35                                             0.8323505635258373
42.4                                              0.8311849966514292
42.45                                             0.8300167700276224
42.5                                              0.8288467733612729
42.55                                             0.827675940223733
42.599999999999994                                0.8265052435774971
42.65                                             0.8253356910314572
42.7                                              0.824168319846451
42.75                                             0.8230041917143467
42.8                                              0.8218443873355024
42.85                                             0.8206900008209282
42.900000000000006                                0.8195421339466397
42.95                                             0.8184018902891603
43                                                0.8172703692717328
43.05                                             0.8161486601523951
43.1                                              0.8150378359847502
43.15                                             0.8139389475839632
43.199999999999996                                0.8128530175297728
43.25                                             0.8117810342388911
43.300000000000004                                0.8107239461388944
43.35                                             0.8096826559758775
43.4                                              0.808658015287672
43.45                                             0.807650819075601
43.50000000000001                                 0.8066618007059684
43.550000000000004                                0.8056916270720503
43.599999999999994                                0.8047408940450315
43.65                                             0.803810122241185
43.7                                              0.8028997531313115
43.75                                             0.8020101455195994
43.8                                              0.8011415724272916
43.85                                             0.8002942185183255
43.900000000000006                                0.7994681628212783
43.95                                             0.7986634467407733
44                                                0.7978799389772238
44.050000000000004                                0.7971174687893569
44.1                                              0.7963757441509164
44.15                                             0.7956543911811822
44.199999999999996                                0.794952936658681
44.25                                             0.794270813814421
44.300000000000004                                0.7936073652238557
44.35                                             0.7929618433218598
44.4                                              0.7923334124995617
44.449999999999996                                0.7917211544361047
44.5                                              0.791124070454973
44.550000000000004                                0.7905410858856148
44.6                                              0.7899710546980215
44.65                                             0.7894127644546723
44.7                                              0.788864941844371
44.75                                             0.7883262586889842
44.8                                              0.787795338187573
44.849999999999994                                0.7872707615323973
44.9                                              0.7867510748727261
44.95                                             0.7862347965726441
45                                                0.7857204247247875
45.05                                             0.7852064448846872
45.1                                              0.7846913379848256
45.150000000000006                                0.784173588386265
45.2                                              0.78365169202865
45.25                                             0.7831241646395516
45.3                                              0.7825895499563298
45.35                                             0.7820464279136908
45.4                                              0.7814934227512244
45.449999999999996                                0.7809292109946644
45.5                                              0.7803525292645748
45.550000000000004                                0.7797621818640351
45.6                                              0.7791570480964929
45.65                                             0.7785360892642845
45.7                                              0.7778983553043346
45.75000000000001                                 0.7772429910284675
45.800000000000004                                0.7765692419394511
45.849999999999994                                0.7758764595845653
45.9                                              0.7751641063994917
45.95                                             0.7744317599969778
46                                                0.7736791168645457
46.05                                             0.7729059954427725
46.1                                              0.7721123385616852
46.150000000000006                                0.7712982152141864
46.2                                              0.7704638216489197
46.25                                             0.7696094817688277
46.300000000000004                                0.7687356468288572
46.35                                             0.7678428944309247
46.4                                              0.7669319268081601
46.449999999999996                                0.7660035683699502
46.5                                              0.7650587624779321
46.550000000000004                                0.7640985674719915
46.6                                              0.7631241520103342
46.65                                             0.7621367897633626
46.7                                              0.7611378534594755
46.75000000000001                                 0.7601288082811747
46.800000000000004                                0.7591112046330143
46.85                                             0.7580866703185171
46.9                                              0.7570569021648078
46.95                                             0.7560236571022066
47                                                0.7549887426489743
47.05                                             0.7539540068420686
47.099999999999994                                0.7529213280044192
47.15                                             0.7518926045127795
47.2                                              0.7508697441113732
47.25                                             0.749854652711989
47.3                                              0.7488492230177851
47.35                                             0.7478553231232214
47.400000000000006                                0.7468747851601678
47.45                                             0.745909394244643
47.5                                              0.744960877821763
47.55                                             0.7440308932659735
47.6                                              0.7431210152674296
47.65                                             0.7422327277378731
47.699999999999996                                0.7413674141229994
47.75                                             0.7405263466787911
47.800000000000004                                0.739710675960195
47.85                                             0.7389214177054433
47.9                                              0.7381594638019318
47.95                                             0.7374255675955097
48.00000000000001                                 0.7367203071943272
48.050000000000004                                0.7360441123954449
48.099999999999994                                0.7353972397813425
48.15                                             0.734779846021147
48.2                                              0.7341918228628995
48.25                                             0.7336329041781576
48.3                                              0.733102760713083
48.35                                             0.7326007672775509
48.400000000000006                                0.7321261823382388
48.45                                             0.7316780897698454
48.5                                              0.7312554082252883
48.550000000000004                                0.7308568961063594
48.6                                              0.7304811572809121
48.65                                             0.7301266478143048
48.699999999999996                                0.7297916837344616
48.74999999999999                                 0.7294744498062844
48.800000000000004                                0.7291730092768118
48.85                                             0.7288853145422322
48.9                                              0.7286092186799338
48.949999999999996                                0.7283424877818171
49.00000000000001                                 0.7280828140176514
49.050000000000004                                0.7278278293523684
49.1                                              0.7275751198341263
49.15                                             0.7273222403665404
49.2                                              0.7270667298727167
49.25                                             0.7268061267560723
49.3                                              0.7265379845587769
49.349999999999994                                0.7262598877171887
49.400000000000006                                0.7259694673111924
49.45                                             0.7256644167036023
49.5                                              0.7253425069654332
49.55                                             0.7250016019828334
49.60000000000001                                 0.7246396731427923
49.650000000000006                                0.7242548134955231
49.7                                              0.7238452512946838
49.75                                             0.7234093628181044
49.800000000000004                                0.7229456843759106
49.85                                             0.7224529234162712
49.9                                              0.7219299686438532
49.949999999999996                                0.7213758990705064
50.00000000000001                                 0.7207899919239719
