20                                                0.3459710204675282
20.05                                             0.34568542949210473
20.1                                              0.34539992959006827
20.15                                             0.3451145314935561
20.2                                              0.34482924178716656
20.25                                             0.3445440626250363
20.3                                              0.34425899146101263
20.35                                             0.3439740207941116
20.4                                              0.3436891379262845
20.45                                             0.3434043247265921
20.5                                              0.34311955740412137
20.55                                             0.3428348063039155
20.6                                              0.3425500357418968
20.650000000000002                                0.34226520388521237
20.7                                              0.3419802626754757
20.75                                             0.34169515779228676
20.8                                              0.3414098284308072
20.85                                             0.3411242079889832
20.900000000000002                                0.34083822185078655
20.95                                             0.34055179264756263
21                                                0.34026483571252414
21.05                                             0.33997726576617304
21.099999999999998                                0.33968896472180565
21.150000000000002                                0.33939985903350695
21.2                                              0.3391098328425611
21.249999999999996                                0.33881877710081554
21.299999999999997                                0.3385265792863353
21.349999999999998                                0.33823312389045984
21.4                                              0.33793829316273893
21.45                                             0.33764196777307914
21.5                                              0.3373440274905766
21.549999999999997                                0.3370443519416336
21.599999999999998                                0.33674282138093886
21.65                                             0.3364393174779331
21.7                                              0.3361337241076677
21.75                                             0.335825928130086
21.799999999999997                                0.33551582017095843
21.849999999999998                                0.3352032953857595
21.9                                              0.3348882541770704
21.95                                             0.3345706028572094
22                                                0.33425025424609794
22.05                                             0.33392712819066556
22.099999999999998                                0.3336011519938896
22.15                                             0.33327226074341704
22.2                                              0.332940397528218
22.25                                             0.33260551352556567
22.3                                              0.33226756794074674
22.35                                             0.33192652778888876
22.4                                              0.33158236751500475
22.45                                             0.33123506844956774
22.5                                              0.33088461809482383
22.55                                             0.3305310092390742
22.6                                              0.33017423889866065
22.65                                             0.329814307088539
22.7                                              0.3294512154191682
22.75                                             0.3290849655253375
22.8                                              0.328715557361735
22.85                                             0.32834298739997
22.900000000000002                                0.3279672467273368
22.95                                             0.32758831905772595
23                                                0.3272061786920779
23.05                                             0.32682078847066964
23.1                                              0.3264320977496668
23.150000000000002                                0.32604004042253854
23.2                                              0.32564453305935026
23.25                                             0.32524547328505327
23.3                                              0.3248427383358419
23.349999999999998                                0.32443618380631567
23.400000000000002                                0.3240256426991813
23.45                                             0.3236109247764084
23.5                                              0.32319181660936563
23.549999999999997                                0.32276808291531534
23.6                                              0.3223394657191624
23.65                                             0.32190568564350386
23.700000000000003                                0.32146644462161894
23.75                                             0.32102143002729466
23.799999999999997                                0.3205703132122673
23.849999999999998                                0.320112755368877
23.9                                              0.3196484155282096
23.95                                             0.3191769494351719
24                                                0.31869802330721075
24.049999999999997                                0.3182113027702285
24.099999999999998                                0.31771647636368966
24.15                                             0.3172132549143744
24.2                                              0.31670137736607157
24.25                                             0.31618061829364164
24.3                                              0.3156507942745634
24.349999999999998                                0.3151117701137267
24.4                                              0.31456346468680896
24.45                                             0.3140058562325145
24.5                                              0.3134389869209048
24.55                                             0.3128629665233908
24.6                                              0.312277975008704
24.65                                             0.3116842638936863
24.7                                              0.3110821561860742
24.75                                             0.3104720447720729
24.8                                              0.3098543891200403
24.85                                             0.3092297101973003
24.9                                              0.30859858352689506
24.95                                             0.30796163034795654
25                                                0.3073195068852234
25.05                                             0.30667289178187607
25.1                                              0.3060224718032726
25.150000000000002                                0.3053689259770302
25.2                                              0.30471290839774523
25.25                                             0.3040550299891302
25.3                                              0.30339583958244093
25.35                                             0.3027358047348328
25.400000000000002                                0.3020752927737197
25.45                                             0.301414552607921
25.5                                              0.30075369789434525
25.55                                             0.30009269218450957
25.599999999999998                                0.29943133669957545
25.650000000000002                                0.2987692613942962
25.7                                              0.29810591995924923
25.75                                             0.2974405893668535
25.799999999999997                                0.2967723744850517
25.85                                             0.29610021818226995
25.9                                              0.2954229172441417
25.950000000000003                                0.29473914430823384
26                                                0.2940474759101597
26.05                                             0.2933464266219931
26.099999999999998                                0.29263448874475734
26.15                                             0.2919101736577074
26.2                                              0.29117205902417564
26.25                                             0.29041884133573426
26.299999999999997                                0.28964939341745716
26.349999999999998                                0.2888628085559319
26.4                                              0.2880584728273265
26.45                                             0.28723608263851486
26.5                                              0.28639570069716686
26.55                                             0.28553780043614346
26.599999999999998                                0.2846632841710401
26.65                                             0.2837735002359689
26.7                                              0.28287024553556755
26.75                                             0.2819557532075731
26.8                                              0.2810326640878698
26.85                                             0.28010398067552755
26.9                                              0.2791730029250752
26.95                                             0.2782432456601207
27                                                0.27731833801512595
27.05                                             0.27640190604815984
27.1                                              0.27549744049542424
27.15                                             0.2746081525772982
27.2                                              0.27373682176771014
27.25                                             0.2728856404624424
27.3                                              0.2720560614932071
27.35                                             0.271248655362879
27.400000000000002                                0.2704629848374302
27.45                                             0.26969750503770323
27.5                                              0.2689494973300928
27.55                                             0.26821504502957444
27.6                                              0.2674890581273246
27.65                                             0.2667653528931933
27.7                                              0.26603679027788707
27.749999999999996                                0.26529547458552016
27.8                                              0.26453301097729576
27.849999999999998                                0.2637408171376709
27.900000000000002                                0.2629104810608954
27.95                                             0.26203415359860227
28                                                0.26110496133911276
28.049999999999997                                0.26011742272838617
28.1                                              0.25906784820713935
28.15                                             0.2579547036688404
28.200000000000003                                0.256778915848903
28.25                                             0.25554409816710316
28.3                                              0.2542566759457501
28.349999999999998                                0.2529258910071943
28.400000000000002                                0.25156366746610087
28.45                                             0.25018432310572075
28.500000000000004                                0.24880411426785384
28.549999999999997                                0.2474406071364467
28.6                                              0.24611187573610765
28.65                                             0.24483553680150488
28.700000000000003                                0.2436276429280402
28.75                                             0.24250147159723653
28.8                                              0.24146626694601656
28.849999999999998                                0.24052601090138567
28.899999999999995                                0.23967832055207144
28.95                                             0.23891358583259192
29.000000000000004                                0.2382144656165076
29.05                                             0.23755586610632234
29.099999999999998                                0.23690550524804435
29.15                                             0.23622512383713284
29.200000000000003                                0.2354724080767508
29.25                                             0.23460339897305085
29.299999999999997                                0.2335756176301279
29.35                                             0.23235133726431192
29.400000000000002                                0.23090104979723863
29.45                                             0.22920671504363563
29.499999999999996                                0.22726465563063739
29.55                                             0.2250877281296457
29.600000000000005                                0.22270661594813387
29.650000000000002                                0.2201700495201105
29.699999999999996                                0.2175437570839887
29.75                                             0.214907985139556
29.800000000000004                                0.2123534100865585
29.85                                             0.2099752697704148
29.9                                              0.20786559348121963
29.95                                             0.20610355268491864
29.999999999999996                                0.20474424734255434
30.05                                             0.2038067236570115
30.099999999999998                                0.20326267577898047
30.150000000000002                                0.20302800425750808
30.2                                              0.20295994202693096
30.25                                             0.20286245748704598
30.299999999999997                                0.20250176000902279
30.35                                             0.20163185919653503
30.4                                              0.20002761483827997
30.450000000000003                                0.197520388859662
30.5                                              0.19403026882810262
30.55                                             0.18958947727803668
30.599999999999998                                0.18435377083636997
30.650000000000002                                0.1786012895752643
30.7                                              0.17272000954837488
30.750000000000004                                0.16718451296511466
30.799999999999997                                0.16251971957835046
30.85                                             0.1592439562584463
30.9                                              0.15777841982244575
30.950000000000003                                0.15831050926662915
31                                                0.16061630498213897
31.05                                             0.16389607448137025
31.099999999999998                                0.16674797257967347
31.149999999999995                                0.16743057835530054
31.2                                              0.16443493034808904
31.250000000000004                                0.15711783621116696
31.3                                              0.14601316904961759
31.349999999999998                                0.13267040897173438
31.4                                              0.11925530380805814
31.450000000000003                                0.10828537804184
31.5                                              0.10269201202271444
31.549999999999997                                0.10591271367616424
31.6                                              0.12010658757648353
31.650000000000002                                0.1379576315921631
31.7                                              0.13791403992347065
31.749999999999996                                0.11438669873539714
31.8                                              0.0863974301202201
31.850000000000005                                0.06606536660499587
31.900000000000002                                0.07160763070644137
31.949999999999996                                0.0781573274900165
32                                                0.05792121212295367
32.050000000000004                                0.05808961883375803
32.1                                              0.06357599760759025
32.15                                             0.07239590948983589
32.2                                              0.08382445511754931
32.25                                             0.09745282891369204
32.300000000000004                                0.11299329043726064
32.35                                             0.13021557632470362
32.4                                              0.14892022447554157
32.449999999999996                                0.16892575102720656
32.5                                              0.19006210157459685
32.55                                             0.21216731215959295
32.6                                              0.23508594090560705
32.65                                             0.25866851461345136
32.7                                              0.2827715582499903
32.75                                             0.30725794395467826
32.800000000000004                                0.3319973913745928
32.85                                             0.356867009049045
32.9                                              0.38175180432051997
32.949999999999996                                0.4065451151859719
33                                                0.43114893610882465
33.05                                             0.45547412351111166
33.1                                              0.4794404768458272
33.15                                             0.5029766986316312
33.2                                              0.5260202421746529
33.25                                             0.5485170592862886
33.300000000000004                                0.5704212624823012
33.35                                             0.5916947171868433
33.4                                              0.6123065795800555
33.45                                             0.6322327951621073
33.5                                              0.6514555720356918
33.55                                             0.6699628415058396
33.599999999999994                                0.6877477170060271
33.65                                             0.7048079606807399
33.7                                              0.7211454652890611
33.75                                             0.7367657574853087
33.8                                              0.751677527058043
33.85                                             0.7658921853905927
33.900000000000006                                0.7794234552727062
33.95                                             0.7922869931711274
34                                                0.8045000442296425
34.05                                             0.8160811296032497
34.1                                              0.8270497652175491
34.15                                             0.8374262106663658
34.199999999999996                                0.8472312466440958
34.25                                             0.8564859789246884
34.300000000000004                                0.8652116668478543
34.35                                             0.8734295748823526
34.4                                              0.8811608452766386
34.45                                             0.8884263893840674
34.50000000000001                                 0.8952467959209821
34.550000000000004                                0.901642254771615
34.6                                              0.9076324952268197
34.65                                             0.9132367335685938
34.7                                              0.9184736288205964
34.75                                             0.9233612577536443
34.8                                              0.9279170919933457
34.85                                             0.9321579802112466
34.900000000000006                                0.9361001379040609
34.95                                             0.9397591443720161
35                                                0.9431499421273414
35.050000000000004                                0.9462868383178294
35.1                                              0.9491835108707622
35.15                                             0.9518530333291213
35.199999999999996                                0.9543078385824975
35.24999999999999                                 0.9565598424001351
35.3                                              0.958620279298539
35.35                                             0.9604998921341217
35.4                                              0.9622088584462488
35.449999999999996                                0.9637568273035365
35.5                                              0.9651529367194863
35.550000000000004                                0.9664058315494103
35.6                                              0.9675236815601097
35.65                                             0.9685141995435503
35.7                                              0.9693846593794265
35.75                                             0.9701419139699773
35.8                                              0.9707924129848663
35.849999999999994                                0.9713422203658906
35.9                                              0.9717970315515735
35.95                                             0.9721621903901823
36                                                0.9724427057172095
36.05                                             0.972643267578813
36.1                                              0.9727682630877923
36.150000000000006                                0.9728217919022909
36.2                                              0.972807681320667
36.25                                             0.9727295009883169
36.3                                              0.9725905772141528
36.35                                             0.9723940068959179
36.4                                              0.9721426710545715
36.449999999999996                                0.971839247978758
36.5                                              0.9714862259808497
36.550000000000004                                0.9710859157663677
36.6                                              0.9706404624184117
36.65                                             0.9701518569988856
36.7                                              0.9696219477676732
36.75000000000001                                 0.9690524510207972
36.800000000000004                                0.9684449615484637
36.849999999999994                                0.9678009627141448
36.9                                              0.9671218361569113
36.95                                             0.9664088711206507
37                                                0.9656632734135069
37.05                                             0.9648861739968938
37.1                                              0.9640786371966082
37.150000000000006                                0.9632416685246389
37.2                                              0.9623762221057158
37.25                                             0.9614832077124383
37.300000000000004                                0.9605634974179257
37.35                                             0.9596179318711543
37.4                                              0.9586473261894687
37.449999999999996                                0.9576524754357312
37.49999999999999                                 0.9566341595925795
37.55                                             0.9555931479282388
37.6                                              0.9545302036691481
37.65                                             0.9534460892733144
37.699999999999996                                0.9523415697164261
37.75                                             0.9512174143200094
37.800000000000004                                0.9500744003164611
37.85                                             0.9489133128807886
37.9                                              0.9477349488179196
37.95                                             0.9465401258001862
38                                                0.9453296698864778
38.05                                             0.9441044254858684
38.099999999999994                                0.9428652539817015
38.15                                             0.9416130340004948
38.2                                              0.9403486613415711
38.25                                             0.9390730486262877
38.3                                              0.9377871246707595
38.35                                             0.9364918335265566
38.400000000000006                                0.9351881332395007
38.45                                             0.9338769943434041
38.5                                              0.9325593981007685
38.55                                             0.9312363345048768
38.6                                              0.9299088000556416
38.65                                             0.9285777953269018
38.699999999999996                                0.9272443223505797
38.75                                             0.9259093818344245
38.800000000000004                                0.9245739702293212
38.85                                             0.9232390766669175
38.9                                              0.9219056797890963
38.95                                             0.9205747444903012
39.00000000000001                                 0.9192472185928046
39.050000000000004                                0.9179240294750559
39.099999999999994                                0.9166060806739813
39.15                                             0.9152942484843677
39.2                                              0.9139893785814236
39.25                                             0.9126922826911461
39.3                                              0.9114037353308511
39.35                                             0.9101244706381
39.400000000000006                                0.9088551793051024
39.45                                             0.9075965056376772
39.5                                              0.9063490447594239
39.550000000000004                                0.9051133399819027
39.6                                              0.9038898803619413
39.65                                             0.9026790984691633
39.699999999999996                                0.9014813683903727
39.75                                             0.9002970039913542
39.8                                              0.8991262574249993
39.85                                             0.8979693178490509
39.9                                              0.8968263103696773
39.949999999999996                                0.8956972952971192
40                                                0.8945822677583362
40.050000000000004                                0.8934811576381233
40.1                                              0.8923938298238324
40.15                                             0.8913200847612479
40.2                                              0.8902596593406644
40.25                                             0.8892122280940586
40.3                                              0.8881774045577662
40.349999999999994                                0.8871547427134105
40.4                                              0.8861437390652247
40.45                                             0.8851438355577251
40.5                                              0.884154422433428
40.55                                             0.8831748409885327
40.6                                              0.8822043866531267
40.650000000000006                                0.8812423124301825
40.7                                              0.8802878329217833
40.75                                             0.8793401297904939
40.8                                              0.8783983549853377
40.85                                             0.8774616313364403
40.9                                              0.8765290606225518
40.949999999999996                                0.8755997293094875
41                                                0.8746727124130169
41.050000000000004                                0.8737470777426386
41.1                                              0.872821891424381
41.15                                             0.8718962260755776
41.2                                              0.8709691594179194
41.25000000000001                                 0.8700397828432539
41.300000000000004                                0.8691072156716971
41.349999999999994                                0.8681705841503286
41.4                                              0.8672290580035155
41.45                                             0.8662818344580224
41.5                                              0.8653281537882171
41.55                                             0.8643672971566158
41.6                                              0.8633985942255531
41.650000000000006                                0.8624214269158007
41.7                                              0.8614352334007502
41.75                                             0.860439511857772
41.800000000000004                                0.8594338239401789
41.85                                             0.8584177979458106
41.9                                              0.8573911316602486
41.949999999999996                                0.8563535948551915
42                                                0.8553050314232481
42.050000000000004                                0.8542453611332145
42.1                                              0.8531745809910419
42.15                                             0.852092766194189
42.199999999999996                                0.8510000706687344
42.25                                             0.8498967271806824
42.300000000000004                                0.8487830470153515
42.35                                             0.8476594192205816
42.4                                              0.8465263094124897
42.45                                             0.8453842581442589
42.5                                              0.8442338788415977
42.55                                             0.8430758553103268
42.599999999999994                                0.8419109388244916
42.65                                             0.8407399448057057
42.7                                              0.8395637491066558
42.75                                             0.8383832839144348
42.8                                              0.8371995332913624
42.85                                             0.8360135283735544
42.900000000000006                                0.8348263422492066
42.95                                             0.8336390845412819
43                                                0.8324528957205933
43.05                                             0.8312689411777396
43.1                                              0.8300884050834454
43.15                                             0.8289124840688277
43.199999999999996                                0.8277423807580643
43.25                                             0.8265792971868224
43.300000000000004                                0.8254244281413562
43.35                                             0.8242789544534175
43.4                                              0.8231440362880726
43.45                                             0.8220208064625085
43.50000000000001                                 0.8209103638337444
43.550000000000004                                0.8198137667927868
43.599999999999994                                0.8187320269008816
43.65                                             0.8176661027029437
43.7                                              0.8166168937527046
43.75                                             0.8155852348841863
43.8                                              0.8145718907606525
43.85                                             0.8135775506962573
43.900000000000006                                0.8126028300748782
43.95                                             0.8116482369046599
44                                                0.8107142202103341
44.050000000000004                                0.8098011301082381
44.1                                              0.8089092065980557
44.15                                             0.8080386024250303
44.199999999999996                                0.807189369849792
44.25                                             0.8063614590676093
44.300000000000004                                0.8055547192194285
44.35                                             0.8047688933213185
44.4                                              0.8040036233095771
44.449999999999996                                0.8032584487712018
44.5                                              0.8025328078323785
44.550000000000004                                0.8018260391517895
44.6                                              0.8011373842565495
44.65                                             0.8004659904209797
44.7                                              0.7998109141205807
44.75                                             0.7991711250360388
44.8                                              0.7985455105781233
44.849999999999994                                0.7979328809337453
44.9                                              0.7973319746128151
44.95                                             0.7967414644722346
45                                                0.7961599641927904
45.05                                             0.7955860351774716
45.1                                              0.7950181938248329
45.150000000000006                                0.7944549191426437
45.2                                              0.7938946606910737
45.25                                             0.7933358468140261
45.3                                              0.7927768930999283
45.35                                             0.7922162110278747
45.4                                              0.791652216757455
45.449999999999996                                0.791083340016268
45.5                                              0.7905080330352355
45.550000000000004                                0.7899247794797675
45.6                                              0.7893321033231875
45.65                                             0.788728577608656
45.7                                              0.7881128330488574
45.75000000000001                                 0.78748356641655
45.800000000000004                                0.7868395486809566
45.849999999999994                                0.7861796328421168
45.9                                              0.7855027614103975
45.95                                             0.7848079734755908
46                                                0.784094411313522
46.05                                             0.7833613264842471
46.1                                              0.7826080853813191
46.150000000000006                                0.7818341741945846
46.2                                              0.781039203252723
46.25                                             0.7802229107166737
46.300000000000004                                0.7793851656029577
46.35                                             0.7785259701181868
46.4                                              0.7776454612705603
46.449999999999996                                0.7767439116893747
46.5                                              0.7758217295902048
46.550000000000004                                0.7748794579125042
46.6                                              0.7739177727190455
46.65                                             0.7729374808845002
46.7                                              0.7719395170250228
46.75000000000001                                 0.7709249396318575
46.800000000000004                                0.7698949264183437
46.85                                             0.7688507689176067
46.9                                              0.767793866367045
46.95                                             0.7667257188504195
47                                                0.7656479195014755
47.05                                             0.7645621456792695
47.099999999999994                                0.7634701499155581
47.15                                             0.7623737512392214
47.2                                              0.7612748257434804
47.25                                             0.7601752958997233
47.3                                              0.7590771193369413
47.35                                             0.7579822774365814
47.400000000000006                                0.7568927637144282
47.45                                             0.7558105719739703
47.5                                              0.7547376843252755
47.55                                             0.7536760591035762
47.6                                              0.752627618450611
47.65                                             0.7515942360407776
47.699999999999996                                0.7505777250724838
47.75                                             0.749579826125888
47.800000000000004                                0.7486021943255049
47.85                                             0.7476463853336326
47.9                                              0.7467138659094461
47.95                                             0.7458059804727168
48.00000000000001                                 0.7449239275476544
48.050000000000004                                0.7440687803820139
48.099999999999994                                0.7432414479746399
48.15                                             0.7424427832277285
48.2                                              0.7416733326658438
48.25                                             0.7409335601412184
48.3                                              0.7402237589269672
48.35                                             0.739544029494385
48.400000000000006                                0.7388943005605233
48.45                                             0.7382743198963334
48.5                                              0.7376836542290222
48.550000000000004                                0.737121689628257
48.6                                              0.7365876330231056
48.65                                             0.7360805149008359
48.699999999999996                                0.7355991931973845
48.74999999999999                                 0.735142358375415
48.800000000000004                                0.7347085396761475
48.85                                             0.7342961125216136
48.9                                              0.7339033070347988
48.949999999999996                                0.7335282176369183
49.00000000000001                                 0.733168813672313
49.050000000000004                                0.7328229510035175
49.1                                              0.7324883845110888
49.15                                             0.7321627814259789
49.2                                              0.731843735414414
49.25                                             0.731528781329485
49.3                                              0.731215410537849
49.349999999999994                                0.730901086724608
49.400000000000006                                0.7305832620752024
49.45                                             0.7302593937298231
49.5                                              0.7299269604021016
49.55                                             0.7295834790527337
49.60000000000001                                 0.7292265215060949
49.650000000000006                                0.7288537308981167
49.7                                              0.7284628378428938
49.75                                             0.7280516762067885
49.800000000000004                                0.7276181983797579
49.85                                             0.7271604899358822
49.9                                              0.726676783577785
49.949999999999996                                0.7261654722626106
50.00000000000001                                 0.7256251214120318
