20                                                0.37594528822008216
20.05                                             0.3755825722023942
20.1                                              0.375219257261748
20.15                                             0.374855361362398
20.2                                              0.3744908988867577
20.25                                             0.3741258802824419
20.3                                              0.37376031171156243
20.35                                             0.37339419470316587
20.4                                              0.3730275258114748
20.45                                             0.3726602962857868
20.5                                              0.37229249176474555
20.55                                             0.3719240920056375
20.6                                              0.3715550706511149
20.650000000000002                                0.3711853950308616
20.7                                              0.37081502600357646
20.75                                             0.37044391787154674
20.8                                              0.37007201818972213
20.85                                             0.3696992681870607
20.900000000000002                                0.36932560087859323
20.95                                             0.3689509439456032
21                                                0.36857521829400663
21.05                                             0.36819834220579717
21.099999999999998                                0.36782021323368724
21.150000000000002                                0.36744074457658576
21.2                                              0.3670598321089371
21.249999999999996                                0.36667736819480673
21.299999999999997                                0.3662932416889084
21.349999999999998                                0.36590733798612324
21.4                                              0.3655195397278774
21.45                                             0.36512972751102046
21.5                                              0.36473778072421276
21.549999999999997                                0.36434357843534215
21.599999999999998                                0.3639470003094946
21.65                                             0.3635479275584517
21.7                                              0.36314624391270806
21.75                                             0.36274183660702874
21.799999999999997                                0.3623345973692639
21.849999999999998                                0.3619244233962392
21.9                                              0.3615112182995321
21.95                                             0.36109489300554615
22                                                0.3606753665925094
22.05                                             0.3602525670458073
22.099999999999998                                0.35982643191535035
22.15                                             0.3593969088572304
22.2                                              0.35896395604621667
22.25                                             0.3585275424445284
22.3                                              0.3580876479090769
22.35                                             0.35764426311562053
22.4                                              0.35719738928279493
22.45                                             0.35674703768684185
22.5                                              0.35629322896100174
22.55                                             0.3558359921742171
22.6                                              0.3553753636857728
22.65                                             0.3549113857767672
22.7                                              0.3544441050631499
22.75                                             0.353973570692527
22.8                                              0.3534998323260274
22.85                                             0.3530229379284298
22.900000000000002                                0.35254293140535237
22.95                                             0.3520598501133599
23                                                0.3515737222662065
23.05                                             0.35108456427710594
23.1                                              0.3505923780938784
23.150000000000002                                0.35009714858022867
23.2                                              0.349598840905601
23.25                                             0.34909739800013456
23.3                                              0.3485927383593508
23.349999999999998                                0.3480847541401664
23.400000000000002                                0.34757330950074083
23.45                                             0.3470582393302313
23.5                                              0.34653934844088297
23.549999999999997                                0.3460164111106244
23.6                                              0.3454891714581484
23.65                                             0.3449573445844045
23.700000000000003                                0.34442061860226325
23.75                                             0.3438786461365666
23.799999999999997                                0.3433310815608537
23.849999999999998                                0.34277753725828297
23.9                                              0.34221761978724696
23.95                                             0.3416509283342696
24                                                0.3410770550250311
24.049999999999997                                0.3404955960242112
24.099999999999998                                0.3399061609429709
24.15                                             0.33930837396116786
24.2                                              0.33870188640228843
24.25                                             0.33808638330339363
24.3                                              0.3374615917330876
24.349999999999998                                0.3368272888909154
24.4                                              0.33618330991562234
24.45                                             0.3355295552054124
24.5                                              0.33486599703593917
24.55                                             0.3341926852546446
24.6                                              0.3335097518301201
24.65                                             0.3328174140370233
24.7                                              0.33211597606094867
24.75                                             0.3314058288189549
24.8                                              0.33068744780846643
24.85                                             0.3299613888240903
24.9                                              0.3292282814148782
24.95                                             0.3284888199955117
25                                                0.3277437525729968
25.05                                             0.32699386710632256
25.1                                              0.3262399755795689
25.150000000000002                                0.3254828959381954
25.2                                              0.3247234321136346
25.25                                             0.32396235244056687
25.3                                              0.3232003668528078
25.35                                             0.3224381033259838
25.400000000000002                                0.3216760841160114
25.45                                             0.3209147024164941
25.5                                              0.32015420012716445
25.55                                             0.3193946474812669
25.599999999999998                                0.31863592532239676
25.650000000000002                                0.31787771084447447
25.7                                              0.3171194676034899
25.75                                             0.31636044057392826
25.799999999999997                                0.3155996569592896
25.85                                             0.314835933384541
25.9                                              0.3140678899967047
25.950000000000003                                0.3132939718646595
26                                                0.3125124779098942
26.05                                             0.31172159749835304
26.099999999999998                                0.3109194534499228
26.15                                             0.31010415196440494
26.2                                              0.3092738345332291
26.25                                             0.30842674209914367
26.299999999999997                                0.30756128316172593
26.349999999999998                                0.3066760920588321
26.4                                              0.3057700973043601
26.45                                             0.30484259734501185
26.5                                              0.30389328080393896
26.55                                             0.30292231554931404
26.599999999999998                                0.30193037389975
26.65                                             0.3009186632307591
26.7                                              0.29988894031660995
26.75                                             0.29884350841915464
26.8                                              0.29778519518125013
26.85                                             0.2967173097179022
26.9                                              0.2956435776501185
26.95                                             0.29456805347685755
27                                                0.29349501041497883
27.05                                             0.2924288087057185
27.1                                              0.2913737443968114
27.15                                             0.29033388167485463
27.2                                              0.28931287299280123
27.25                                             0.2883137724776803
27.3                                              0.28733884930135667
27.35                                             0.28638940881144104
27.400000000000002                                0.2854656301722092
27.45                                             0.2845664299592991
27.5                                              0.2836893614888614
27.55                                             0.28283055954711095
27.6                                              0.28198473952841585
27.65                                             0.2811452587308575
27.7                                              0.28030424566330425
27.749999999999996                                0.2794528006903659
27.8                                              0.2785812682409855
27.849999999999998                                0.2776795772409743
27.900000000000002                                0.27673764254225924
27.95                                             0.27574581609072735
28                                                0.2746953726117075
28.049999999999997                                0.27357901090671494
28.1                                              0.2723913486492777
28.15                                             0.2711293859523795
28.200000000000003                                0.2697929110928072
28.25                                             0.26838482085628335
28.3                                              0.2669113280718253
28.349999999999998                                0.2653820299397168
28.400000000000002                                0.2638098129044212
28.45                                             0.26221057332799874
28.500000000000004                                0.2606027382823248
28.549999999999997                                0.25900657760037643
28.6                                              0.2574433071705348
28.65                                             0.25593399537034156
28.700000000000003                                0.254498299280156
28.75                                             0.2531530737076846
28.8                                              0.2519109156605502
28.849999999999998                                0.25077872804597723
28.899999999999995                                0.24975640658997944
28.95                                             0.2488357707371507
29.000000000000004                                0.2479998698247734
29.05                                             0.24722279735891056
29.099999999999998                                0.24647012994540296
29.15                                             0.2457000780014197
29.200000000000003                                0.244865448060771
29.25                                             0.24391615107330786
29.299999999999997                                0.24280266832313183
29.35                                             0.2414797190488384
29.400000000000002                                0.23991031813244676
29.45                                             0.23806972314329602
29.499999999999996                                0.23594908398838155
29.55                                             0.23355832621107397
29.600000000000005                                0.2309280509816905
29.650000000000002                                0.22811010804552237
29.699999999999996                                0.22517659643154905
29.75                                             0.2222170742092325
29.800000000000004                                0.21933380968590493
29.85                                             0.21663496997582482
29.9                                              0.21422574450533988
29.95                                             0.21219757237448444
29.999999999999996                                0.21061592073004687
30.05                                             0.20950747493681332
30.099999999999998                                0.20884814656657247
30.150000000000002                                0.20855391393628073
30.2                                              0.20847701983960804
30.25                                             0.20841020141579011
30.299999999999997                                0.20810111167560208
30.35                                             0.20727769171231658
30.4                                              0.205683020264765
30.450000000000003                                0.20311557015012224
30.5                                              0.19946867352592065
30.55                                             0.19476222402067883
30.599999999999998                                0.18916066926729208
30.650000000000002                                0.18297380919783413
30.7                                              0.17663967304599076
30.750000000000004                                0.17069035325485962
30.799999999999997                                0.16570103571364844
30.85                                             0.16221945471630758
30.9                                              0.16066909639409227
30.950000000000003                                0.16121888659468692
31                                                0.1636233036917199
31.05                                             0.16707148951467196
31.099999999999998                                0.1701441241257771
31.149999999999995                                0.17102370241983017
31.2                                              0.16803941102309433
31.250000000000004                                0.16038755653457945
31.3                                              0.14861861598973902
31.349999999999998                                0.13456424936303144
31.4                                              0.12081537877804296
31.450000000000003                                0.11019397944498867
31.5                                              0.10554630620723089
31.549999999999997                                0.10966034377629202
31.6                                              0.12379040791008515
31.650000000000002                                0.14093600091457484
31.7                                              0.1401861994002873
31.749999999999996                                0.11489967811297691
31.8                                              0.08710579574769577
31.850000000000005                                0.07084058962568754
31.900000000000002                                0.08281545392742753
31.949999999999996                                0.08067626734446516
32                                                0.06927383431567673
32.050000000000004                                0.0746048772982147
32.1                                              0.08363852335973557
32.15                                             0.09479233113263145
32.2                                              0.10745410674434343
32.25                                             0.1212677871066106
32.300000000000004                                0.1359870886174087
32.35                                             0.15142547913752405
32.4                                              0.16743369204875377
32.449999999999996                                0.18388790867349003
32.5                                              0.2006829001855116
32.55                                             0.21772775488937052
32.6                                              0.23494306113211263
32.65                                             0.25225895689833844
32.7                                              0.269613718477045
32.75                                             0.2869526967068837
32.800000000000004                                0.3042274845772047
32.85                                             0.321395243541776
32.9                                              0.3384181419396946
32.949999999999996                                0.3552628749790482
33                                                0.3719002458982717
33.05                                             0.38830479447398303
33.1                                              0.40445446333573554
33.15                                             0.4203302953986757
33.2                                              0.435916157637217
33.25                                             0.4511984877041933
33.300000000000004                                0.46616606077595446
33.35                                             0.48080977461158264
33.4                                              0.4951224512233158
33.45                                             0.5090986538377577
33.5                                              0.5227345180188152
33.55                                             0.5360275959585851
33.599999999999994                                0.548976713044174
33.65                                             0.5615818358804158
33.7                                              0.5738439510077483
33.75                                             0.5857649535902484
33.8                                              0.5973475453797954
33.85                                             0.6085951412969678
33.900000000000006                                0.6195117840361968
33.95                                             0.6301020661181386
34                                                0.6403710588256709
34.05                                             0.6503242474851015
34.1                                              0.6599674726036723
34.15                                             0.6693068764482321
34.199999999999996                                0.6783488547047887
34.25                                             0.6871000125964698
34.300000000000004                                0.695567124535655
34.35                                             0.7037570976734127
34.4                                              0.7116769397085474
34.45                                             0.7193337297100773
34.50000000000001                                 0.7267345914742168
34.550000000000004                                0.7338866696615103
34.6                                              0.7407971093598925
34.65                                             0.7474730364446076
34.7                                              0.7539215344292921
34.75                                             0.7601496333932883
34.8                                              0.7661642980909787
34.85                                             0.7719724130912295
34.900000000000006                                0.7775807706045775
34.95                                             0.7829960608609968
35                                                0.7882248636637076
35.050000000000004                                0.7932736392659968
35.1                                              0.7981487216060997
35.15                                             0.8028563114892989
35.199999999999996                                0.8074024657601405
35.24999999999999                                 0.8117931250653655
35.3                                              0.8160340386176731
35.35                                             0.8201308353483119
35.4                                              0.8240889810204901
35.449999999999996                                0.8279137842026905
35.5                                              0.8316103938912245
35.550000000000004                                0.8351837976692404
35.6                                              0.8386388202865375
35.65                                             0.8419801226278658
35.7                                              0.8452122010490949
35.75                                             0.8483393870644494
35.8                                              0.8513658473702371
35.849999999999994                                0.8542955841926037
35.9                                              0.8571324359465208
35.95                                             0.8598800781951429
36                                                0.8625420249006401
36.05                                             0.8651216299573619
36.1                                              0.8676220890001531
36.150000000000006                                0.8700464414804966
36.2                                              0.8723975730029364
36.25                                             0.8746782179154204
36.3                                              0.8768909621454751
36.35                                             0.8790382462755186
36.4                                              0.8811223688490926
36.449999999999996                                0.8831454899000691
36.5                                              0.8851096346963248
36.550000000000004                                0.887016697688646
36.6                                              0.8888684466558405
36.65                                             0.8906665270354334
36.7                                              0.8924124664296852
36.75000000000001                                 0.8941076792754891
36.800000000000004                                0.8957534716658421
36.849999999999994                                0.8973510463100737
36.9                                              0.8989015076195151
36.95                                             0.9004058669050823
37                                                0.9018650476747918
37.05                                             0.9032798910196762
37.1                                              0.9046511610760938
37.150000000000006                                0.9059795505479112
37.2                                              0.9072656862660599
37.25                                             0.9085101347620345
37.300000000000004                                0.9097134078365745
37.35                                             0.9108759681101659
37.4                                              0.9119982345430876
37.449999999999996                                0.9130805878958469
37.49999999999999                                 0.9141233781098136
37.55                                             0.9151269206971439
37.6                                              0.9160915173206637
37.65                                             0.9170174517005417
37.699999999999996                                0.917904989100807
37.75                                             0.9187543922597479
37.800000000000004                                0.9195659204521198
37.85                                             0.9203398358160844
37.9                                              0.9210764050881372
37.95                                             0.9217759051134984
38                                                0.9224386280934096
38.05                                             0.9230648833662364
38.099999999999994                                0.9236550013579874
38.15                                             0.9242093366847972
38.2                                              0.9247282709665382
38.25                                             0.9252122154102518
38.3                                              0.9256616130839552
38.35                                             0.9260769408834694
38.400000000000006                                0.9264587112071093
38.45                                             0.926807473327712
38.5                                              0.9271238144563774
38.55                                             0.9274083604924709
38.6                                              0.9276617764576695
38.65                                             0.9278847666234457
38.699999999999996                                0.9280780743346239
38.75                                             0.9282424815247845
38.800000000000004                                0.9283788079287525
38.85                                             0.9284879100008953
38.9                                              0.9285706795468541
38.95                                             0.9286280420768919
39.00000000000001                                 0.9286609548891883
39.050000000000004                                0.9286704048909059
39.099999999999994                                0.9286574061643433
39.15                                             0.9286229972902658
39.2                                              0.9285682384506158
39.25                                             0.9284942083399185
39.3                                              0.9284020009094345
39.35                                             0.9282927219547153
39.400000000000006                                0.9281674855521973
39.45                                             0.9280274103567067
39.5                                              0.9278736157809616
39.550000000000004                                0.9277072180820025
39.6                                              0.9275293263793026
39.65                                             0.9273410386293086
39.699999999999996                                0.9271434375857083
39.75                                             0.9269375867805536
39.8                                              0.9267245265535969
39.85                                             0.926505270121047
39.9                                              0.9262807996616775
39.949999999999996                                0.9260520624598422
40                                                0.9258199671880464
40.050000000000004                                0.9255853803670524
40.1                                              0.9253491230004212
40.15                                             0.9251119673888448
40.2                                              0.9248746341478808
40.25                                             0.9246377894493594
40.3                                              0.9244020424491368
40.349999999999994                                0.9241679428214019
40.4                                              0.9239359786016351
40.45                                             0.9237065746418972
40.5                                              0.9234800913258999
40.55                                             0.9232568233326965
40.6                                              0.9230369986742685
40.650000000000006                                0.9228207781365877
40.7                                              0.9226082555140763
40.75                                             0.9223994594620238
40.8                                              0.9221943522053266
40.85                                             0.9219928256482811
40.9                                              0.9217947078704669
40.949999999999996                                0.9215997656501924
41                                                0.921407704558161
41.050000000000004                                0.9212181698809815
41.1                                              0.9210307533183564
41.15                                             0.920844993231945
41.2                                              0.920660372305265
41.25000000000001                                 0.9204763280400438
41.300000000000004                                0.9202922582907185
41.349999999999994                                0.9201075154947845
41.4                                              0.9199214160441295
41.45                                             0.9197332538086752
41.5                                              0.9195422863994676
41.55                                             0.9193477537323326
41.6                                              0.9191488778994926
41.650000000000006                                0.9189448687451748
41.7                                              0.9187349289640584
41.75                                             0.9185182592409852
41.800000000000004                                0.9182940634277701
41.85                                             0.9180615537331815
41.9                                              0.9178199558985115
41.949999999999996                                0.9175685143309726
42                                                0.9173064971663655
42.050000000000004                                0.9170332012325777
42.1                                              0.916747956885391
42.15                                             0.9164501326882644
42.199999999999996                                0.916139139908848
42.25                                             0.915814436805102
42.300000000000004                                0.9154755326751908
42.35                                             0.9151219916458861
42.4                                              0.9147534361758719
42.45                                             0.9143695502507833
42.5                                              0.9139700822492233
42.55                                             0.9135548474596863
42.599999999999994                                0.9131237302304839
42.65                                             0.9126766857366869
42.7                                              0.9122137413496042
42.75                                             0.9117349975967664
42.8                                              0.9112406287026076
42.85                                             0.9107308827017718
42.900000000000006                                0.910206081120076
42.95                                             0.9096666182198913
43                                                0.9091129598096713
43.05                                             0.9085456416195957
43.1                                              0.9079652672478571
43.15                                             0.9073725056846658
43.199999999999996                                0.9067680884235761
43.25                                             0.9061528061719513
43.300000000000004                                0.905527505175446
43.35                                             0.9048930831737694
43.4                                              0.9042504850081031
43.45                                             0.9036006979035353
43.50000000000001                                 0.902944746450858
43.550000000000004                                0.9022836873133804
43.599999999999994                                0.9016186036846883
43.65                                             0.9009505995252282
43.7                                              0.9002807936086644
43.75                                             0.8996103134127794
43.8                                              0.8989402888942744
43.85                                             0.8982718462093102
43.900000000000006                                0.8976060986209716
43.95                                             0.8969441528801783
44                                                0.8962870779588407
44.050000000000004                                0.8956359240384686
44.1                                              0.8949917007661251
44.15                                             0.89435537841695
44.199999999999996                                0.8937278791855843
44.25                                             0.8931100722501416
44.300000000000004                                0.8925027729934409
44.35                                             0.89190672113911
44.4                                              0.8913225978805135
44.449999999999996                                0.8907510079292911
44.5                                              0.8901924787506342
44.550000000000004                                0.8896474567374306
44.6                                              0.8891163038081844
44.65                                             0.8885992943569598
44.7                                              0.8880966130303354
44.75                                             0.8876083528894821
44.8                                              0.8871345139160464
44.849999999999994                                0.8866750021143099
44.9                                              0.8862296291764729
44.95                                             0.8857981126945897
45                                                0.8853800769231264
45.05                                             0.884975054092857
45.1                                              0.8845824862782287
45.150000000000006                                0.8842017278244766
45.2                                              0.883832048325392
45.25                                             0.8834726361330566
45.3                                              0.8831226023882718
45.35                                             0.8827809855594783
45.4                                              0.8824467564706164
45.449999999999996                                0.8821188237951982
45.5                                              0.881796039989902
45.550000000000004                                0.8814772076378632
45.6                                              0.8811610861677175
45.65                                             0.8808463989115624
45.7                                              0.8805318404632091
45.75000000000001                                 0.8802160842993016
45.800000000000004                                0.8798977906265935
45.849999999999994                                0.8795756144162853
45.9                                              0.8792482135795145
45.95                                             0.8789142572314979
46                                                0.8785724339890709
46.05                                             0.8782214602487455
46.1                                              0.8778600883948622
46.150000000000006                                0.8774871148890696
46.2                                              0.8771013881918364
46.25                                             0.8767018164678683
46.300000000000004                                0.876287375029731
46.35                                             0.8758571134767478
46.4                                              0.8754101624810772
46.449999999999996                                0.8749457401557955
46.5                                              0.8744631579274403
46.550000000000004                                0.8739618258689974
46.6                                              0.8734412575014189
46.65                                             0.8729010740649558
46.7                                              0.872341008213187
46.75000000000001                                 0.8717609070706089
46.800000000000004                                0.8711607346173132
46.85                                             0.8705405733834286
46.9                                              0.8699006254348074
46.95                                             0.8692412125933782
47                                                0.8685627757669627
47.05                                             0.8678658733854954
47.099999999999994                                0.867151179429249
47.15                                             0.8664194812578322
47.2                                              0.8656716764061834
47.25                                             0.8649087681241746
47.3                                              0.8641318602134966
47.35                                             0.8633421513379514
47.400000000000006                                0.8625409287366599
47.45                                             0.8617295614680768
47.5                                              0.8609094937195314
47.55                                             0.8600822368874068
47.6                                              0.85924935804499
47.65                                             0.8584124716458167
47.699999999999996                                0.8575732320039445
47.75                                             0.8567333228077967
47.800000000000004                                0.8558944460109634
47.85                                             0.8550583109007697
47.9                                              0.8542266316770377
47.95                                             0.8534011048205767
48.00000000000001                                 0.8525833957709888
48.050000000000004                                0.8517751408134888
48.099999999999994                                0.8509779300244702
48.15                                             0.8501932957307435
48.2                                              0.8494227071683257
48.25                                             0.8486675362440576
48.3                                              0.8479291085660652
48.35                                             0.8472086115469604
48.400000000000006                                0.8465071444739463
48.45                                             0.8458256899604689
48.5                                              0.8451651080507255
48.550000000000004                                0.8445261292311872
48.6                                              0.8439093480795418
48.65                                             0.8433152177012914
48.699999999999996                                0.842744045021622
48.74999999999999                                 0.8421959869826937
48.800000000000004                                0.8416710476888899
48.85                                             0.8411690765361203
48.9                                              0.8406897673538836
48.949999999999996                                0.8402326585827015
49.00000000000001                                 0.8397971345018863
49.050000000000004                                0.8393824275153757
49.1                                              0.8389876214956339
49.15                                             0.8386116561781585
49.2                                              0.8382533325904727
49.25                                             0.8379113194927206
49.3                                              0.8375841607983522
49.349999999999994                                0.8372702839362621
49.400000000000006                                0.8369680091084083
49.45                                             0.8366755593896075
49.5                                              0.8363910716098978
49.55                                             0.836112607953249
49.60000000000001                                 0.8358381682007184
49.650000000000006                                0.8355657025410052
49.7                                              0.8352931248661736
49.75                                             0.8350183264665962
49.800000000000004                                0.8347391900352876
49.85                                             0.8344536038889228
49.9                                              0.8341594763104915
49.949999999999996                                0.8338547499167148
50.00000000000001                                 0.8335374159524848
