20                                                0.4775056357266327
20.05                                             0.4772136242619374
20.1                                              0.4769214474051597
20.15                                             0.4766291131238018
20.2                                              0.4763366254279974
20.25                                             0.4760439840551753
20.3                                              0.4757511841621473
20.35                                             0.47545821602596333
20.4                                              0.4751650647524567
20.45                                             0.47487170999059386
20.5                                              0.4745781256574933
20.55                                             0.47428427968653414
20.6                                              0.4739901338113079
20.650000000000002                                0.4736956433916796
20.7                                              0.4734007572877521
20.75                                             0.47310541791326466
20.8                                              0.4728095590266087
20.85                                             0.4725131121685655
20.900000000000002                                0.4722159983034248
20.95                                             0.47191813254530063
21                                                0.4716194251948239
21.05                                             0.4713197827091508
21.099999999999998                                0.4710190859914873
21.150000000000002                                0.47071724689850497
21.2                                              0.47041414328184517
21.249999999999996                                0.4701096569058537
21.299999999999997                                0.4698036652706992
21.349999999999998                                0.4694960422798164
21.4                                              0.4691866589142464
21.45                                             0.46887538391822614
21.5                                              0.46856208460295484
21.549999999999997                                0.46824662766306907
21.599999999999998                                0.46792888002221017
21.65                                             0.46760870971163604
21.7                                              0.46728598678015254
21.75                                             0.4669605842226772
21.799999999999997                                0.4666323788967167
21.849999999999998                                0.4663012524249731
21.9                                              0.4659670920789313
21.95                                             0.46562979162209794
22                                                0.46528925209645816
22.05                                             0.464945382537725
22.099999999999998                                0.4645981006063209
22.15                                             0.4642473331196168
22.2                                              0.4638930164693822
22.25                                             0.46353509690314393
22.3                                              0.4631735306511445
22.35                                             0.4628082838884854
22.4                                              0.46243933252444763
22.45                                             0.46206666181113626
22.5                                              0.46169026576194355
22.55                                             0.46131014637210827
22.6                                              0.46092631263519535
22.65                                             0.46053877934640836
22.7                                              0.4601475656852137
22.75                                             0.4597526935982193
22.8                                              0.4593541860330235
22.85                                             0.45895206503321795
22.900000000000002                                0.45854634966554697
22.95                                             0.4581370537943137
23                                                0.4577241837517083
23.05                                             0.45730773594413876
23.1                                              0.45688769443438554
23.150000000000002                                0.4564640285891911
23.2                                              0.4560366908684492
23.25                                             0.4556056146121148
23.3                                              0.4551707119006683
23.349999999999998                                0.4547318717666275
23.400000000000002                                0.4542889587313651
23.45                                             0.45384181166243176
23.5                                              0.4533902430709505
23.549999999999997                                0.4529340388261227
23.6                                              0.45247295819669514
23.65                                             0.4520067348210133
23.700000000000003                                0.45153507863404607
23.75                                             0.4510576699793681
23.799999999999997                                0.45057418679039746
23.849999999999998                                0.45008427390327604
23.9                                              0.4495875701488569
23.95                                             0.4490837070052138
24                                                0.44857231364330663
24.049999999999997                                0.44805301984942786
24.099999999999998                                0.4475254682360545
24.15                                             0.4469893167250504
24.2                                              0.4464442473878175
24.25                                             0.4458899734528937
24.3                                              0.44532624680627186
24.349999999999998                                0.44475286541418785
24.4                                              0.44416968052091366
24.45                                             0.4435766034423204
24.5                                              0.4429736117649279
24.55                                             0.44236075475275527
24.6                                              0.441738157759561
24.65                                             0.4411060254439197
24.7                                              0.44046464358747844
24.75                                             0.4398143793258681
24.8                                              0.43915567961597546
24.85                                             0.43848906778477836
24.9                                              0.4378151380321119
24.95                                             0.43713454779463257
25                                                0.4364480079193509
25.05                                             0.4357562706440258
25.1                                              0.43506011543714235
25.150000000000002                                0.43436033281200126
25.2                                              0.43365770629741096
25.25                                             0.4329529928191913
25.3                                              0.43224690182232967
25.35                                             0.4315400735397094
25.400000000000002                                0.4308330568895251
25.45                                             0.4301262875545714
25.5                                              0.42942006686439105
25.55                                             0.4287145421570389
25.599999999999998                                0.4280096893430893
25.650000000000002                                0.42730529841861853
25.7                                              0.4266009626741882
25.75                                             0.42589607231960536
25.799999999999997                                0.4251898132004054
25.85                                             0.4244811712218824
25.9                                              0.4237689430096552
25.950000000000003                                0.42305175321224897
26                                                0.42232807870851735
26.05                                             0.4215962800618148
26.099999999999998                                0.4208546373459118
26.15                                             0.42010139845121675
26.2                                              0.41933482422619844
26.25                                             0.4185532418191062
26.299999999999997                                0.4177551104305826
26.349999999999998                                0.4169390761101898
26.4                                              0.41610402266494556
26.45                                             0.41524917942911505
26.5                                              0.4143740994562571
26.55                                             0.4134787710880363
26.599999999999998                                0.41256364060774126
26.65                                             0.4116296469400374
26.7                                              0.4106782424436335
26.75                                             0.40971139866534073
26.8                                              0.4087315951256013
26.85                                             0.4077417893159274
26.9                                              0.40674536637011266
26.95                                             0.40574606740819336
27                                                0.40474789616083623
27.05                                             0.40375500424295685
27.1                                              0.40277155634946255
27.15                                             0.401801577637322
27.2                                              0.40084878669035284
27.25                                             0.3999164186899942
27.3                                              0.3990070446350354
27.35                                             0.3981223936328546
27.400000000000002                                0.39726318634181534
27.45                                             0.39642898848341945
27.5                                              0.3956180938585609
27.55                                             0.39482744639950607
27.6                                              0.39405261037293754
27.65                                             0.3932877968598973
27.7                                              0.3925259530447834
27.749999999999996                                0.3917589186532104
27.8                                              0.39097765114264293
27.849999999999998                                0.3901725180696234
27.900000000000002                                0.38933365157444433
27.95                                             0.38845135630420563
28                                                0.3875165585148864
28.049999999999997                                0.3865212807188403
28.1                                              0.38545912320224024
28.15                                             0.38432573111926155
28.200000000000003                                0.38311922379372165
28.25                                             0.38184056139388506
28.3                                              0.38049382323179953
28.349999999999998                                0.3790863716127898
28.400000000000002                                0.37762887560797465
28.45                                             0.37613517055962215
28.500000000000004                                0.37462193183630266
28.549999999999997                                0.3731081456815544
28.6                                              0.37161436677308896
28.65                                             0.37016176253115174
28.700000000000003                                0.36877095723456643
28.75                                             0.3674607053828228
28.8                                              0.3662464449693108
28.849999999999998                                0.36513880470158466
28.899999999999995                                0.3641421626472345
28.95                                             0.36325337589425194
29.000000000000004                                0.3624608179098802
29.05                                             0.3617438599434877
29.099999999999998                                0.3610729285112699
29.15                                             0.36041023688780954
29.200000000000003                                0.35971131406122453
29.25                                             0.35892715066170866
29.299999999999997                                0.358007178412663
29.35                                             0.3569027078957706
29.400000000000002                                0.3555707621417648
29.45                                             0.35397798159053434
29.499999999999996                                0.3521044605963552
29.55                                             0.34994706796189334
29.600000000000005                                0.34752211853544934
29.650000000000002                                0.3448670308920408
29.699999999999996                                0.34204073698047516
29.75                                             0.33912254705140704
29.800000000000004                                0.33620917560733754
29.85                                             0.3334096308603165
29.9                                              0.33083771364463493
29.95                                             0.3286020070329066
29.999999999999996                                0.32679352090992086
30.05                                             0.3254716320437107
30.099999999999998                                0.32464963230068733
30.150000000000002                                0.32428198202061276
30.2                                              0.32425605737907703
30.25                                             0.3243914610787535
30.299999999999997                                0.3244494902650512
30.35                                             0.324153929195428
30.4                                              0.32322211003432616
30.450000000000003                                0.32140274768562044
30.5                                              0.3185152570889471
30.55                                             0.3144848254037559
30.599999999999998                                0.309368593322322
30.650000000000002                                0.30337030560956124
30.7                                              0.29684256834641076
30.750000000000004                                0.29027612060083197
30.799999999999997                                0.28427332245990444
30.85                                             0.2794981404898987
30.9                                              0.2765885935384173
30.950000000000003                                0.27601468533480356
31                                                0.2778761559029481
31.05                                             0.28167547984325214
31.099999999999998                                0.2861754879607334
31.149999999999995                                0.28951066919490487
31.2                                              0.28965922352614726
31.250000000000004                                0.2851467299835199
31.3                                              0.2756192622218946
31.349999999999998                                0.2619875827573359
31.4                                              0.24619865731797924
31.450000000000003                                0.23098843717057943
31.5                                              0.2199790689870219
31.549999999999997                                0.21813418476478602
31.6                                              0.23097793632202113
31.650000000000002                                0.25645383977316066
31.7                                              0.2717027064097092
31.749999999999996                                0.2569565239699084
31.8                                              0.22520018528592503
31.850000000000005                                0.19245741613345163
31.900000000000002                                0.17221965245271428
31.949999999999996                                0.22542944566236064
32                                                0.1802934902934798
32.050000000000004                                0.1678746295239369
32.1                                              0.16354707675514826
32.15                                             0.16365669661929735
32.2                                              0.16692279834517448
32.25                                             0.17267553157833235
32.300000000000004                                0.18047998509126503
32.35                                             0.1900154757633367
32.4                                              0.20102600896796044
32.449999999999996                                0.2132965186550271
32.5                                              0.22664024630162188
32.55                                             0.24089155147813301
32.6                                              0.2559015988451512
32.65                                             0.27153565450336586
32.7                                              0.2876713142108727
32.75                                             0.3041972808731815
32.800000000000004                                0.321012467142974
32.85                                             0.33802528882916555
32.9                                              0.3551530679503826
32.949999999999996                                0.37232149673756265
33                                                0.38946413415333075
33.05                                             0.40652191925019193
33.1                                              0.4234426936968361
33.15                                             0.4401807307454382
33.2                                              0.456696270851251
33.25                                             0.47295506575803326
33.300000000000004                                0.48892793360847986
33.35                                             0.5045903278346974
33.4                                              0.5199219224262001
33.45                                             0.534906215819561
33.5                                              0.5495301551988587
33.55                                             0.5637837825083292
33.599999999999994                                0.5776599030063544
33.65                                             0.5911537767468
33.7                                              0.6042628329865799
33.75                                             0.6169864071834559
33.8                                              0.6293254999823393
33.85                                             0.6412825573746227
33.900000000000006                                0.6528612710613015
33.95                                             0.6640663979208774
34                                                0.6749035974139179
34.05                                             0.6853792857181533
34.1                                              0.695500505378053
34.15                                             0.7052748092562687
34.199999999999996                                0.7147101575654726
34.25                                             0.7238148268331126
34.300000000000004                                0.7325973298895012
34.35                                             0.7410663458850283
34.4                                              0.7492306590998028
34.45                                             0.7570991056854791
34.50000000000001                                 0.7646805276493334
34.550000000000004                                0.7719837333715364
34.6                                              0.7790174642261131
34.65                                             0.7857903660720573
34.7                                              0.7923109634940765
34.75                                             0.7985876405228753
34.8                                              0.8046286249423152
34.85                                             0.8104419743900553
34.900000000000006                                0.8160355649408021
34.95                                             0.8214170836459235
35                                                0.8265940225145029
35.050000000000004                                0.8315736722785046
35.1                                              0.8363631177702553
35.15                                             0.840969249074418
35.199999999999996                                0.8453987307659693
35.24999999999999                                 0.8496580654837544
35.3                                              0.8537534917848014
35.35                                             0.8576910904652448
35.4                                              0.8614767315627138
35.449999999999996                                0.8651160899498086
35.5                                              0.8686146487158394
35.550000000000004                                0.8719777030309034
35.6                                              0.8752103642873675
35.65                                             0.8783175644472331
35.7                                              0.8813040605436268
35.75                                             0.8841744392931887
35.8                                              0.8869331217827001
35.849999999999994                                0.8895843681989115
35.9                                              0.8921322825742932
35.95                                             0.8945808175257399
36                                                0.896933778967559
36.05                                             0.8991948307821837
36.1                                              0.9013674994358376
36.150000000000006                                0.9034551785281503
36.2                                              0.9054611332661627
36.25                                             0.9073885048559973
36.3                                              0.9092403148050708
36.35                                             0.9110194691306741
36.4                                              0.9127287624704066
36.449999999999996                                0.9143708820917863
36.5                                              0.9159484117987452
36.550000000000004                                0.9174638357334818
36.6                                              0.9189195420728028
36.65                                             0.9203178266180401
36.7                                              0.9216608962781214
36.75000000000001                                 0.922950872445049
36.800000000000004                                0.9241897942611615
36.849999999999994                                0.9253796217777719
36.9                                              0.9265222390068482
36.95                                             0.927619456870142
37                                                0.9286730160541358
37.05                                             0.9296845897789573
37.1                                              0.9306557864824542
37.150000000000006                                0.9315881524092525
37.2                                              0.9324831740898719
37.25                                             0.9333422807040236
37.300000000000004                                0.9341668463367465
37.35                                             0.9349581921455801
37.4                                              0.935717588457238
37.449999999999996                                0.9364462567948854
37.49999999999999                                 0.9371453719025674
37.55                                             0.937816062293227
37.6                                              0.9384594125578312
37.65                                             0.9390764644258491
37.699999999999996                                0.9396682214888246
37.75                                             0.9402356488430583
37.800000000000004                                0.9407796734317605
37.85                                             0.9413011968721596
37.9                                              0.9418010495730449
37.95                                             0.9422800721107519
38                                                0.9427390497051038
38.05                                             0.9431787390397612
38.099999999999994                                0.9435998663095349
38.15                                             0.9440031278526542
38.2                                              0.9443891908537088
38.25                                             0.9447586940960928
38.3                                              0.945112248703831
38.35                                             0.9454504387754841
38.400000000000006                                0.9457738219753883
38.45                                             0.946082930089031
38.5                                              0.9463782695390947
38.55                                             0.9466603218656436
38.6                                              0.9469295441787031
38.65                                             0.9471863695829401
38.699999999999996                                0.9474312075693444
38.75                                             0.94766444438325
38.800000000000004                                0.9478864433781946
38.85                                             0.9480975453585765
38.9                                              0.9482980689141476
38.95                                             0.9484883107503753
39.00000000000001                                 0.9486685460183937
39.050000000000004                                0.9488390286477127
39.099999999999994                                0.9489999916845179
39.15                                             0.9491516476394982
39.2                                              0.9492941888503506
39.25                                             0.9494277878645283
39.3                                              0.949552597846718
39.35                                             0.9496687530139981
39.400000000000006                                0.9497763690999348
39.45                                             0.9498755438488835
39.5                                              0.9499663575426261
39.550000000000004                                0.950048873562445
39.6                                              0.9501231389907328
39.65                                             0.95018918525821
39.699999999999996                                0.9502470288434991
39.75                                             0.9502966720250534
39.8                                              0.9503381036661394
39.85                                             0.9503713000085382
39.9                                              0.9503962254874458
39.949999999999996                                0.950412833612907
40                                                0.9504210679324412
40.050000000000004                                0.9504208630513753
40.1                                              0.9504121456924939
40.15                                             0.9503948357968045
40.2                                              0.9503688476711011
40.25                                             0.9503340911500786
40.3                                              0.9502904726537472
40.349999999999994                                0.9502378961281772
40.4                                              0.9501762643156608
40.45                                             0.950105480421087
40.5                                              0.9500254495049294
40.55                                             0.9499360795950823
40.6                                              0.9498372828540498
40.650000000000006                                0.9497289768636963
40.7                                              0.9496110861446981
40.75                                             0.9494835439876026
40.8                                              0.9493462927025212
40.85                                             0.9491992837501935
40.9                                              0.9490424808324757
40.949999999999996                                0.9488758611958041
41                                                0.9486994162965305
41.050000000000004                                0.9485131526624987
41.1                                              0.9483170932122577
41.15                                             0.948111278238934
41.2                                              0.9478957658208034
41.25000000000001                                 0.9476706289684744
41.300000000000004                                0.9474359631476056
41.349999999999994                                0.947191913540399
41.4                                              0.9469386132833248
41.45                                             0.9466761726549264
41.5                                              0.9464048206529547
41.55                                             0.946124752228228
41.6                                              0.9458361943243152
41.650000000000006                                0.9455393969193232
41.7                                              0.9452346326162934
41.75                                             0.9449221964148714
41.800000000000004                                0.9446024054031058
41.85                                             0.9442755983336857
41.9                                              0.9439421350761613
41.949999999999996                                0.9436023959425262
42                                                0.9432567808853143
42.050000000000004                                0.9429057085687648
42.1                                              0.9425496153139862
42.15                                             0.9421889539202005
42.199999999999996                                0.9418241923646185
42.25                                             0.9414558123844821
42.300000000000004                                0.941084307945399
42.35                                             0.9407101836007897
42.4                                              0.9403339527481395
42.45                                             0.9399561357883243
42.5                                              0.9395772581949384
42.55                                             0.9391978485013435
42.599999999999994                                0.9388184362137175
42.65                                             0.9384395496589736
42.7                                              0.9380617137770639
42.75                                             0.9376854478676273
42.8                                              0.9373112633015651
42.85                                             0.9369396612084859
42.900000000000006                                0.9365711301513474
42.95                                             0.9362061438001233
43                                                0.9358451586164965
43.05                                             0.9354886115619204
43.1                                              0.9351369178414625
43.15                                             0.9347904686962529
43.199999999999996                                0.9344496292568615
43.25                                             0.9341147364704935
43.300000000000004                                0.933786097114279
43.35                                             0.9334639859069604
43.4                                              0.9331486437309877
43.45                                             0.9328402759771531
43.50000000000001                                 0.9325390510233665
43.550000000000004                                0.9322450988591015
43.599999999999994                                0.9319585098662431
43.65                                             0.9316793337662368
43.7                                              0.9314075787425302
43.75                                             0.9311432107464036
43.8                                              0.9308861529917971
43.85                                             0.9306362856246567
43.900000000000006                                0.9303934488371091
43.95                                             0.930157427960718
44                                                0.9299279825055888
44.050000000000004                                0.929704819230344
44.1                                              0.9294876064380385
44.15                                             0.9292759711637487
44.199999999999996                                0.9290695016746533
44.25                                             0.9288677485867193
44.300000000000004                                0.9286702270502939
44.35                                             0.9284764174847201
44.4                                              0.9282857676923222
44.449999999999996                                0.928097696214846
44.5                                              0.9279115941742118
44.550000000000004                                0.9277268281589798
44.6                                              0.927542743349093
44.65                                             0.9273586658593855
44.7                                              0.927173905562322
44.75                                             0.9269877602152589
44.8                                              0.9267995189381453
44.849999999999994                                0.9266084655917048
44.9                                              0.9264138823888308
44.95                                             0.9262150536387356
45                                                0.9260112695578943
45.05                                             0.9258018300825802
45.1                                              0.9255860486486895
45.150000000000006                                0.925363256024145
45.2                                              0.925132804214738
45.25                                             0.9248940703067446
45.3                                              0.924646460191347
45.35                                             0.9243894121942917
45.4                                              0.9241224006097973
45.449999999999996                                0.92384493911546
45.5                                              0.9235565840419712
45.550000000000004                                0.9232569374716861
45.6                                              0.9229456501404455
45.65                                             0.922622424121818
45.7                                              0.9222870152835692
45.75000000000001                                 0.9219392355107547
45.800000000000004                                0.9215789546791119
45.849999999999994                                0.921206102352945
45.9                                              0.9208206691847444
45.95                                             0.9204227080023231
46                                                0.9200123345734785
46.05                                             0.9195897280397464
46.1                                              0.919155131011773
46.150000000000006                                0.9187088493204724
46.2                                              0.9182512514201604
46.25                                             0.9177827674430794
46.300000000000004                                0.9173038879080564
46.35                                             0.9168151620855534
46.4                                              0.9163171960125481
46.449999999999996                                0.9158106501376929
46.5                                              0.9152962365886004
46.550000000000004                                0.9147747160938053
46.6                                              0.9142468946120574
46.65                                             0.9137136196904432
46.7                                              0.9131757765417842
46.75000000000001                                 0.9126342838372639
46.800000000000004                                0.912090089230939
46.85                                             0.9115441646416911
46.9                                              0.9109975013116483
46.95                                             0.9104511046304783
47                                                0.909905988688938
47.05                                             0.9093631706490081
47.099999999999994                                0.9088236652447343
47.15                                             0.9082884794217101
47.2                                              0.9077586067012169
47.25                                             0.9072350212786121
47.3                                              0.9067186721476306
47.35                                             0.9062104773456815
47.400000000000006                                0.9057113183393749
47.45                                             0.9052220347272454
47.5                                              0.9047434194119522
47.55                                             0.9042762126786601
47.6                                              0.9038210954699956
47.65                                             0.9033786861424952
47.699999999999996                                0.9029495368435323
47.75                                             0.9025341286870324
47.800000000000004                                0.9021328672116216
47.85                                             0.9017460786699651
47.9                                              0.9013740153711419
47.95                                             0.9010168396165666
48.00000000000001                                 0.9006746225678036
48.050000000000004                                0.9003473523472585
48.099999999999994                                0.9000349243175719
48.15                                             0.8997371479387677
48.2                                              0.8994537466755687
48.25                                             0.8991843456204067
48.3                                              0.8989284774780713
48.35                                             0.8986855977518217
48.400000000000006                                0.8984550704178503
48.45                                             0.8982361770025699
48.5                                              0.8980281188486721
48.550000000000004                                0.8978300206666144
48.6                                              0.8976409346422407
48.65                                             0.8974598450547613
48.699999999999996                                0.8972856733822151
48.74999999999999                                 0.8971172838698531
48.800000000000004                                0.8969534895348583
48.85                                             0.8967930585772013
48.9                                              0.8966347211633333
48.949999999999996                                0.8964771765466467
49.00000000000001                                 0.8963191004857507
49.050000000000004                                0.8961591529190576
49.1                                              0.8959959858519273
49.15                                             0.8958282514106886
49.2                                              0.8956546100158675
49.25                                             0.8954737386257227
49.3                                              0.8952843389998592
49.349999999999994                                0.8950851459319832
49.400000000000006                                0.8948749354000364
49.45                                             0.8946525325819193
49.5                                              0.8944168196849662
49.55                                             0.8941667435376156
49.60000000000001                                 0.8939013228924018
49.650000000000006                                0.893619655390382
49.7                                              0.893320924138359
49.75                                             0.8930044038516367
49.800000000000004                                0.8926694665170841
49.85                                             0.8923155865333369
49.9                                              0.8919423452872268
49.949999999999996                                0.8915494351285043
50.00000000000001                                 0.8911366627075665
