20                                                0.34761431612237353
20.05                                             0.34726097844613746
20.1                                              0.34690707537125137
20.15                                             0.34655262669356995
20.2                                              0.34619764879748216
20.25                                             0.34584215431306625
20.3                                              0.34548615177870656
20.35                                             0.3451296453113153
20.4                                              0.34477263428388555
20.45                                             0.3444151130081838
20.5                                              0.34405707042729466
20.55                                             0.3436984898310999
20.6                                              0.34333934860956866
20.650000000000002                                0.34297961804878346
20.7                                              0.34261926316653807
20.75                                             0.3422582425883816
20.8                                              0.34189650851744163
20.85                                             0.34153400686840896
20.900000000000002                                0.34117067627053393
20.95                                             0.3408064500584942
21                                                0.34044125461383257
21.05                                             0.34007501198737045
21.099999999999998                                0.3397076270447069
21.150000000000002                                0.33933902301980423
21.2                                              0.33896909693127925
21.249999999999996                                0.3385977487503401
21.299999999999997                                0.33822487397337003
21.349999999999998                                0.33785036456585754
21.4                                              0.33747410974385994
21.45                                             0.3370959966992253
21.5                                              0.33671591137904683
21.549999999999997                                0.33633373933592814
21.599999999999998                                0.33594936661106817
21.65                                             0.33556268064849604
21.7                                              0.3351735712293512
21.75                                             0.3347819314163764
21.799999999999997                                0.3343876585081338
21.849999999999998                                0.33399065498091834
21.9                                              0.33359082939816015
21.95                                             0.333188097274511
22                                                0.33278238187977255
22.05                                             0.33237361496552553
22.099999999999998                                0.3319617373991034
22.15                                             0.33154669969019523
22.2                                              0.33112846239474486
22.25                                             0.3307069963769159
22.3                                              0.33028228290829365
22.35                                             0.3298543135881307
22.4                                              0.3294230900750129
22.45                                             0.32898862362235926
22.5                                              0.3285509344094325
22.55                                             0.32811005066060406
22.6                                              0.3276660075478982
22.65                                             0.32721884587555267
22.7                                              0.3267686105457593
22.75                                             0.3263153488101747
22.8                                              0.3258591083299606
22.85                                             0.3253999350706071
22.900000000000002                                0.3249378710422571
22.95                                             0.32447295190132225
23                                                0.3240052044493404
23.05                                             0.3235346440704063
23.1                                              0.32306127214586067
23.150000000000002                                0.322585073485243
23.2                                              0.3221060138425218
23.25                                             0.3216240376022413
23.3                                              0.3211390656255426
23.349999999999998                                0.32065099330886254
23.400000000000002                                0.3201596889525814
23.45                                             0.31966499247302127
23.5                                              0.3191667148179058
23.549999999999997                                0.31866463841120984
23.6                                              0.31815851587864813
23.65                                             0.31764807111223486
23.700000000000003                                0.3171330013215106
23.75                                             0.3166129755501578
23.799999999999997                                0.3160876576360765
23.849999999999998                                0.3155566683306604
23.9                                              0.3150196308930517
23.95                                             0.3144761553177404
24                                                0.313925852691255
24.049999999999997                                0.31336832929254127
24.099999999999998                                0.31280320574589027
24.15                                             0.31223012074674056
24.2                                              0.3116487365063429
24.25                                             0.3110587479464603
24.3                                              0.31045989047502526
24.349999999999998                                0.3098519477717369
24.4                                              0.30923475929967165
24.45                                             0.3086082273482883
24.5                                              0.3079723234047544
24.55                                             0.3073270936418558
24.6                                              0.3066726633042956
24.65                                             0.30600923977638883
24.7                                              0.30533711412146586
24.75                                             0.3046566608977284
24.8                                              0.30396833607254836
24.85                                             0.3032726728822517
24.9                                              0.3025702755157275
24.95                                             0.3018618105399472
25                                                0.30114799603071174
25.05                                             0.3004295884272256
25.1                                              0.29970736718888086
25.150000000000002                                0.2989821174004163
25.2                                              0.2982546105433011
25.25                                             0.2975255837284447
25.3                                              0.2967957177638912
25.35                                             0.2960656145098058
25.400000000000002                                0.2953357740510472
25.45                                             0.2946065722886225
25.5                                              0.29387823961691245
25.55                                             0.29315084140676156
25.599999999999998                                0.292424261054012
25.650000000000002                                0.2916981863747874
25.7                                              0.2909721001244187
25.75                                             0.2902452753841364
25.799999999999997                                0.2895167764987872
25.85                                             0.2887854661693796
25.9                                              0.2880500192022408
25.950000000000003                                0.28730894328711876
26                                                0.2865606070229857
26.05                                             0.28580327518363613
26.099999999999998                                0.28503515116663736
26.15                                             0.28425442170872356
26.2                                              0.28345931054513035
26.25                                             0.2826481396054707
26.299999999999997                                0.28181939416653445
26.349999999999998                                0.28097177628299963
26.4                                              0.28010428927438524
26.45                                             0.2792162568780978
26.5                                              0.27830741216696625
26.55                                             0.27737793749067996
26.599999999999998                                0.27642850081196385
26.65                                             0.27546028383671023
26.7                                              0.2744749947605384
26.75                                             0.2734748644813495
26.8                                              0.27246262438590535
26.85                                             0.2714414640524209
26.9                                              0.2704149677907541
26.95                                             0.26938702950054105
27                                                0.2683617460429518
27.05                                             0.26734329015796543
27.1                                              0.26633576490725375
27.15                                             0.2653430426730686
27.2                                              0.26436859286237746
27.25                                             0.26341530361837645
27.3                                              0.26248530397551884
27.35                                             0.261579793946622
27.400000000000002                                0.26069889091902215
27.45                                             0.2598415013776433
27.5                                              0.25900522727044184
27.55                                             0.25818631619679017
27.6                                              0.25737966394933504
27.65                                             0.2565788767086896
27.7                                              0.2557763983572405
27.749999999999996                                0.2549637059538424
27.8                                              0.2541315734371804
27.849999999999998                                0.2532704001929006
27.900000000000002                                0.25237059737562295
27.95                                             0.2514230209999429
28                                                0.2504194370027398
28.049999999999997                                0.24935299992877163
28.1                                              0.2482187237766301
28.15                                             0.24701392104928152
28.200000000000003                                0.24573858441020072
28.25                                             0.24439568460789704
28.3                                              0.24299135842967706
28.349999999999998                                0.24153496158402465
28.400000000000002                                0.24003896377647913
28.45                                             0.23851866688897003
28.500000000000004                                0.23699173222113334
28.549999999999997                                0.23547750945435436
28.6                                              0.23399616905542492
28.65                                             0.23256765142641542
28.700000000000003                                0.23121045879263336
28.75                                             0.22994033195643993
28.8                                              0.22876887308037447
28.849999999999998                                0.22770219454125656
28.899999999999995                                0.22673969262960247
28.95                                             0.2258730611436443
29.000000000000004                                0.22508566536498925
29.05                                             0.2243524023470425
29.099999999999998                                0.2236401596713425
29.15                                             0.22290895035207794
29.200000000000003                                0.2221138147104839
29.25                                             0.2212072419839508
29.299999999999997                                0.22014249312794212
29.35                                             0.218877108583037
29.400000000000002                                0.21737677187187024
29.45                                             0.2156190535460063
29.499999999999996                                0.21359683562275775
29.55                                             0.21132099811715283
29.600000000000005                                0.20882210691666625
29.650000000000002                                0.20615082656547268
29.699999999999996                                0.20337679590944577
29.75                                             0.2005857859040895
29.800000000000004                                0.19787499924345464
29.85                                             0.19534644176430493
29.9                                              0.19309839638569543
29.95                                             0.19121519221954195
29.999999999999996                                0.1897557178714626
30.05                                             0.1887415053225963
30.099999999999998                                0.18814570730274394
30.150000000000002                                0.1878848471312132
30.2                                              0.18781568947824218
30.25                                             0.18773972333977354
30.299999999999997                                0.18741727514486617
30.35                                             0.18659196055925545
30.4                                              0.18502406537112284
30.450000000000003                                0.18252894065642178
30.5                                              0.17901440022690693
30.55                                             0.1745103001325655
30.599999999999998                                0.16918444978210317
30.650000000000002                                0.1633414543834302
30.7                                              0.15740392511182386
30.750000000000004                                0.15187727569295953
30.799999999999997                                0.14729894054708642
30.85                                             0.14417013990976582
30.9                                              0.14286467118762916
30.950000000000003                                0.143508549844102
31                                                0.14583450697605463
31.05                                             0.14904726077509062
31.099999999999998                                0.1517915864797335
31.149999999999995                                0.15235986978452615
31.2                                              0.14921583156001
31.250000000000004                                0.1416807801927082
31.3                                              0.13038463060144054
31.349999999999998                                0.11716398324341122
31.4                                              0.10452348019616077
31.450000000000003                                0.09510122063423794
31.5                                              0.09145125012088408
31.549999999999997                                0.09593572680885268
31.6                                              0.10930146397519583
31.650000000000002                                0.12448929785984077
31.7                                              0.12202000869085167
31.749999999999996                                0.09722790263629572
31.8                                              0.07191345714274713
31.850000000000005                                0.05871127271193519
31.900000000000002                                0.07306396436410113
31.949999999999996                                0.0656394714527287
32                                                0.05880558312432348
32.050000000000004                                0.06556774389663947
32.1                                              0.07526236221153487
32.15                                             0.08666221673972249
32.2                                              0.09928122883623472
32.25                                             0.11283019739468922
32.300000000000004                                0.1271065373061346
32.35                                             0.14195585040071648
32.4                                              0.1572542348951286
32.449999999999996                                0.1728988040531229
32.5                                              0.18880210181354798
32.55                                             0.20488858430130702
32.6                                              0.22109227996078532
32.65                                             0.2373551590382522
32.7                                              0.2536259484584099
32.75                                             0.26985923662230626
32.800000000000004                                0.28601477293774324
32.85                                             0.30205690203476837
32.9                                              0.3179540938585461
32.949999999999996                                0.33367854397366026
33                                                0.34920582676705547
33.05                                             0.3645145896530391
33.1                                              0.3795862799702551
33.15                                             0.3944048986596161
33.2                                              0.4089567764401828
33.25                                             0.4232303693058976
33.300000000000004                                0.43721607093983733
33.35                                             0.4509060401879929
33.4                                              0.46429404211262604
33.45                                             0.477375301414471
33.5                                              0.4901463672043514
33.55                                             0.5026049882409929
33.599999999999994                                0.5147499978564936
33.65                                             0.5265812078682
33.7                                              0.5380993108402263
33.75                                             0.5493057901056412
33.8                                              0.5602028369967471
33.85                                             0.5707932747497576
33.900000000000006                                0.5810804886029463
33.95                                             0.5910683616423396
34                                                0.6007612159714363
34.05                                             0.6101637587948682
34.1                                              0.6192810330362771
34.15                                             0.6281183721593352
34.199999999999996                                0.6366813589020986
34.25                                             0.6449757875168491
34.300000000000004                                0.6530076289325752
34.35                                             0.6607829989199988
34.4                                              0.6683081294019174
34.45                                             0.6755893421977927
34.50000000000001                                 0.6826330248990675
34.550000000000004                                0.6894456090172391
34.6                                              0.6960335506045691
34.65                                             0.7024033105125719
34.7                                              0.708561334366301
34.75                                             0.7145140424053728
34.8                                              0.7202678151901339
34.85                                             0.7258289788306532
34.900000000000006                                0.7312037927869395
34.95                                             0.7363984412289853
35                                                0.7414190224270982
35.050000000000004                                0.746271537132411
35.1                                              0.750961881939487
35.15                                             0.7554958514144059
35.199999999999996                                0.7598790930182526
35.24999999999999                                 0.7641172050731457
35.3                                              0.7682155513488925
35.35                                             0.7721794344588205
35.4                                              0.7760139983083362
35.449999999999996                                0.7797242445255168
35.5                                              0.7833150287216374
35.550000000000004                                0.7867910574313577
35.6                                              0.7901568855118493
35.65                                             0.7934169139648328
35.7                                              0.7965753881647963
35.75                                             0.7996363964799961
35.8                                              0.8026038692744568
35.849999999999994                                0.8054815782815816
35.9                                              0.8082731363403083
35.95                                             0.8109819974871387
36                                                0.8136114573974195
36.05                                             0.8161646541695313
36.1                                              0.8186445694458225
36.150000000000006                                0.8210540298640318
36.2                                              0.8233957088327665
36.25                                             0.8256721286246229
36.3                                              0.8278856627796919
36.35                                             0.830038538812211
36.4                                              0.832132841212334
36.449999999999996                                0.8341705147339384
36.5                                              0.8361533679594292
36.550000000000004                                0.8380830771312613
36.6                                              0.8399611902393216
36.65                                             0.8417891313522664
36.7                                              0.8435682051809896
36.75000000000001                                 0.8452996018604435
36.800000000000004                                0.8469844019361061
36.849999999999994                                0.8486235815394606
36.9                                              0.8502180177368363
36.95                                             0.8517684940337679
37                                                0.8532757060176999
37.05                                             0.8547402671221386
37.1                                              0.8561627144967324
37.150000000000006                                0.8575435149678498
37.2                                              0.8588830710702182
37.25                                             0.8601817271261339
37.300000000000004                                0.8614397753461379
37.35                                             0.8626574619281477
37.4                                              0.8638349931360046
37.449999999999996                                0.8649725413510534
37.49999999999999                                 0.8660702505460037
37.55                                             0.8671282448683092
37.6                                              0.8681466293767286
37.65                                             0.8691255018484595
37.699999999999996                                0.8700649517756048
37.75                                             0.870965070421864
37.800000000000004                                0.8718259545578803
37.85                                             0.8726477099613748
37.9                                              0.8734304669155575
37.95                                             0.8741743616789122
38                                                0.8748795637097082
38.05                                             0.8755462689003577
38.099999999999994                                0.8761747051452703
38.15                                             0.8767651359146351
38.2                                              0.8773178632929158
38.25                                             0.8778332307998071
38.3                                              0.8783116259652907
38.35                                             0.8787534824672948
38.400000000000006                                0.8791592819250014
38.45                                             0.8795295553491579
38.5                                              0.8798648842341292
38.55                                             0.8801659012857587
38.6                                              0.8804332907920976
38.65                                             0.8806677886369827
38.699999999999996                                0.8808701819438414
38.75                                             0.8810413083565034
38.800000000000004                                0.8811820549700167
38.85                                             0.8812933569168335
38.9                                              0.8813761956150673
38.95                                             0.8814315966878083
39.00000000000001                                 0.8814606275636924
39.050000000000004                                0.8814643947697689
39.099999999999994                                0.8814440409279254
39.15                                             0.8814007414696872
39.2                                              0.8813357010896051
39.25                                             0.8812501499634948
39.3                                              0.8811453397554053
39.35                                             0.8810225394310245
39.400000000000006                                0.880883030891757
39.45                                             0.8807281044475489
39.5                                              0.8805590541526871
39.550000000000004                                0.880377173031965
39.6                                              0.8801837482256948
39.65                                             0.8799800560849246
39.699999999999996                                0.8797673572524655
39.75                                             0.8795468917640727
39.8                                              0.8793198741790074
39.85                                             0.8790874887165762
39.9                                              0.8788508844111286
39.949999999999996                                0.8786111703858046
40                                                0.8783694113286251
40.050000000000004                                0.878126623166926
40.1                                              0.8778837689237219
40.15                                             0.8776417547781953
40.2                                              0.8774014263712963
40.25                                             0.8771635653648209
40.3                                              0.876928886139663
40.349999999999994                                0.8766980325267382
40.4                                              0.8764715751374966
40.45                                             0.8762500097083025
40.5                                              0.8760337554623421
40.55                                             0.875823153307005
40.6                                              0.8756184644522261
40.650000000000006                                0.8754198695142807
40.7                                              0.8752274682052297
40.75                                             0.875041280843192
40.8                                              0.8748612495231343
40.85                                             0.8746872337360043
40.9                                              0.8745190137056205
40.949999999999996                                0.8743562946244705
41                                                0.8741987077987778
41.050000000000004                                0.874045812174138
41.1                                              0.8738970967861832
41.15                                             0.8737519891075235
41.2                                              0.8736098504070888
41.25000000000001                                 0.8734699826446913
41.300000000000004                                0.8733316411487311
41.349999999999994                                0.8731940244713908
41.4                                              0.8730562835169227
41.45                                             0.8729175394991443
41.5                                              0.8727768729561219
41.55                                             0.872633337894577
41.6                                              0.8724859651558614
41.650000000000006                                0.8723337686213186
41.7                                              0.8721757512623854
41.75                                             0.8720109112709982
41.800000000000004                                0.8718382482508354
41.85                                             0.871656769439028
41.9                                              0.871465495925543
41.949999999999996                                0.871263468836424
42                                                0.871049755447157
42.050000000000004                                0.8708234551920081
42.1                                              0.870583705536029
42.15                                             0.8703296876763832
42.199999999999996                                0.8700606320402958
42.25                                             0.8697758235474877
42.300000000000004                                0.8694746066058642
42.35                                             0.8691563898099677
42.4                                              0.8688206503133237
42.45                                             0.8684669378471799
42.5                                              0.8680948783593962
42.55                                             0.8677041772495104
42.599999999999994                                0.8672946221776571
42.65                                             0.8668660854271212
42.7                                              0.8664185258026929
42.75                                             0.8659519900492305
42.8                                              0.8654666137773386
42.85                                             0.8649626218858415
42.900000000000006                                0.8644403284733835
42.95                                             0.8639001362341723
43                                                0.8633425353361124
43.05                                             0.8627681017820896
43.1                                              0.8621774952586057
43.15                                             0.8615714564783812
43.199999999999996                                0.8609508040269417
43.25                                             0.8603164307257074
43.300000000000004                                0.8596692995274693
43.35                                             0.8590104389629956
43.4                                              0.8583409381613283
43.45                                             0.8576619414695361
43.50000000000001                                 0.8569746426999681
43.550000000000004                                0.8562802790340736
43.599999999999994                                0.8555801246126756
43.65                                             0.8548754838439513
43.7                                              0.8541676844637897
43.75                                             0.8534580703857808
43.8                                              0.8527479943756292
43.85                                             0.8520388105207748
43.900000000000006                                0.8513318766706812
43.95                                             0.8506285005526546
44                                                0.8499300179991844
44.050000000000004                                0.8492377108390289
44.1                                              0.8485528239689499
44.15                                             0.8478765606865397
44.199999999999996                                0.8472100752132281
44.25                                             0.8465544636051124
44.300000000000004                                0.8459107611624536
44.35                                             0.8452799224707185
44.4                                              0.8446628349076061
44.449999999999996                                0.8440602999500424
44.5                                              0.8434730314371416
44.550000000000004                                0.842901650683586
44.6                                              0.8423466821146869
44.65                                             0.8418085494149878
44.7                                              0.8412875722319706
44.75                                             0.8407839634415636
44.8                                              0.8402978269855073
44.849999999999994                                0.8398291563133081
44.9                                              0.8393778334449352
44.95                                             0.8389436286671453
45                                                0.8385262008754689
45.05                                             0.838125098566969
45.1                                              0.8377397614782327
45.150000000000006                                0.8373695228668833
45.2                                              0.8370136124454604
45.25                                             0.8366711599577449
45.3                                              0.8363411993786549
45.35                                             0.836022673721958
45.4                                              0.8357144404382647
45.449999999999996                                0.8354152773813653
45.5                                              0.8351238893158804
45.550000000000004                                0.8348389149347997
45.6                                              0.8345589343517583
45.65                                             0.8342824770287145
45.7                                              0.8340080300978351
45.75000000000001                                 0.8337340470340654
45.800000000000004                                0.8334589566345778
45.849999999999994                                0.8331811722589644
45.9                                              0.8328991012804375
45.95                                             0.8326111546918065
46                                                0.8323157568060374
46.05                                             0.8320113549913183
46.1                                              0.8316964293813224
46.150000000000006                                0.8313695025027349
46.2                                              0.8310291487620125
46.25                                             0.8306740037353951
46.300000000000004                                0.8303027732099956
46.35                                             0.8299142419272073
46.4                                              0.8295072819720722
46.449999999999996                                0.8290808607219633
46.5                                              0.8286340482475705
46.550000000000004                                0.8281660241112128
46.6                                              0.8276760835925673
46.65                                             0.8271636433569374
46.7                                              0.8266282464993834
46.75000000000001                                 0.8260695668778608
46.800000000000004                                0.8254874126861458
46.85                                             0.8248817292526454
46.9                                              0.8242526010600727
46.95                                             0.8236002529354313
47                                                0.8229250501990653
47.05                                             0.8222274975224731
47.099999999999994                                0.8215082370591277
47.15                                             0.8207680467748023
47.2                                              0.8200078380345078
47.25                                             0.8192286514469924
47.3                                              0.8184316515841545
47.35                                             0.8176181210734156
47.400000000000006                                0.8167894540380064
47.45                                             0.8159471488128222
47.5                                              0.8150927998910243
47.55                                             0.8142280889941209
47.6                                              0.8133547756345462
47.65                                             0.8124746873102602
47.699999999999996                                0.8115897087369832
47.75                                             0.8107017704093936
47.800000000000004                                0.8098128360208909
47.85                                             0.8089248880841263
47.9                                              0.8080399372094517
47.95                                             0.8071599851510304
48.00000000000001                                 0.8062869989732826
48.050000000000004                                0.805422931231997
48.099999999999994                                0.8045696769051889
48.15                                             0.8037291480372865
48.2                                              0.8029030955536763
48.25                                             0.8020932389162648
48.3                                              0.8013012054864241
48.35                                             0.8005285180565639
48.400000000000006                                0.7997765859319383
48.45                                             0.799046694788863
48.5                                              0.7983399967977292
48.550000000000004                                0.7976575014977163
48.6                                              0.7970000674764476
48.65                                             0.7963683949313558
48.699999999999996                                0.7957630191822818
48.74999999999999                                 0.7951843051968722
48.800000000000004                                0.7946324431850297
48.85                                             0.7941074453110812
48.9                                              0.7936091435648377
48.949999999999996                                0.7931371888252792
49.00000000000001                                 0.7926910511421409
49.050000000000004                                0.7922700212523046
49.1                                              0.7918732133389408
49.15                                             0.7914995690322942
49.2                                              0.7911478626413163
49.25                                             0.7908167075966245
49.3                                              0.7905045640746906
49.349999999999994                                0.7902097477654365
49.400000000000006                                0.7899304397350102
49.45                                             0.7896646973279375
49.5                                              0.7894104660437448
49.55                                             0.789165592315839
49.60000000000001                                 0.7889278371126608
49.650000000000006                                0.7886948902749937
49.7                                              0.7884643854967541
49.75                                             0.788233915851038
49.800000000000004                                0.7880010497593968
49.85                                             0.7877633472973411
49.9                                              0.7875183767266797
49.949999999999996                                0.7872637311421566
50.00000000000001                                 0.786997045119174
