20                                                0.47226591401154433
20.05                                             0.4719579948574602
20.1                                              0.4716498195545398
20.15                                             0.47134139678693915
20.2                                              0.4710327312629747
20.25                                             0.4707238233893577
20.3                                              0.4704146689523063
20.35                                             0.4701052588086246
20.4                                              0.46979557858562715
20.45                                             0.4694856083893105
20.5                                              0.46917532252311434
20.55                                             0.4688646892284537
20.6                                              0.4685536704601505
20.650000000000002                                0.4682422217036864
20.7                                              0.4679302918399933
20.75                                             0.4676178231370592
20.8                                              0.4673047499102236
20.85                                             0.4669910022382538
20.900000000000002                                0.4666765012199078
20.95                                             0.4663611615239073
21                                                0.46604489259395204
21.05                                             0.4657276004358644
21.099999999999998                                0.46540916605401395
21.150000000000002                                0.4650894979259445
21.2                                              0.4647684748872832
21.249999999999996                                0.46444597742200944
21.299999999999997                                0.4641218819936258
21.349999999999998                                0.4637960615103912
21.4                                              0.4634683859336905
21.45                                             0.4631387230177417
21.5                                              0.46280693915523174
21.549999999999997                                0.4624729002063002
21.599999999999998                                0.46213647236905103
21.65                                             0.46179752308393446
21.7                                              0.4614559219702954
21.75                                             0.4611115417874642
21.799999999999997                                0.46076425938015836
21.849999999999998                                0.46041395660247464
21.9                                              0.4600605212235225
21.95                                             0.4597038477927568
22                                                0.45934383844637705
22.05                                             0.4589804036407389
22.099999999999998                                0.4586134628004727
22.15                                             0.4582429448666799
22.2                                              0.45786878872493764
22.25                                             0.4574909434865458
22.3                                              0.4571093686051108
22.35                                             0.45672403382101723
22.4                                              0.45633491892996264
22.45                                             0.45594201336710605
22.5                                              0.4555453155964922
22.55                                             0.45514483229874236
22.6                                              0.4547405773552654
22.65                                             0.45433257061934423
22.7                                              0.45392083644619957
22.75                                             0.4535054019704111
22.8                                              0.4530862952117357
22.85                                             0.4526635430936788
22.900000000000002                                0.4522371693346056
22.95                                             0.4518071921680384
23                                                0.4513736219356067
23.05                                             0.45093645861448367
23.1                                              0.450495689309408
23.150000000000002                                0.4500512857193264
23.2                                              0.4496032017206967
23.25                                             0.44915137123956533
23.3                                              0.4486957062019811
23.349999999999998                                0.4482360945916901
23.400000000000002                                0.44777239885211495
23.45                                             0.4473044546720134
23.5                                              0.4468320703322888
23.549999999999997                                0.4463550266881162
23.6                                              0.445873076794356
23.65                                             0.4453859469179473
23.700000000000003                                0.44489333922270974
23.75                                             0.4443949239278852
23.799999999999997                                0.443890366561432
23.849999999999998                                0.44337930669021824
23.9                                              0.44286136971842177
23.95                                             0.4423361768547527
24                                                0.44180334288680195
24.049999999999997                                0.4412624857555156
24.099999999999998                                0.440713242653828
24.15                                             0.4401552567990965
24.2                                              0.4395882010193456
24.25                                             0.43901177981224476
24.3                                              0.4384257375665085
24.349999999999998                                0.43782986624729137
24.4                                              0.43722401281897144
24.45                                             0.4366080862409418
24.5                                              0.4359820638419946
24.55                                             0.4353459968677294
24.6                                              0.43470001499023636
24.65                                             0.43404432957030165
24.7                                              0.43337923546734947
24.75                                             0.43270511120146793
24.8                                              0.43202241728741
24.85                                             0.43133169258144616
24.9                                              0.4306335485114622
24.95                                             0.42992866109596883
25                                                0.42921776070151374
25.05                                             0.4285016195388802
25.1                                              0.42778103695505765
25.150000000000002                                0.4270568226438087
25.2                                              0.42632977796630533
25.25                                             0.425600675648674
25.3                                              0.42487023820078973
25.35                                             0.4241391154794197
25.400000000000002                                0.42340786189606083
25.45                                             0.42267691384442024
25.5                                              0.42194656798940694
25.55                                             0.42121696111898604
25.599999999999998                                0.4204880523063891
25.650000000000002                                0.41975960815873486
25.7                                              0.41903119192772437
25.75                                             0.4183021572258714
25.799999999999997                                0.41757164703705985
25.85                                             0.4168385986440657
25.9                                              0.4161017550117373
25.950000000000003                                0.4153596830472776
26                                                0.4146107990094733
26.05                                             0.41385340106794544
26.099999999999998                                0.41308570947257744
26.15                                             0.4123059089407267
26.2                                              0.4115122005026648
26.25                                             0.410702862576892
26.299999999999997                                0.4098763100251596
26.349999999999998                                0.4090311537500147
26.4                                              0.40816626742183054
26.45                                             0.4072808513306068
26.5                                              0.4063744741385473
26.55                                             0.4054471440629997
26.599999999999998                                0.40449934437923907
26.65                                             0.4035320677095964
26.7                                              0.4025468362605586
26.75                                             0.4015457065466282
26.8                                              0.40053125657537236
26.85                                             0.39950655348222885
26.9                                              0.39847510015853693
26.95                                             0.3974407598956774
27                                                0.3964076587045151
27.05                                             0.3953800657765536
27.1                                              0.39436225346298254
27.15                                             0.39335833917473495
27.2                                              0.39237211280704265
27.25                                             0.3914068545337061
27.3                                              0.39046514905154617
27.35                                             0.3895487035636828
27.400000000000002                                0.3886581778619418
27.45                                             0.38779303571221846
27.5                                              0.3869514272536424
27.55                                             0.3861301121938141
27.6                                              0.3853244331193438
27.65                                             0.3845283471818027
27.7                                              0.3837345227479877
27.749999999999996                                0.3829345053209668
27.8                                              0.38211895419404845
27.849999999999998                                0.38127794799480524
27.900000000000002                                0.3804013536590107
27.95                                             0.3794792496216415
28                                                0.3785023903026192
28.049999999999997                                0.37746269546560024
28.1                                              0.3763537448867228
28.15                                             0.3751712561271275
28.200000000000003                                0.3739135211600876
28.25                                             0.3725817761224983
28.3                                              0.37118047756300393
28.349999999999998                                0.3697174583934626
28.400000000000002                                0.3682039374296187
28.45                                             0.36665435809108515
28.500000000000004                                0.36508603482652574
28.549999999999997                                0.3635185906856913
28.6                                              0.36197317697145404
28.65                                             0.3604714761545755
28.700000000000003                                0.35903450246344143
28.75                                             0.35768123257730366
28.8                                              0.35642712022766737
28.849999999999998                                0.3552825718007032
28.899999999999995                                0.35425148449889243
28.95                                             0.3533299709717273
29.000000000000004                                0.3525054045395031
29.05                                             0.35175593027200514
29.099999999999998                                0.3510505771888292
29.15                                             0.3503500574711855
29.200000000000003                                0.3496084068168369
29.25                                             0.3487752238325045
29.299999999999997                                0.3477987785965583
29.35                                             0.34662957999289223
29.400000000000002                                0.34522434520071527
29.45                                             0.34354996260546516
29.499999999999996                                0.34158745642695365
29.55                                             0.3393353079851974
29.600000000000005                                0.3368121067804084
29.650000000000002                                0.3340581195547186
29.699999999999996                                0.3311355391917402
29.75                                             0.3281271166116717
29.800000000000004                                0.3251328860821686
29.85                                             0.3222646992654575
29.9                                              0.3196383363555941
29.95                                             0.3173631087312728
29.999999999999996                                0.31552916142828125
30.05                                             0.3141931691371953
30.099999999999998                                0.3133637964538875
30.150000000000002                                0.31298907574444323
30.2                                              0.3129485375382432
30.25                                             0.3130531889500463
30.299999999999997                                0.31305592952097566
30.35                                             0.31267352452529745
30.4                                              0.31161897567266633
30.450000000000003                                0.30964062745219034
30.5                                              0.3065624921663517
30.55                                             0.30231981254472334
30.599999999999998                                0.29698498349801195
30.650000000000002                                0.29078103087288415
30.7                                              0.2840817203078489
30.750000000000004                                0.2773977367548928
30.799999999999997                                0.2713462632049489
30.85                                             0.2665965045624116
30.9                                              0.2637776612473756
30.950000000000003                                0.26333341379072756
31                                                0.26531892340791824
31.05                                             0.26917788609987153
31.099999999999998                                0.2736108370555043
31.149999999999995                                0.27670416780165225
31.2                                              0.27642432717938925
31.250000000000004                                0.2713403490943457
31.3                                              0.2612005146701145
31.349999999999998                                0.24705737370448097
31.4                                              0.2310039868906541
31.450000000000003                                0.2158889172607791
31.5                                              0.2053719812268926
31.549999999999997                                0.20430107631485306
31.6                                              0.2177743721113563
31.650000000000002                                0.2429379296561271
31.7                                              0.2564846387465157
31.749999999999996                                0.23972602269010787
31.8                                              0.20718725761250012
31.850000000000005                                0.17534451641313045
31.900000000000002                                0.15913823339400263
31.949999999999996                                0.20601801409845893
32                                                0.16366768813656568
32.050000000000004                                0.1532896665845886
32.1                                              0.15075072049786567
32.15                                             0.1525256175486447
32.2                                              0.15736714515321612
32.25                                             0.16461532399247833
32.300000000000004                                0.1738381594970441
32.35                                             0.18471584581746595
32.4                                              0.19699292390455658
32.449999999999996                                0.2104551518389077
32.5                                              0.2249171035022443
32.55                                             0.2402150223854037
32.6                                              0.2562024706194064
32.65                                             0.2727475498053719
32.7                                              0.2897310383345279
32.75                                             0.3070450748572659
32.800000000000004                                0.32459217076906804
32.85                                             0.34228442141838566
32.9                                              0.36004283703521467
32.949999999999996                                0.377796745628711
33                                                0.39548323953538905
33.05                                             0.4130466494913446
33.1                                              0.430438037749281
33.15                                             0.44761470648036716
33.2                                              0.46453972052828946
33.25                                             0.4811814451645637
33.300000000000004                                0.49751310028123
33.35                                             0.5135123327262969
33.4                                              0.5291608084164879
33.45                                             0.5444438256117868
33.5                                              0.5593499503967847
33.55                                             0.5738706750406732
33.599999999999994                                0.5880000995438123
33.65                                             0.6017346363320222
33.7                                              0.6150727377612485
33.75                                             0.6280146458419562
33.8                                              0.6405621634128519
33.85                                             0.6527184458237948
33.900000000000006                                0.6644878120530506
33.95                                             0.675875574091428
34                                                0.6868878834098808
34.05                                             0.6975315933209478
34.1                                              0.7078141360486376
34.15                                             0.7177434133457786
34.199999999999996                                0.7273276994804323
34.25                                             0.7365755553774239
34.300000000000004                                0.745495752988539
34.35                                             0.7540972092622286
34.4                                              0.7623889285519565
34.45                                             0.7703799523739691
34.50000000000001                                 0.7780793159101976
34.550000000000004                                0.785496010724041
34.6                                              0.7926389532231867
34.65                                             0.7995169569193125
34.7                                              0.806138707884726
34.75                                             0.8125127477408262
34.8                                              0.8186474581336406
34.85                                             0.8245510471672284
34.900000000000006                                0.8302315389946501
34.95                                             0.835696764333192
35                                                0.8409543574344264
35.050000000000004                                0.8460117498744996
35.1                                              0.8508761657634274
35.15                                             0.8555546291836221
35.199999999999996                                0.8600539423212639
35.24999999999999                                 0.8643807217749975
35.3                                              0.8685413533097694
35.35                                             0.8725420351327262
35.4                                              0.8763887590462838
35.449999999999996                                0.8800873181334093
35.5                                              0.8836433100027564
35.550000000000004                                0.8870621404208717
35.6                                              0.8903490272140973
35.65                                             0.893509004380582
35.7                                              0.8965469263650288
35.75                                             0.8994674724559041
35.8                                              0.9022751512702266
35.849999999999994                                0.90497430529737
35.9                                              0.9075691154761922
35.95                                             0.9100636057844471
36                                                0.912461647823013
36.05                                             0.9147669653794873
36.1                                              0.9169831389588226
36.150000000000006                                0.9191136102706818
36.2                                              0.9211616866644287
36.25                                             0.9231305455051018
36.3                                              0.9250232384836499
36.35                                             0.9268426958571119
36.4                                              0.9285917306143191
36.449999999999996                                0.9302730425640762
36.5                                              0.9318892223432912
36.550000000000004                                0.9334427553431895
36.6                                              0.9349360255521633
36.65                                             0.9363713193136692
36.7                                              0.9377508289983264
36.75000000000001                                 0.939076656588636
36.800000000000004                                0.940350817174854
36.849999999999994                                0.9415752423608129
36.9                                              0.9427517835802026
36.95                                             0.943882215326372
37                                                0.9449682383025576
37.05                                             0.9460114824996877
37.1                                              0.9470135102019782
37.150000000000006                                0.947975818909932
37.2                                              0.948899844164295
37.25                                             0.9497869622633405
37.300000000000004                                0.950638492879588
37.35                                             0.9514557015921122
37.4                                              0.9522398023497751
37.449999999999996                                0.9529919598516841
37.49999999999999                                 0.9537132934134219
37.55                                             0.954404871278466
37.6                                              0.9550677248105416
37.65                                             0.9557028424560283
37.699999999999996                                0.9563111726176929
37.75                                             0.9568936291164781
37.800000000000004                                0.9574510897057805
37.85                                             0.9579844090451457
37.9                                              0.9584943740193381
37.95                                             0.9589817836807468
38                                                0.9594473860109516
38.05                                             0.9598919040052892
38.099999999999994                                0.9603160341359814
38.15                                             0.9607204472224166
38.2                                              0.9611057894498227
38.25                                             0.9614726833445141
38.3                                              0.9618217286414538
38.35                                             0.9621535030977603
38.400000000000006                                0.9624685632430406
38.45                                             0.9627674450614129
38.5                                              0.9630506646092206
38.55                                             0.9633187185664442
38.6                                              0.9635720847206661
38.65                                             0.9638112224014813
38.699999999999996                                0.964036572874771
38.75                                             0.964248559685302
38.800000000000004                                0.9644475889497811
38.85                                             0.9646340496103759
38.9                                              0.9648083136548249
38.95                                             0.9649707363069786
39.00000000000001                                 0.9651216561913605
39.050000000000004                                0.9652613954744197
39.099999999999994                                0.9653902599851071
39.15                                             0.9655085393187302
39.2                                              0.9656165069314446
39.25                                             0.9657144202346256
39.3                                              0.9658025206970303
39.35                                             0.9658810339578485
39.400000000000006                                0.9659501699507638
39.45                                             0.9660101230399581
39.5                                              0.9660610721715088
39.550000000000004                                0.9661031810447793
39.6                                              0.966136598308685
39.65                                             0.9661614577879917
39.699999999999996                                0.9661778787467364
39.75                                             0.9661859661971985
39.8                                              0.9661858112563662
39.85                                             0.9661774915371927
39.9                                              0.966161071562811
39.949999999999996                                0.9661366032167822
40                                                0.9661041262517315
40.050000000000004                                0.966063668860989
40.1                                              0.9660152483052639
40.15                                             0.9659588715887674
40.2                                              0.96589453618196
40.25                                             0.9658222307806967
40.3                                              0.9657419360828874
40.349999999999994                                0.9656536256096356
40.4                                              0.9655572666611839
40.45                                             0.9654528213455146
40.5                                              0.9653402475424361
40.55                                             0.9652194998608438
40.6                                              0.9650905306570341
40.650000000000006                                0.9649532911760087
40.7                                              0.964807733223854
40.75                                             0.964653811432521
40.8                                              0.9644914816477994
40.85                                             0.964320699931466
40.9                                              0.9641414283931965
40.949999999999996                                0.9639536362128293
41                                                0.9637572993598469
41.050000000000004                                0.9635524008308947
41.1                                              0.9633389368285841
41.15                                             0.963116912295547
41.2                                              0.962886339739611
41.25000000000001                                 0.9626472447832733
41.300000000000004                                0.9623996800855424
41.349999999999994                                0.9621436901597539
41.4                                              0.9618793505294143
41.45                                             0.9616067431114089
41.5                                              0.961325977880104
41.55                                             0.9610371753091599
41.6                                              0.9607404752458919
41.650000000000006                                0.9604360362407053
41.7                                              0.9601240358924611
41.75                                             0.9598046711351431
41.800000000000004                                0.9594781584262682
41.85                                             0.9591447338277288
41.9                                              0.9588046529744328
41.949999999999996                                0.9584581909272365
42                                                0.9581056419074359
42.050000000000004                                0.9577473189106662
42.1                                              0.9573835531986985
42.15                                             0.9570146936682533
42.199999999999996                                0.9566411060968281
42.25                                             0.9562631722660413
42.300000000000004                                0.9558812889640904
42.35                                             0.955495866869182
42.4                                              0.9551073293169874
42.45                                             0.9547161109553496
42.5                                              0.9543226562909289
42.55                                             0.9539274181323812
42.599999999999994                                0.9535308559360743
42.65                                             0.9531334340607089
42.7                                              0.952735619937991
42.75                                             0.9523378821670991
42.8                                              0.95194068854143
42.85                                             0.951544504016694
42.900000000000006                                0.9511497886299196
42.95                                             0.9507569953795048
43                                                0.9503665680770716
43.05                                             0.9499789391820491
43.1                                              0.9495945276306691
43.15                                             0.9492137366709894
43.199999999999996                                0.9488369517162262
43.25                                             0.9484645382283373
43.300000000000004                                0.9480968396445096
43.35                                             0.9477341753585484
43.4                                              0.947376838769606
43.45                                             0.9470250954109966
43.50000000000001                                 0.946679181171363
43.550000000000004                                0.9463393006208813
43.599999999999994                                0.9460056254545184
43.65                                             0.9456782930635699
43.7                                              0.9453574052461982
43.75                                             0.9450430270667349
43.8                                              0.9447351858706445
43.85                                             0.9444338704349197
43.900000000000006                                0.9441390345604908
43.95                                             0.9438505769368092
44                                                0.9435683771113773
44.050000000000004                                0.9432922642331758
44.1                                              0.9430220293852816
44.15                                             0.9427574217814784
44.199999999999996                                0.94249815396849
44.25                                             0.9422439007365974
44.300000000000004                                0.9419942996872598
44.35                                             0.9417489515626563
44.4                                              0.9415074231681736
44.449999999999996                                0.9412692488678316
44.5                                              0.9410339319751704
44.550000000000004                                0.9408009469200447
44.6                                              0.9405697415347465
44.65                                             0.9403397394259682
44.7                                              0.9401103425632867
44.75                                             0.9398809341372923
44.8                                              0.9396508814998076
44.849999999999994                                0.9394195392339287
44.9                                              0.9391862523714637
44.95                                             0.9389503597389612
45                                                0.9387111974164493
45.05                                             0.9384681022739061
45.1                                              0.9382204155330646
45.150000000000006                                0.9379674863675839
45.2                                              0.9377086755882181
45.25                                             0.9374433593606877
45.3                                              0.9371709328905452
45.35                                             0.9368908140623903
45.4                                              0.9366024470273567
45.449999999999996                                0.9363053057213376
45.5                                              0.9359988972914355
45.550000000000004                                0.935682765405946
45.6                                              0.9353564934230217
45.65                                             0.9350197073964767
45.7                                              0.9346720789050328
45.75000000000001                                 0.9343133276932907
45.800000000000004                                0.933943224104844
45.849999999999994                                0.933561591282532
45.9                                              0.933168307114962
45.95                                             0.9327633059139504
46                                                0.9323465798089507
46.05                                             0.931918179845418
46.1                                              0.9314782167749145
46.150000000000006                                0.9310268615267727
46.2                                              0.9305643453530712
46.25                                             0.9300909596412653
46.300000000000004                                0.9296070553917303
46.35                                             0.92911304235836
46.4                                              0.9286093878465584
46.449999999999996                                0.9280966151553327
46.5                                              0.9275753016539018
46.550000000000004                                0.9270460765076343
46.6                                              0.926509618084261
46.65                                             0.9259666510576818
46.7                                              0.9254179432069802
46.75000000000001                                 0.9248643019101976
46.800000000000004                                0.9243065703436759
46.85                                             0.9237456234038687
46.9                                              0.9231823633641704
46.95                                             0.9226177152649693
47                                                0.9220526220387357
47.05                                             0.9214880394678999
47.099999999999994                                0.9209249311508008
47.15                                             0.9203642633858632
47.2                                              0.9198069997467548
47.25                                             0.9192540954662453
47.3                                              0.9187064918225852
47.35                                             0.9181651105600311
47.400000000000006                                0.9176308483607538
47.45                                             0.9171045714938342
47.5                                              0.9165871106666321
47.55                                             0.9160792550185771
47.6                                              0.9155817459626528
47.65                                             0.915095273381835
47.699999999999996                                0.9146204711147795
47.75                                             0.914157911544135
47.800000000000004                                0.9137080995296661
47.85                                             0.9132714674907243
47.9                                              0.9128484022737652
47.95                                             0.9124391943038693
48.00000000000001                                 0.9120440359246156
48.050000000000004                                0.9116630546141901
48.099999999999994                                0.9112962876479206
48.15                                             0.9109437435929584
48.2                                              0.9106052331577945
48.25                                             0.9102805690137066
48.3                                              0.909969442772666
48.35                                             0.9096714710867868
48.400000000000006                                0.9093861791512219
48.45                                             0.9091130087481557
48.5                                              0.90885131961831
48.550000000000004                                0.9086003920082877
48.6                                              0.9083594297867509
48.65                                             0.9081275640884565
48.699999999999996                                0.9079038574675217
48.74999999999999                                 0.9076873085419863
48.800000000000004                                0.9074768571086268
48.85                                             0.9072713897037944
48.9                                              0.9070697455832054
48.949999999999996                                0.906870723089746
49.00000000000001                                 0.906673086375954
49.050000000000004                                0.9064755724447014
49.1                                              0.9062768984688492
49.15                                             0.9060757693484187
49.2                                              0.9058708854615681
49.25                                             0.9056609505635851
49.3                                              0.9054446797866638
49.349999999999994                                0.905220807691726
49.400000000000006                                0.9049880963225095
49.45                                             0.9047453432113639
49.5                                              0.9044913892857135
49.55                                             0.9042251266239174
49.60000000000001                                 0.9039455060094532
49.650000000000006                                0.9036515442327353
49.7                                              0.903342331090508
49.75                                             0.9030170360339742
49.800000000000004                                0.9026749144179665
49.85                                             0.9023153133051538
49.9                                              0.9019376767812424
49.949999999999996                                0.9015415507390513
50.00000000000001                                 0.9011265870923888
