20                                                0.399309152503728
20.05                                             0.3989435175527068
20.1                                              0.39857727912131596
20.15                                             0.3982104534173459
20.2                                              0.39784305292527083
20.25                                             0.39747508605142956
20.3                                              0.397106556777809
20.35                                             0.3967374643262855
20.4                                              0.3963678028308635
20.45                                             0.39599756101068506
20.5                                              0.39562672184575276
20.55                                             0.3952552622734422
20.6                                              0.39488315292809395
20.650000000000002                                0.39451035793292805
20.7                                              0.39413683473723715
20.75                                             0.3937625339950986
20.8                                              0.3933873994044013
20.85                                             0.39301136794327174
20.900000000000002                                0.39263436983990907
20.95                                             0.3922563285422229
21                                                0.3918771610105555
21.05                                             0.39149678071548544
21.099999999999998                                0.3911150747436889
21.150000000000002                                0.3907319649007879
21.2                                              0.39034733354196505
21.249999999999996                                0.38996106958407173
21.299999999999997                                0.3895730573072267
21.349999999999998                                0.38918317739690006
21.4                                              0.3887913076855277
21.45                                             0.3883973239288355
21.5                                              0.38800110069625987
21.549999999999997                                0.38760251226563813
21.599999999999998                                0.3872014335560715
21.65                                             0.38679774109398873
21.7                                              0.3863913140075233
21.75                                             0.3859820350466931
21.799999999999997                                0.3855697915975605
21.849999999999998                                0.3851544766729558
21.9                                              0.38473598987534086
21.95                                             0.3843142383147894
22                                                0.3838891374620345
22.05                                             0.38346061192032943
22.099999999999998                                0.38302859610003565
22.15                                             0.38259303477828926
22.2                                              0.3821538835267562
22.25                                             0.38171110898451793
22.3                                              0.3812646889564211
22.35                                             0.3808146123229689
22.4                                              0.3803608787546869
22.45                                             0.3799034982214527
22.5                                              0.37944249028537913
22.55                                             0.37897788316823766
22.6                                              0.37850971258746086
22.65                                             0.3780380203551439
22.7                                              0.37756285273717655
22.75                                             0.3770842585906091
22.8                                              0.37660228732197465
22.85                                             0.3761169866789546
22.900000000000002                                0.37562840035730083
22.95                                             0.3751365654468802
23                                                0.37464150977036603
23.05                                             0.37414324916007463
23.1                                              0.3736417847179117
23.150000000000002                                0.3731371001319197
23.2                                              0.3726291591054557
23.25                                             0.37211790283579504
23.3                                              0.3716032476587898
23.349999999999998                                0.37108508305327553
23.400000000000002                                0.37056326998085803
23.45                                             0.37003763960262714
23.5                                              0.36950799251355887
23.549999999999997                                0.3689740984303417
23.6                                              0.36843569624828765
23.65                                             0.36789249531527424
23.700000000000003                                0.3673441780548495
23.75                                             0.36679038375882267
23.799999999999997                                0.36623077267135634
23.849999999999998                                0.3656649417069528
23.9                                              0.3650924909195406
23.95                                             0.3645130122524329
24                                                0.36392609099946344
24.049999999999997                                0.3633313148200836
24.099999999999998                                0.36272828676406627
24.15                                             0.36211662426511715
24.2                                              0.36149597264869443
24.25                                             0.36086601168254895
24.3                                              0.36022646408138387
24.349999999999998                                0.35957710377575597
24.4                                              0.35891776388322
24.45                                             0.35824834418243634
24.5                                              0.35756881787215405
24.55                                             0.3568792373895055
24.6                                              0.3561797390631199
24.65                                             0.35547054637833136
24.7                                              0.3547519716348731
24.75                                             0.35402441578735083
24.8                                              0.353288366276938
24.85                                             0.3525443926891604
24.9                                              0.3517931401067162
24.95                                             0.3510353200678467
25                                                0.3502716990892062
25.05                                             0.34950308476988834
25.1                                              0.3487303095562874
25.150000000000002                                0.3479542123189584
25.2                                              0.3471756179688762
25.25                                             0.3463953154214309
25.3                                              0.3456140342998431
25.35                                             0.3448324208540153
25.400000000000002                                0.3440510136530363
25.45                                             0.34327021968681315
25.5                                              0.34249029158152244
25.55                                             0.34171130669207767
25.599999999999998                                0.34093314887647225
25.650000000000002                                0.34015549378024196
25.7                                              0.33937779845626
25.75                                             0.33859929611408207
25.799999999999997                                0.3378189967348139
25.85                                             0.33703569420252766
25.9                                              0.33624798049030413
25.950000000000003                                0.3354542672980976
26                                                0.3346528153779785
26.05                                             0.33384177176541
26.099999999999998                                0.3330192126833539
26.15                                             0.3321831964762307
26.2                                              0.33133181479977364
26.25                                             0.33046325829401685
26.299999999999997                                0.3295758862468726
26.349999999999998                                0.32866828487405475
26.4                                              0.3277393489745195
26.45                                             0.3267883281657129
26.5                                              0.32581488845623574
26.55                                             0.3248191777533159
26.599999999999998                                0.3238018596323711
26.65                                             0.32276414513506263
26.7                                              0.32170780829362006
26.75                                             0.3206351841917124
26.8                                              0.31954914752223657
26.85                                             0.318453069876335
26.9                                              0.3173507544621003
26.95                                             0.31624634757683157
27                                                0.31514422690112504
27.05                                             0.3140488675404402
27.1                                              0.3129646877718171
27.15                                             0.31189587760609455
27.2                                              0.31084621444496274
27.25                                             0.3098188713740602
27.3                                              0.3088162248975113
27.35                                             0.30783967008705276
27.400000000000002                                0.3068894521166352
27.45                                             0.3059645238923764
27.5                                              0.3050624398636205
27.55                                             0.30417929600345156
27.6                                              0.3033097252923892
27.65                                             0.30244695676544375
27.7                                              0.30158294425864285
27.749999999999996                                0.3007085684236064
27.8                                              0.2998139124166672
27.849999999999998                                0.29888860802907696
27.900000000000002                                0.2979222450560926
27.95                                             0.29690483259200906
28                                                0.2958272968982312
28.049999999999997                                0.2946819967219463
28.1                                              0.2934632336332539
28.15                                             0.29216773224480164
28.200000000000003                                0.2907950632571455
28.25                                             0.28934798125756733
28.3                                              0.28783264907374945
28.349999999999998                                0.28625872132838415
28.400000000000002                                0.28463926183808547
28.45                                             0.28299047282163503
28.500000000000004                                0.28133121875030553
28.549999999999997                                0.2796823344517543
28.6                                              0.278065716228848
28.65                                             0.2765032065527061
28.700000000000003                                0.27501529755055604
28.75                                             0.2736196965067941
28.8                                              0.27232981713218163
28.849999999999998                                0.27115328231381086
28.899999999999995                                0.2700905460336395
28.95                                             0.26913375895462055
29.000000000000004                                0.26826601220766466
29.05                                             0.2674611049594386
29.099999999999998                                0.2666839535085131
29.15                                             0.2658917305861326
29.200000000000003                                0.26503584139004555
29.25                                             0.2640645002107104
29.299999999999997                                0.2629262336169065
29.35                                             0.26157366719028874
29.400000000000002                                0.25996769728763386
29.45                                             0.2580815856493324
29.499999999999996                                0.2559047528747474
29.55                                             0.25344583212059363
29.600000000000005                                0.2507347473330112
29.650000000000002                                0.24782345222856791
29.699999999999996                                0.24478508682526273
29.75                                             0.2417113056412261
29.800000000000004                                0.2387075837761742
29.85                                             0.2358863631867382
29.9                                              0.23335800096644646
29.95                                             0.23121965796966887
29.999999999999996                                0.22954256030510808
30.05                                             0.2283585086943796
30.099999999999998                                0.22764709628771782
30.150000000000002                                0.2273257490748839
30.2                                              0.22724524869908594
30.25                                             0.22719355734508775
30.299999999999997                                0.22691021967558087
30.35                                             0.22611215093315074
30.4                                              0.22452931071432516
30.450000000000003                                0.22194611315323678
30.5                                              0.21824229764170644
30.55                                             0.21342625508502996
30.599999999999998                                0.20765487132312205
30.650000000000002                                0.20123639007823774
30.7                                              0.19461543979224777
30.750000000000004                                0.18834077097914617
30.799999999999997                                0.18301534748192783
30.85                                             0.1792251234863154
30.9                                              0.1774386609688056
30.950000000000003                                0.17786914144364843
31                                                0.18030231468969266
31.05                                             0.18393079429822265
31.099999999999998                                0.18729869762573706
31.149999999999995                                0.1885093857056879
31.2                                              0.18578147208555668
31.250000000000004                                0.17819167201599478
31.3                                              0.16619074988997606
31.349999999999998                                0.15156190446367962
31.4                                              0.1369263588391579
31.450000000000003                                0.12523454562998457
31.5                                              0.1195809912489435
31.549999999999997                                0.12316101516090261
31.6                                              0.13778235514646467
31.650000000000002                                0.15670012159603017
31.7                                              0.15789752486558467
31.749999999999996                                0.1327217379188984
31.8                                              0.10292650619591506
31.850000000000005                                0.08366396945917913
31.900000000000002                                0.09251656298856052
31.949999999999996                                0.09657182037363078
32                                                0.08028918016831543
32.050000000000004                                0.08377840040864491
32.1                                              0.09173804170130255
32.15                                             0.10223047597520293
32.2                                              0.11451962717952335
32.25                                             0.1281850289679953
32.300000000000004                                0.14293875017799842
32.35                                             0.15856370355638327
32.4                                              0.17488642664246765
32.449999999999996                                0.19176300566203933
32.5                                              0.2090710124612768
32.55                                             0.22670453406411958
32.6                                              0.24457092413624393
32.65                                             0.2625885697015408
32.7                                              0.28068528337954746
32.75                                             0.2987970950699262
32.800000000000004                                0.31686730696217663
32.85                                             0.33484572738262314
32.9                                              0.35268802971294017
32.949999999999996                                0.37035520150977014
33                                                0.3878130608409093
33.05                                             0.4050318244695008
33.1                                              0.42198571746247937
33.15                                             0.43865261704634545
33.2                                              0.4550137256839704
33.25                                             0.471053269774743
33.300000000000004                                0.48675822133761537
33.35                                             0.5021180406641023
33.4                                              0.5171244383278726
33.45                                             0.5317711552039333
33.5                                              0.5460537593361936
33.55                                             0.559969458608069
33.599999999999994                                0.5735169282591183
33.65                                             0.5866961523387212
33.7                                              0.599508278234609
33.75                                             0.6119554834371157
33.8                                              0.6240408537383718
33.85                                             0.6357682720830146
33.900000000000006                                0.6471423173317138
33.95                                             0.6581681722152477
34                                                0.6688515397913849
34.05                                             0.6791985677506422
34.1                                              0.6892157799520336
34.15                                             0.6989100146221647
34.199999999999996                                0.7082883686708153
34.25                                             0.717358147504902
34.300000000000004                                0.7261268197406056
34.35                                             0.7346019766874572
34.4                                              0.7427912962737253
34.45                                             0.7507025106823282
34.50000000000001                                 0.7583433773685685
34.550000000000004                                0.7657216533451443
34.6                                              0.772845072678179
34.65                                             0.7797213254477235
34.7                                              0.7863580376420631
34.75                                             0.7927627578356623
34.8                                              0.7989429432070754
34.85                                             0.8049059458672926
34.900000000000006                                0.8106590020008834
34.95                                             0.8162092281883918
35                                                0.8215635972911377
35.050000000000004                                0.8267289460739378
35.1                                              0.8317119638774829
35.15                                             0.8365191911925202
35.199999999999996                                0.8411570008305553
35.24999999999999                                 0.8456316302085282
35.3                                              0.8499491150674056
35.35                                             0.8541153514131067
35.4                                              0.8581360589316291
35.449999999999996                                0.8620167871604225
35.5                                              0.8657629142598854
35.550000000000004                                0.8693796463048229
35.6                                              0.8728720169701077
35.65                                             0.8762448875736466
35.7                                              0.879502947450459
35.75                                             0.8826507146366366
35.8                                              0.8856925368426325
35.849999999999994                                0.8886325927002863
35.9                                              0.8914748932676252
35.95                                             0.8942232837805303
36                                                0.8968814456396341
36.05                                             0.899452898623049
36.1                                              0.9019410033161179
36.150000000000006                                0.9043489637496543
36.2                                              0.90667983023915
36.25                                             0.908936502417504
36.3                                              0.9111217324538001
36.35                                             0.9132381284515549
36.4                                              0.9152881580185188
36.449999999999996                                0.9172741520012077
36.5                                              0.9191983083766221
36.550000000000004                                0.9210626962932671
36.6                                              0.9228692602536186
36.65                                             0.924619824429472
36.7                                              0.926316097101377
36.75000000000001                                 0.9279596752130146
36.800000000000004                                0.9295520490299608
36.849999999999994                                0.9310946068926967
36.9                                              0.9325886400531461
36.95                                             0.934035347584339
37                                                0.9354358413539823
37.05                                             0.9367911510529596
37.1                                              0.9381022292683806
37.150000000000006                                0.9393699565860176
37.2                                              0.9405951467022033
37.25                                             0.9417785515270585
37.300000000000004                                0.9429208662649946
37.35                                             0.9440227344641487
37.4                                              0.9450847530244871
37.449999999999996                                0.9461074771333026
37.49999999999999                                 0.9470914272119556
37.55                                             0.9480370842599646
37.6                                              0.9489449110706117
37.65                                             0.949815344670306
37.699999999999996                                0.9506488011582819
37.75                                             0.9514456850476385
37.800000000000004                                0.9522063907367515
37.85                                             0.9529313086051825
37.9                                              0.9536208222784145
37.95                                             0.9542753217409058
38                                                0.9548952003469416
38.05                                             0.9554808599405575
38.099999999999994                                0.9560327138501706
38.15                                             0.9565511897055885
38.2                                              0.9570367317213201
38.25                                             0.957489803091347
38.3                                              0.9579108882041393
38.35                                             0.958300494395246
38.400000000000006                                0.9586591534735982
38.45                                             0.9589874230146308
38.5                                              0.9592858873954074
38.55                                             0.9595551585464844
38.6                                              0.9597958764150677
38.65                                             0.9600087091950793
38.699999999999996                                0.9601943533233039
38.75                                             0.9603535331958709
38.800000000000004                                0.9604870006173378
38.85                                             0.9605955340041528
38.9                                              0.9606799373512646
38.95                                             0.9607410389671583
39.00000000000001                                 0.9607796899829864
39.050000000000004                                0.9607967626405236
39.099999999999994                                0.9607931483653425
39.15                                             0.9607697556367284
39.2                                              0.9607275076726017
39.25                                             0.9606673399547644
39.3                                              0.9605901976194271
39.35                                             0.960497032726235
39.400000000000006                                0.9603888014084366
39.45                                             0.9602664609101239
39.5                                              0.9601309665254826
39.550000000000004                                0.9599832684609728
39.6                                              0.9598243086413443
39.65                                             0.9596550174791846
39.699999999999996                                0.9594763106301575
39.75                                             0.9592890857646362
39.8                                              0.9590942193909486
39.85                                             0.9588925637400478
39.9                                              0.9586849436851087
39.949999999999996                                0.9584721536939664
40                                                0.9582549548718245
40.050000000000004                                0.9580340721472719
40.1                                              0.9578101916167185
40.15                                             0.9575839580504716
40.2                                              0.9573559725736913
40.25                                             0.9571267905297702
40.3                                              0.9568969194870757
40.349999999999994                                0.9566668173426903
40.4                                              0.9564368907327377
40.45                                             0.9562074939477156
40.5                                              0.9559789280100655
40.55                                             0.9557514398009662
40.6                                              0.955525221449661
40.650000000000006                                0.9553004100615549
40.7                                              0.9550770878779755
40.75                                             0.9548552829688907
40.8                                              0.954634969055875
40.85                                             0.9544160653833548
40.9                                              0.9541984393974046
40.949999999999996                                0.9539819079938909
41                                                0.953766237792071
41.050000000000004                                0.9535511444814545
41.1                                              0.9533363178059754
41.15                                             0.9531213937076845
41.2                                              0.9529059525856158
41.25000000000001                                 0.9526895490356486
41.300000000000004                                0.9524717257564745
41.349999999999994                                0.9522519530044654
41.4                                              0.9520297002350407
41.45                                             0.951804413506728
41.5                                              0.9515755135852135
41.55                                             0.9513424069809449
41.6                                              0.9511044884113248
41.650000000000006                                0.9508611450719847
41.7                                              0.9506117608309222
41.75                                             0.9503557204595164
41.800000000000004                                0.9500924138832195
41.85                                             0.9498212404291678
41.9                                              0.9495416130470269
41.949999999999996                                0.9492529624796863
42                                                0.948954741359551
42.050000000000004                                0.9486464282069383
42.1                                              0.948327531306848
42.15                                             0.9479975924412081
42.199999999999996                                0.9476561904538804
42.25                                             0.9473029446266593
42.300000000000004                                0.9469375178450756
42.35                                             0.9465596195336538
42.4                                              0.9461690083413984
42.45                                             0.9457654945594184
42.5                                              0.9453489422538217
42.55                                             0.9449192710983981
42.599999999999994                                0.9444764578932315
42.65                                             0.9440205377568318
42.7                                              0.9435516049812197
42.75                                             0.9430698135410438
42.8                                              0.9425753772498455
42.85                                             0.9420685695583726
42.900000000000006                                0.9415497229919323
42.95                                             0.9410192282259463
43                                                0.9404775328006715
43.05                                             0.9399251394785872
43.1                                              0.9393626042497162
43.15                                             0.938790533992393
43.199999999999996                                0.9382095837992421
43.25                                             0.9376204539796699
43.300000000000004                                0.9370238867529003
43.35                                             0.9364206626472112
43.4                                              0.9358115966235832
43.45                                             0.9351975339443648
43.50000000000001                                 0.934579345808737
43.550000000000004                                0.9339579247782539
43.599999999999994                                0.9333341800157688
43.65                                             0.9327090323628551
43.7                                              0.932083409282041
43.75                                             0.9314582396931887
43.8                                              0.9308344487361383
43.85                                             0.9302129525050713
43.900000000000006                                0.9295946514894893
43.95                                             0.9289804309795894
44                                                0.9283711440248269
44.050000000000004                                0.9277676233792918
44.1                                              0.9271706548822355
44.15                                             0.9265809924211043
44.199999999999996                                0.9259993431457373
44.25                                             0.9254263644761217
44.300000000000004                                0.9248626629994648
44.35                                             0.9243087814901304
44.4                                              0.9237652066472565
44.449999999999996                                0.9232323584326592
44.5                                              0.922710588811495
44.550000000000004                                0.9222001789816267
44.6                                              0.9217013370099113
44.65                                             0.921214195808381
44.7                                              0.9207388115296676
44.75                                             0.9202751624871529
44.8                                              0.9198231484750382
44.849999999999994                                0.9193825905260298
44.9                                              0.9189532311400408
44.95                                             0.91853473498623
45                                                0.9181266900765226
45.05                                             0.9177286093999157
45.1                                              0.917339933012228
45.150000000000006                                0.9169600306014264
45.2                                              0.9165882045237654
45.25                                             0.9162236932738008
45.3                                              0.9158656753720315
45.35                                             0.9155132736633453
45.4                                              0.9151655600095794
45.449999999999996                                0.9148215603539533
45.5                                              0.9144802601311328
45.550000000000004                                0.9141406099945955
45.6                                              0.9138015318271774
45.65                                             0.9134619249985918
45.7                                              0.9131206728360367
45.75000000000001                                 0.9127766492778406
45.800000000000004                                0.9124287256809355
45.849999999999994                                0.9120757777453837
45.9                                              0.9117166925133601
45.95                                             0.9113503753947625
46                                                0.9109757571711542
46.05                                             0.91059180093238
46.1                                              0.9101975089026664
46.150000000000006                                0.9097919291148294
46.2                                              0.9093741618903879
46.25                                             0.9089433660853881
46.300000000000004                                0.908498765063997
46.35                                             0.9080396523666666
46.4                                              0.9075653970389079
46.449999999999996                                0.907075448570005
46.5                                              0.9065693413731418
46.550000000000004                                0.9060466987570397
46.6                                              0.9055072363922412
46.65                                             0.904950765285686
46.7                                              0.9043771942394861
46.75000000000001                                 0.9037865317485106
46.800000000000004                                0.9031788873046576
46.85                                             0.902554472093797
46.9                                              0.9019135990754541
46.95                                             0.9012566824083099
47                                                0.900584236126642
47.05                                             0.8998968720381927
47.099999999999994                                0.899195297191373
47.15                                             0.8984803111505194
47.2                                              0.8977528025193362
47.25                                             0.8970137444621266
47.3                                              0.8962641895951756
47.35                                             0.8955052644291445
47.400000000000006                                0.894738163363499
47.45                                             0.8939641423691365
47.5                                              0.8931845125137454
47.55                                             0.89240063177728
47.6                                              0.8916138953114939
47.65                                             0.890825729066087
47.699999999999996                                0.8900375821620723
47.75                                             0.8892509172311165
47.800000000000004                                0.8884672004299038
47.85                                             0.8876878891242161
47.9                                              0.8869144358900615
47.95                                             0.8861482753346649
48.00000000000001                                 0.8853907900068639
48.050000000000004                                0.8846433275640363
48.099999999999994                                0.8839071788930077
48.15                                             0.883183606526078
48.2                                              0.8824737590188021
48.25                                             0.8817787164300529
48.3                                              0.8810995120507993
48.35                                             0.8804370416851616
48.400000000000006                                0.8797921198978012
48.45                                             0.8791654520387465
48.5                                              0.8785576303776299
48.550000000000004                                0.8779691289282349
48.6                                              0.8774002988460904
48.65                                             0.8768513645463738
48.699999999999996                                0.8763224205965262
48.74999999999999                                 0.8758134294230701
48.800000000000004                                0.8753242198626893
48.85                                             0.8748544865828608
48.9                                              0.8744037903898195
48.949999999999996                                0.8739715594364224
49.00000000000001                                 0.8735570913357326
49.050000000000004                                0.8731595561800528
49.1                                              0.8727780004581047
49.15                                             0.8724113518573836
49.2                                              0.8720584249313104
49.25                                             0.8717179276044141
49.3                                              0.8713884684829941
49.349999999999994                                0.8710685649316715
49.400000000000006                                0.8707566518705352
49.45                                             0.8704510912423116
49.5                                              0.870150182092931
49.55                                             0.8698521712046013
49.60000000000001                                 0.8695552642149493
49.650000000000006                                0.8692576371530961
49.7                                              0.8689574483182383
49.75                                             0.8686528504248004
49.800000000000004                                0.8683420029337698
49.85                                             0.868023084489717
49.9                                              0.8676943053795384
49.949999999999996                                0.8673539199290989
50.00000000000001                                 0.8670002387531686
