20                                                0.4573175969825462
20.05                                             0.45698120150408306
20.1                                              0.45664438786232114
20.15                                             0.4563071667083866
20.2                                              0.4559695447213922
20.25                                             0.4556315242622196
20.3                                              0.45529310303509085
20.35                                             0.45495427376178815
20.4                                              0.45461502387072505
20.45                                             0.4542753351982848
20.5                                              0.45393518369970565
20.55                                             0.4535945391754057
20.6                                              0.4532533650266893
20.650000000000002                                0.45291161805531366
20.7                                              0.45256924831300005
20.75                                             0.4522261990068313
20.8                                              0.45188240613603187
20.85                                             0.4515377989332981
20.900000000000002                                0.4511922991775921
20.95                                             0.45084582261603945
21                                                0.4504982787682919
21.05                                             0.45014957480525647
21.099999999999998                                0.4497995873498045
21.150000000000002                                0.44944822967651515
21.2                                              0.44909537849392445
21.249999999999996                                0.4487409138697077
21.299999999999997                                0.4483847118493857
21.349999999999998                                0.4480266448939395
21.4                                              0.44766658256310243
21.45                                             0.447304392257854
21.5                                              0.44693994009737714
21.549999999999997                                0.44657309179924004
21.599999999999998                                0.44620371359452826
21.65                                             0.4458316731760851
21.7                                              0.4454568406739148
21.75                                             0.4450790896564058
21.799999999999997                                0.44469829812799133
21.849999999999998                                0.4443143495022235
21.9                                              0.44392713354757335
21.95                                             0.44353654729084296
22                                                0.4431424958589907
22.05                                             0.4427448932428788
22.099999999999998                                0.44234366296691896
22.15                                             0.4419387386475642
22.2                                              0.4415300644231126
22.25                                             0.4411175952341794
22.3                                              0.4407012969361794
22.35                                             0.4402811462312108
22.4                                              0.43985713041126856
22.45                                             0.43942924690228297
22.5                                              0.43899750259841414
22.55                                             0.43856191297814856
22.6                                              0.4381225009962196
22.65                                             0.4376792957444926
22.7                                              0.43723233087898417
22.75                                             0.43678164283277177
22.8                                              0.43632726885738693
22.85                                             0.43586924490229567
22.900000000000002                                0.4354076033140042
22.95                                             0.4349423703783509
23                                                0.4344735637561273
23.05                                             0.43400118985582326
23.1                                              0.43352524118769453
23.150000000000002                                0.43304569377580815
23.2                                              0.4325625046817639
23.25                                             0.4320756095700658
23.3                                              0.43158492042386376
23.349999999999998                                0.4310903236062208
23.400000000000002                                0.430591678250082
23.45                                             0.4300888150099664
23.5                                              0.4295815353216732
23.549999999999997                                0.429069611118034
23.6                                              0.4285527848080664
23.65                                             0.42803077036510373
23.700000000000003                                0.42750325531650263
23.75                                             0.4269699036912172
23.799999999999997                                0.42643034747286895
23.849999999999998                                0.4258842185020039
23.9                                              0.4253311221606486
23.95                                             0.42477065980617773
24                                                0.42420242825847687
24.049999999999997                                0.4236260262308619
24.099999999999998                                0.4230410686585025
24.15                                             0.42244718353658395
24.2                                              0.4218440265004995
24.25                                             0.42123128695595335
24.3                                              0.42060869636270576
24.349999999999998                                0.4199760362815953
24.4                                              0.4193331461561538
24.45                                             0.418679930635734
24.5                                              0.41801636623064803
24.55                                             0.4173425070799831
24.6                                              0.4166584896091458
24.65                                             0.41596453585677784
24.7                                              0.41526095525493756
24.75                                             0.4145481446590561
24.8                                              0.4138265864387632
24.85                                             0.41309684446552586
24.9                                              0.41235955786330697
24.95                                             0.41161543242766924
25                                                0.4108652296652457
25.05                                             0.4101097534589177
25.1                                              0.4093498344268501
25.150000000000002                                0.408586312109825
25.2                                              0.40782001519767247
25.25                                             0.4070517400826545
25.3                                              0.4062822281103222
25.35                                             0.40551214198097096
25.400000000000002                                0.40474204183631424
25.45                                             0.40397236164240247
25.5                                              0.4032033865506435
25.55                                             0.40243523197757136
25.599999999999998                                0.40166782518869965
25.650000000000002                                0.40090089019854697
25.7                                              0.4001339367979363
25.75                                             0.3993662544910726
25.799999999999997                                0.39859691207065184
25.85                                             0.3978247634830172
25.9                                              0.39704846053257686
25.950000000000003                                0.396266472841651
26                                                0.3954771153312678
26.05                                             0.3946785835521128
26.099999999999998                                0.3938689940016171
26.15                                             0.39304643682740775
26.2                                              0.39220902379519357
26.25                                             0.391354951421406
26.299999999999997                                0.3904825693105934
26.349999999999998                                0.3895904380873893
26.4                                              0.38867740824104646
26.45                                             0.387742671248862
26.5                                              0.3867858154218262
26.55                                             0.3858068958618272
26.599999999999998                                0.38480646957986253
26.65                                             0.3837856300661036
26.7                                              0.38274602650200146
26.75                                             0.38168986632904206
26.8                                              0.38061989906394095
26.85                                             0.37953937947217575
26.9                                              0.3784520086132202
26.95                                             0.3773618518506096
27                                                0.3762732336141664
27.05                                             0.3751906095230314
27.1                                              0.37411841747683394
27.15                                             0.37306091046390283
27.2                                              0.37202197501038586
27.25                                             0.37100494047414323
27.3                                              0.37001238569677664
27.35                                             0.36904595075461744
27.400000000000002                                0.36810616262847407
27.45                                             0.3671922844424685
27.5                                              0.3663021983994748
27.55                                             0.365432332554831
27.6                                              0.36457764102447054
27.65                                             0.36373164606222447
27.7                                              0.36288654863195685
27.749999999999996                                0.36203341164554653
27.8                                              0.36116241699809043
27.849999999999998                                0.3602631940144505
27.900000000000002                                0.35932521308413695
27.95                                             0.35833823428387224
28                                                0.3572927968675945
28.049999999999997                                0.35618073182599935
28.1                                              0.3549956764406198
28.15                                             0.35373356700577846
28.200000000000003                                0.3523930838089119
28.25                                             0.350976021104142
28.3                                              0.3494875541578537
28.349999999999998                                0.3479363755718336
28.400000000000002                                0.346334674181664
28.45                                             0.344697932078368
28.500000000000004                                0.34304451901186717
28.549999999999997                                0.34139506907954487
28.6                                              0.3397716327808895
28.65                                             0.3381966086155059
28.700000000000003                                0.3366914729058187
28.75                                             0.3352753450133527
28.8                                              0.33396344682026124
28.849999999999998                                0.3327655392353148
28.899999999999995                                0.33168444296558
28.95                                             0.3307147702503758
29.000000000000004                                0.3298420078600906
29.05                                             0.3290421041754435
29.099999999999998                                0.3282816879127609
29.15                                             0.32751902045735964
29.200000000000003                                0.326705762182737
29.25                                             0.3257894685685151
29.299999999999997                                0.32471688204534166
29.35                                             0.3234376951473146
29.400000000000002                                0.32190870197070187
29.45                                             0.3200979673778942
29.499999999999996                                0.3179888061548506
29.55                                             0.31558314657043324
29.600000000000005                                0.31290407026614847
29.650000000000002                                0.3099971558279945
29.699999999999996                                0.3069303740792702
29.75                                             0.30379224156995205
29.800000000000004                                0.3006879615870177
29.85                                             0.2977333038702703
29.9                                              0.2950460461614507
29.95                                             0.29273496520697745
29.999999999999996                                0.29088667334515383
30.05                                             0.28955108886247966
30.099999999999998                                0.28872700010503854
30.150000000000002                                0.2883499470491336
30.2                                              0.2882852945516659
30.25                                             0.2883295928477449
30.299999999999997                                0.2882227692801127
30.35                                             0.28767216928406686
30.4                                              0.28638710597123235
30.450000000000003                                0.28411997077945544
30.5                                              0.28070798952164056
30.55                                             0.2761091709037882
30.599999999999998                                0.27042711844034595
30.650000000000002                                0.2639215916253543
30.7                                              0.25700380557818653
30.750000000000004                                0.2502160912288689
30.799999999999997                                0.2441937147972426
30.85                                             0.23960225869933557
30.9                                              0.23703854269564714
30.950000000000003                                0.2368815081445515
31                                                0.23909225463651115
31.05                                             0.24300388607287773
31.099999999999998                                0.2472137977523024
31.149999999999995                                0.24974628518432737
31.2                                              0.2485841580302949
31.250000000000004                                0.242419229095681
31.3                                              0.23122637169614024
31.349999999999998                                0.21634195845529214
31.4                                              0.20012314314073656
31.450000000000003                                0.18558238117990833
31.5                                              0.17635510572610694
31.549999999999997                                0.17691734026787534
31.6                                              0.1913723826457716
31.650000000000002                                0.21530952105786927
31.7                                              0.22500062125808926
31.749999999999996                                0.20448526586590096
31.8                                              0.1712833934656638
31.850000000000005                                0.1423130072607257
31.900000000000002                                0.13472095934486486
31.949999999999996                                0.16763501821451346
32                                                0.1324783075734274
32.050000000000004                                0.12666810028063968
32.1                                              0.1279063781561135
32.15                                             0.1330507574980712
32.2                                              0.14096686233541317
32.25                                             0.1510402821699241
32.300000000000004                                0.16286281457461793
32.35                                             0.17613032449145533
32.4                                              0.19059984679953454
32.449999999999996                                0.20606845736280818
32.5                                              0.22236171010602193
32.55                                             0.23932681557649582
32.6                                              0.25682837116425095
32.65                                             0.27474554522674843
32.7                                              0.2929701236385141
32.75                                             0.31140508283454527
32.800000000000004                                0.32996349138078185
32.85                                             0.34856762040526124
32.9                                              0.3671481893947722
32.949999999999996                                0.3856437019390919
33                                                0.4039998434446108
33.05                                             0.4221689237909647
33.1                                              0.4401093548103472
33.15                                             0.45778515679665494
33.2                                              0.4751654909269615
33.25                                             0.49222421606995964
33.300000000000004                                0.5089394693515984
33.35                                             0.5252932702832698
33.4                                              0.5412711484004317
33.45                                             0.5568617943462173
33.5                                              0.5720567342300358
33.55                                             0.586850026941492
33.599999999999994                                0.601237983938049
33.65                                             0.6152189108618625
33.7                                              0.6287928702009752
33.75                                             0.6419614640863701
33.8                                              0.6547276362320558
33.85                                             0.6670954919596822
33.900000000000006                                0.6790701352171518
33.95                                             0.6906575214665946
34                                                0.7018643253210789
34.05                                             0.7126978218294648
34.1                                              0.7231657803428447
34.15                                             0.7332763699390571
34.199999999999996                                0.7430380753877521
34.25                                             0.7524596226190421
34.300000000000004                                0.7615499128770872
34.35                                             0.7703179650165167
34.4                                              0.7787728649910901
34.45                                             0.7869237216080627
34.50000000000001                                 0.7947796280333789
34.550000000000004                                0.802349628613067
34.6                                              0.8096426906331807
34.65                                             0.8166676791944758
34.7                                              0.8234333347591409
34.75                                             0.8299482577040617
34.8                                              0.8362208937221997
34.85                                             0.8422595205380979
34.900000000000006                                0.8480722375483135
34.95                                             0.8536669653546665
35                                                0.8590514240698132
35.050000000000004                                0.8642331391516853
35.1                                              0.8692194375508527
35.15                                             0.8740174458619878
35.199999999999996                                0.8786340731161894
35.24999999999999                                 0.8830760738535256
35.3                                              0.8873499224682623
35.35                                             0.8914619452002661
35.4                                              0.8954182523534872
35.449999999999996                                0.8992247554890493
35.5                                              0.9028871696224156
35.550000000000004                                0.9064110159339325
35.6                                              0.9098016247844718
35.65                                             0.9130641389739906
35.7                                              0.9162035172007393
35.75                                             0.919224537685865
35.8                                              0.9221318019331789
35.849999999999994                                0.9249297385980801
35.9                                              0.9276226074432375
35.95                                             0.9302145033622973
36                                                0.9327093604564937
36.05                                             0.9351109561504998
36.1                                              0.9374229153366308
36.150000000000006                                0.9396487145378122
36.2                                              0.9417916860807518
36.25                                             0.9438550222727838
36.3                                              0.9458417795755679
36.35                                             0.947754882770988
36.4                                              0.9495971291139892
36.449999999999996                                0.951371192468613
36.5                                              0.953079627423501
36.550000000000004                                0.9547248733834247
36.6                                              0.9563092586341427
36.65                                             0.9578350043770837
36.7                                              0.9593042287312036
36.75000000000001                                 0.9607189506985061
36.800000000000004                                0.9620810940897663
36.849999999999994                                0.9633924914070533
36.9                                              0.9646548876806887
36.95                                             0.965869944260249
37                                                0.9670392425621479
37.05                                             0.9681642877764551
37.1                                              0.9692465125305203
37.150000000000006                                0.9702872804978253
37.2                                              0.9712878899352344
37.25                                             0.9722495771381391
37.300000000000004                                0.9731735198146604
37.35                                             0.9740608403887445
37.4                                              0.9749126092422671
37.449999999999996                                0.975729847901714
37.49999999999999                                 0.9765135312003107
37.55                                             0.9772645938822623
37.6                                              0.9779839249174722
37.65                                             0.9786723805724159
37.699999999999996                                0.9793307800417932
37.75                                             0.9799599130837274
37.800000000000004                                0.9805605389545043
37.85                                             0.9811333974334279
37.9                                              0.9816791777087768
37.95                                             0.9821985772645057
38                                                0.9826922568047597
38.05                                             0.9831608604929829
38.099999999999994                                0.9836050156288537
38.15                                             0.9840253341719484
38.2                                              0.9844224140616059
38.25                                             0.984796840625017
38.3                                              0.9851491879790633
38.35                                             0.9854800201543191
38.400000000000006                                0.9857898921052415
38.45                                             0.9860793506219634
38.5                                              0.9863489351265493
38.55                                             0.9865991783282778
38.6                                              0.9868306067351857
38.65                                             0.9870437410902116
38.699999999999996                                0.9872390967337086
38.75                                             0.9874171838320599
38.800000000000004                                0.9875785074829606
38.85                                             0.9877235677247419
38.9                                              0.9878528594576563
38.95                                             0.9879668722793349
39.00000000000001                                 0.9880660902366663
39.050000000000004                                0.9881509914959101
39.099999999999994                                0.9882220479338055
39.15                                             0.9882797246568314
39.2                                              0.9883244794618586
39.25                                             0.9883567622541073
39.3                                              0.9883770144341827
39.35                                             0.9883856682572173
39.400000000000006                                0.9883831461626702
39.45                                             0.9883698600763801
39.5                                              0.98834621069195
39.550000000000004                                0.9883125867411093
39.6                                              0.9882693642624395
39.65                                             0.9882169058776727
39.699999999999996                                0.9881555600878335
39.75                                             0.9880856606071841
39.8                                              0.9880075257488955
39.85                                             0.9879214578514662
39.9                                              0.987827742719574
39.949999999999996                                0.9877266490869104
40                                                0.9876184281423787
40.050000000000004                                0.9875033131436177
40.1                                              0.9873815191155637
40.15                                             0.9872532426301757
40.2                                              0.9871186616709217
40.25                                             0.9869779355744589
40.3                                              0.9868312049941932
40.349999999999994                                0.9866785918534574
40.4                                              0.9865201995086346
40.45                                             0.9863561132416117
40.5                                              0.9861864007367601
40.55                                             0.9860111124757813
40.6                                              0.9858302822402121
40.650000000000006                                0.9856439277829651
40.7                                              0.9854520517192483
40.75                                             0.9852546425108969
40.8                                              0.9850516746275948
40.85                                             0.9848431094578881
40.9                                              0.9846288974462889
40.949999999999996                                0.9844089787995358
41                                                0.9841832836035566
41.050000000000004                                0.9839517320180888
41.1                                              0.9837142551830486
41.15                                             0.9834707640562882
41.2                                              0.9832211580339846
41.25000000000001                                 0.9829653431718948
41.300000000000004                                0.9827032448576416
41.349999999999994                                0.982434748942635
41.4                                              0.982159780035327
41.45                                             0.9818782403507986
41.5                                              0.9815900622396292
41.55                                             0.9812951715236149
41.6                                              0.9809935053669285
41.650000000000006                                0.9806850114335385
41.7                                              0.9803696492102644
41.75                                             0.9800473913578214
41.800000000000004                                0.9797182250100138
41.85                                             0.9793821530016751
41.9                                              0.9790391950138727
41.949999999999996                                0.9786893886268374
42                                                0.9783327902718522
42.050000000000004                                0.9779694760741241
42.1                                              0.9775995425787865
42.15                                             0.9772231073533209
42.199999999999996                                0.9768403094597649
42.25                                             0.9764513097911622
42.300000000000004                                0.976056291267101
42.35                                             0.9756554588841306
42.4                                              0.9752490396175598
42.45                                             0.9748372821720074
42.5                                              0.9744204565788827
42.55                                             0.9739988536399851
42.599999999999994                                0.9735727842172105
42.65                                             0.9731425783694048
42.7                                              0.9727085843382737
42.75                                             0.9722711673862124
42.8                                              0.971830708489988
42.85                                             0.9713876028950648
42.900000000000006                                0.9709422585362896
42.95                                             0.9704950943317844
43                                                0.9700465383575346
43.05                                             0.9695970259114136
43.1                                              0.969146997475832
43.15                                             0.9686968965894792
43.199999999999996                                0.968247167638905
43.25                                             0.9677982535816977
43.300000000000004                                0.9673505936134664
43.35                                             0.9669046207914801
43.4                                              0.966460759628354
43.45                                             0.9660194236701841
43.50000000000001                                 0.9655810130736494
43.550000000000004                                0.9651459121972704
43.599999999999994                                0.9647144872216675
43.65                                             0.9642870838136818
43.7                                              0.9638640248491496
43.75                                             0.9634456082099777
43.8                                              0.9630321046743484
43.85                                             0.9626237559533801
43.900000000000006                                0.9622207681250939
43.95                                             0.9618233314457834
44                                                0.9614315768130007
44.050000000000004                                0.9610456199900059
44.1                                              0.9606655258035363
44.15                                             0.9602913285360936
44.199999999999996                                0.9599230212790967
44.25                                             0.9595605571307537
44.300000000000004                                0.9592038495280205
44.35                                             0.9588527701099349
44.4                                              0.9585071504636063
44.449999999999996                                0.9581667816949263
44.5                                              0.9578314147631871
44.550000000000004                                0.9575007612186694
44.6                                              0.9571744941245146
44.65                                             0.9568522491389676
44.7                                              0.956533625882182
44.75                                             0.9562181896192122
44.8                                              0.955905473108622
44.849999999999994                                0.9555949786686402
44.9                                              0.9552861804753843
44.95                                             0.9549785270774716
45                                                0.9546714441137846
45.05                                             0.9543643372166403
45.1                                              0.9540565950806663
45.150000000000006                                0.9537475926956879
45.2                                              0.95343669474086
45.25                                             0.9531232591101221
45.3                                              0.9528066405426047
45.35                                             0.9524861943430948
45.4                                              0.9521612801760898
45.449999999999996                                0.9518312659128567
45.5                                              0.9514955315088788
45.550000000000004                                0.9511534728876898
45.6                                              0.9508045058047335
45.65                                             0.9504480696646377
45.7                                              0.9500836312690455
45.75000000000001                                 0.949710688477582
45.800000000000004                                0.9493287737657897
45.849999999999994                                0.948937457658536
45.9                                              0.9485363520121503
45.95                                             0.9481251131165156
46                                                0.9477034445901795
46.05                                             0.947271100046085
46.1                                              0.946827885508117
46.150000000000006                                0.9463736615611927
46.2                                              0.9459083452181006
46.25                                             0.945431911488719
46.300000000000004                                0.9449443946405004
46.35                                             0.9444458891434095
46.4                                              0.9439365502898194
46.449999999999996                                0.9434165944643523
46.5                                              0.9428862990266075
46.550000000000004                                0.9423460017929219
46.6                                              0.9417961001456803
46.65                                             0.9412370498013551
46.7                                              0.9406693632358288
46.75000000000001                                 0.9400936077508832
46.800000000000004                                0.9395104031767711
46.85                                             0.938920419220403
46.9                                              0.9383243724699939
46.95                                             0.9377230230405792
47                                                0.937117170789413
47.05                                             0.9365076510972414
47.099999999999994                                0.935895330535866
47.15                                             0.9352811026316856
47.2                                              0.9346658832900672
47.25                                             0.9340506056794504
47.3                                              0.9334362148600326
47.35                                             0.932823662322936
47.400000000000006                                0.9322139004722569
47.45                                             0.9316078771917985
47.5                                              0.9310065305891951
47.55                                             0.9304107824987621
47.6                                              0.9298215311909397
47.65                                             0.929239647186964
47.699999999999996                                0.9286659682808304
47.75                                             0.9281012932195234
47.800000000000004                                0.9275463752096893
47.85                                             0.9270019141538457
47.9                                              0.9264685658045755
47.95                                             0.9259469277804061
48.00000000000001                                 0.925437516248026
48.050000000000004                                0.924940785912191
48.099999999999994                                0.9244571129422845
48.15                                             0.9239868375856485
48.2                                              0.9235301560265337
48.25                                             0.92308721303714
48.3                                              0.9226580908566117
48.35                                             0.9222427537917876
48.400000000000006                                0.9218410923625933
48.45                                             0.9214529074697189
48.5                                              0.9210779116829655
48.550000000000004                                0.9207157297219017
48.6                                              0.9203658994098877
48.65                                             0.920027873178786
48.699999999999996                                0.9197010201367806
48.74999999999999                                 0.9193846286995284
48.800000000000004                                0.9190779097787221
48.85                                             0.9187800005179372
48.9                                              0.9184899685613025
48.949999999999996                                0.9182068168368422
49.00000000000001                                 0.9179294888322621
49.050000000000004                                0.9176568743373961
49.1                                              0.9173878156238766
49.15                                             0.9171211140293598
49.2                                              0.9168555369099327
49.25                                             0.916589824921795
49.3                                              0.916322699590083
49.349999999999994                                0.9160528711204375
49.400000000000006                                0.9157790464062816
49.45                                             0.9154999371832852
49.5                                              0.9152142682802007
49.55                                             0.9149207859142525
49.60000000000001                                 0.9146182659779629
49.650000000000006                                0.9143055222637047
49.7                                              0.9139814145716479
49.75                                             0.9136448566466161
49.800000000000004                                0.9132948238898729
49.85                                             0.9129303607919975
49.9                                              0.9125505880342262
49.949999999999996                                0.9121547092065856
50.00000000000001                                 0.9117420170927185
