20                                                0.43418847430992913
20.05                                             0.43383114203064965
20.1                                              0.4334732683432652
20.15                                             0.43311486647914366
20.2                                              0.4327559457753289
20.25                                             0.43239651131926415
20.3                                              0.4320365636004516
20.35                                             0.431676098172424
20.4                                              0.4313151053259983
20.45                                             0.43095356977108196
20.5                                              0.4305914703286633
20.55                                             0.4302287796435037
20.6                                              0.42986546393250935
20.650000000000002                                0.4295014827775743
20.7                                              0.4291367889614942
20.75                                             0.4287713282935842
20.8                                              0.42840504025304255
20.85                                             0.4280378556832768
20.900000000000002                                0.42766969859642257
20.95                                             0.42730048925790004
21                                                0.4269301382186862
21.05                                             0.42655855432946416
21.099999999999998                                0.42618561930002996
21.150000000000002                                0.42581124629211975
21.2                                              0.4254353146597954
21.249999999999996                                0.4250577069719814
21.299999999999997                                0.42467830156637654
21.349999999999998                                0.42429697311587233
21.4                                              0.4239135934335875
21.45                                             0.42352803226626784
21.5                                              0.42314015812437994
21.549999999999997                                0.4227498391916046
21.599999999999998                                0.4223569442715519
21.65                                             0.42196134376733097
21.7                                              0.421562910690932
21.75                                             0.42116152168367016
21.799999999999997                                0.42075705802806557
21.849999999999998                                0.42034940664863113
21.9                                              0.41993846108575295
21.95                                             0.41952412242077625
22                                                0.4191063001365613
22.05                                             0.4186849128960509
22.099999999999998                                0.41825988922247437
22.15                                             0.41783116806461235
22.2                                              0.4173986992300539
22.25                                             0.4169624436645512
22.3                                              0.4165223735569031
22.35                                             0.4160784722575716
22.4                                              0.4156307340011385
22.45                                             0.4151791634222394
22.5                                              0.41472377485358775
22.55                                             0.4142645913977908
22.6                                              0.4138016437672985
22.65                                             0.41333496888822746
22.7                                              0.4128646082678725
22.75                                             0.4123906061427952
22.8                                              0.4119130074409951
22.85                                             0.4114318555669834
22.900000000000002                                0.4109471900061994
22.95                                             0.4104590437761094
23                                                0.4099674407714811
23.05                                             0.4094723930465743
23.1                                              0.4089738980817203
23.150000000000002                                0.40847193610035604
23.2                                              0.40796646747354937
23.25                                             0.40745743019279634
23.3                                              0.40694473754756905
23.349999999999998                                0.406428276133123
23.400000000000002                                0.4059079041792228
23.45                                             0.40538345025756684
23.5                                              0.40485471247450894
23.549999999999997                                0.4043214581803018
23.6                                              0.4037834241487736
23.65                                             0.40324031765263646
23.700000000000003                                0.40269181903973145
23.75                                             0.40213757405435496
23.799999999999997                                0.40157722211464314
23.849999999999998                                0.4010103735453595
23.9                                              0.40043662399239077
23.95                                             0.39985556294131586
24                                                0.39926677513720904
24.049999999999997                                0.39866985002505656
24.099999999999998                                0.39806438638935127
24.15                                             0.3974500030288438
24.2                                              0.39682634462189664
24.25                                             0.39619309083185683
24.3                                              0.3955499645641643
24.349999999999998                                0.3948967402361777
24.4                                              0.3942332517741612
24.45                                             0.3935594001251757
24.5                                              0.3928751600651898
24.55                                             0.3921805860785098
24.6                                              0.3914758170807598
24.65                                             0.3907610797573776
24.7                                              0.39003669029725985
24.75                                             0.38930305430992956
24.8                                              0.38856066473423523
24.85                                             0.3878100975721184
24.9                                              0.3870520053123165
24.95                                             0.386287107952707
25                                                0.38551618157414397
25.05                                             0.38474004447934684
25.1                                              0.3839595409708752
25.150000000000002                                0.3831755229145715
25.2                                              0.3823888293109831
25.25                                             0.38160026417798415
25.3                                              0.3808105731332951
25.35                                             0.38002041914846024
25.400000000000002                                0.37923035803122895
25.45                                             0.37844081427003906
25.5                                              0.3776520579457842
25.55                                             0.37686418347642286
25.599999999999998                                0.37607709100416603
25.650000000000002                                0.37529047126057385
25.7                                              0.37450379474401707
25.75                                             0.37371630600913663
25.799999999999997                                0.37292702380902565
25.85                                             0.37213474774762373
25.9                                              0.3713380719948214
25.950000000000003                                0.3705354064747972
26                                                0.36972500577633455
26.05                                             0.36890500599267123
26.099999999999998                                0.36807346761683
26.15                                             0.3672284285993024
26.2                                              0.3663679550229604
26.25                                             0.36549020869230814
26.299999999999997                                0.36459351315456806
26.349999999999998                                0.3636764176176279
26.4                                              0.36273776107695477
26.45                                             0.36177676844632534
26.5                                              0.3607930508614139
26.55                                             0.35978671207232404
26.599999999999998                                0.35875837325366544
26.65                                             0.35770920712891985
26.7                                              0.35664095564023585
26.75                                             0.3555559302689654
26.8                                              0.354456992865929
26.85                                             0.35334751513503565
26.9                                              0.35223131537472135
26.95                                             0.3511125716607343
27                                                0.3499957113962365
27.05                                             0.348885278025965
27.1                                              0.34778577671298083
27.15                                             0.3467015019401462
27.2                                              0.3456363512357504
27.25                                             0.344593630499152
27.3                                              0.34357585770308013
27.35                                             0.3425845729730067
27.400000000000002                                0.34162016410599627
27.45                                             0.3406817173878553
27.5                                              0.3397669040017108
27.55                                             0.33887191227978486
27.6                                              0.33799143544188903
27.65                                             0.33711872322202036
27.7                                              0.3362457038770762
27.749999999999996                                0.3353631805068871
27.8                                              0.33446110245684446
27.849999999999998                                0.33352890893256765
27.900000000000002                                0.3325559379858118
27.95                                             0.33153188991527544
28                                                0.33044733008064947
28.049999999999997                                0.32929421233482364
28.1                                              0.32806640091431083
28.15                                             0.3267601658429378
28.200000000000003                                0.3253746249089426
28.25                                             0.3239121040833087
28.3                                              0.3223783877932808
28.349999999999998                                0.32078283091970955
28.400000000000002                                0.3191383059671304
28.45                                             0.3174609616908882
28.500000000000004                                0.31576977378217613
28.549999999999997                                0.31408587443025787
28.6                                              0.3124316566124033
28.65                                             0.31082966105216464
28.700000000000003                                0.30930126789252427
28.75                                             0.30786523369222757
28.8                                              0.3065361366581836
28.849999999999998                                0.305322816135773
28.899999999999995                                0.3042269156318719
28.95                                             0.3032416591523741
29.000000000000004                                0.30235100180315894
29.05                                             0.3015293001495845
29.099999999999998                                0.3007416353979375
29.15                                             0.2999448905175009
29.200000000000003                                0.29908958489357923
29.25                                             0.2981226642888578
29.299999999999997                                0.29699071533791715
29.35                                             0.29564396506700574
29.400000000000002                                0.2940405034014498
29.45                                             0.2921504474894719
29.499999999999996                                0.2899599531187863
29.55                                             0.28747446268877747
29.600000000000005                                0.28472105912780177
29.650000000000002                                0.2817495336802275
29.699999999999996                                0.27863190205990523
29.75                                             0.2754601003399161
29.800000000000004                                0.27234161991562544
29.85                                             0.26939288238992415
29.9                                              0.2667302437178754
29.95                                             0.26445869293305196
29.999999999999996                                0.26265862094659825
30.05                                             0.26137151428982097
30.099999999999998                                0.260586071471593
30.150000000000002                                0.2602269613072294
30.2                                              0.26014904788652227
30.25                                             0.26014009325076637
30.299999999999997                                0.259934380897398
30.35                                             0.2592381722485671
30.4                                              0.2577655309700269
30.450000000000003                                0.255280384232362
30.5                                              0.2516386230749682
30.55                                             0.2468234146870455
30.599999999999998                                0.24096801366847623
30.650000000000002                                0.23436270346818835
30.7                                              0.22744486871926511
30.750000000000004                                0.22077218833602114
30.799999999999997                                0.214977531144332
30.85                                             0.2107002453473541
30.9                                              0.20848375429798635
30.950000000000003                                0.2086284628202479
31                                                0.21100180585955233
31.05                                             0.21484724648864129
31.099999999999998                                0.21870272551080658
31.149999999999995                                0.22059116756635708
31.2                                              0.21857531480791298
31.250000000000004                                0.21151780994805722
31.3                                              0.19963646508900199
31.349999999999998                                0.184525911489821
31.4                                              0.1687362264526331
31.450000000000003                                0.15532798124382322
31.5                                              0.14775459220125645
31.549999999999997                                0.14993337564879758
31.6                                              0.16483807138191864
31.650000000000002                                0.18669503532171153
31.7                                              0.1921439259098764
31.749999999999996                                0.16863228264977273
31.8                                              0.13625458942469718
31.850000000000005                                0.11155842173971187
31.900000000000002                                0.11266358757252533
31.949999999999996                                0.1308054059773183
32                                                0.10462210403376625
32.050000000000004                                0.10364714156644755
32.1                                              0.10856920052245893
32.15                                             0.1167873087829211
32.2                                              0.1273409726305523
32.25                                             0.13969710550876746
32.300000000000004                                0.1534964626386355
32.35                                             0.16846992974186148
32.4                                              0.18440261500111763
32.449999999999996                                0.2011157677831016
32.5                                              0.21845666322852209
32.55                                             0.23629249834357888
32.6                                              0.25450648004055526
32.65                                             0.27299518240484466
32.7                                              0.29166667126732737
32.75                                             0.3104391085514606
32.800000000000004                                0.3292396653231885
32.85                                             0.34800363885995883
32.9                                              0.36667370833825896
32.949999999999996                                0.38519928769426603
33                                                0.4035359491557785
33.05                                             0.42164490040720204
33.1                                              0.43949250439962256
33.15                                             0.45704983469896643
33.2                                              0.4742922617504936
33.25                                             0.4911990669954489
33.300000000000004                                0.50775308275136
33.35                                             0.5239403563635252
33.4                                              0.5397498374698162
33.45                                             0.5551730873961468
33.5                                              0.5702040097773379
33.55                                             0.5848386015129059
33.599999999999994                                0.5990747231673467
33.65                                             0.612911887898099
33.7                                              0.6263510679658678
33.75                                             0.6393945178244246
33.8                                              0.6520456127687604
33.85                                             0.6643087021868802
33.900000000000006                                0.6761889765336542
33.95                                             0.6876923470697967
34                                                0.6988253373730984
34.05                                             0.7095949856977545
34.1                                              0.7200087573402169
34.15                                             0.7300744662271711
34.199999999999996                                0.7398002048780927
34.25                                             0.7491942816875725
34.300000000000004                                0.7582651649637446
34.35                                             0.7670214339985862
34.4                                              0.7754717360866926
34.45                                             0.7836247481938831
34.50000000000001                                 0.7914891431533929
34.550000000000004                                0.7990735602377512
34.6                                              0.8063865798019976
34.65                                             0.8134367004308274
34.7                                              0.8202323181946295
34.75                                             0.8267817119942686
34.8                                              0.8330930294364096
34.85                                             0.8391742738925997
34.900000000000006                                0.8450332938741978
34.95                                             0.8506777773302819
35                                                0.8561152396946761
35.050000000000004                                0.8613530197749654
35.1                                              0.8663982631958854
35.15                                             0.8712580022851364
35.199999999999996                                0.8759389292083919
35.24999999999999                                 0.8804477900841662
35.3                                              0.884790863996428
35.35                                             0.888974422582042
35.4                                              0.8930044973124669
35.449999999999996                                0.896886930864431
35.5                                              0.9006273774079091
35.550000000000004                                0.9042313037988512
35.6                                              0.9077039911617704
35.65                                             0.9110505367758172
35.7                                              0.914275856222091
35.75                                             0.91738468576145
35.8                                              0.9203815849172027
35.849999999999994                                0.92327093924109
35.9                                              0.9260569632435074
35.95                                             0.9287437034715044
36                                                0.9313350417215206
36.05                                             0.9338346983741859
36.1                                              0.9362462358416005
36.150000000000006                                0.9385730621178281
36.2                                              0.940818434424395
36.25                                             0.9429854629439387
36.3                                              0.9450771146348304
36.35                                             0.9470962171208097
36.4                                              0.9490454626497253
36.449999999999996                                0.9509274121155487
36.5                                              0.952744499138489
36.550000000000004                                0.9544990341977534
36.6                                              0.9561932088116523
36.65                                             0.9578290997595751
36.7                                              0.959408673340156
36.75000000000001                                 0.9609337896594903
36.800000000000004                                0.9624062069429081
36.849999999999994                                0.9638275858636143
36.9                                              0.9651994938824155
36.95                                             0.9665234095943549
37                                                0.9678007270806773
37.05                                             0.9690327602649692
37.1                                              0.9702207472673615
37.150000000000006                                0.9713658547414193
37.2                                              0.9724691821722665
37.25                                             0.9735317661203196
37.300000000000004                                0.9745545844070445
37.35                                             0.9755385602477702
37.4                                              0.9764845663367109
37.449999999999996                                0.9773934288874915
37.49999999999999                                 0.9782659304561184
37.55                                             0.9791028182799966
37.6                                              0.9799047974236579
37.65                                             0.9806725493896961
37.699999999999996                                0.9814067211723337
37.75                                             0.982107940025291
37.800000000000004                                0.98277681067142
37.85                                             0.9834139260401262
37.9                                              0.9840198430512321
37.95                                             0.9845951315462845
38                                                0.985140338876442
38.05                                             0.9856560073827311
38.099999999999994                                0.986142675014518
38.15                                             0.9866008774061368
38.2                                              0.98703114958975
38.25                                             0.9874340279891185
38.3                                              0.9878100522287013
38.35                                             0.9881597665356244
38.400000000000006                                0.9884837210095134
38.45                                             0.9887824727391906
38.5                                              0.989056586741287
38.55                                             0.9893066366932849
38.6                                              0.9895332054449476
38.65                                             0.9897368853772299
38.699999999999996                                0.9899182786283073
38.75                                             0.99007799712361
38.800000000000004                                0.990216662410783
38.85                                             0.9903349053269693
38.9                                              0.9904333655091146
38.95                                             0.9905126907513775
39.00000000000001                                 0.9905735362127576
39.050000000000004                                0.990616563477045
39.099999999999994                                0.9906424394708804
39.15                                             0.9906518352555477
39.2                                              0.9906454247120583
39.25                                             0.9906238831311819
39.3                                              0.9905878857140962
39.35                                             0.9905381059894316
39.400000000000006                                0.9904752141542308
39.45                                             0.9903998753490679
39.5                                              0.9903127478802137
39.550000000000004                                0.9902144814031051
39.6                                              0.9901057150824508
39.65                                             0.9899870757471714
39.699999999999996                                0.9898591760624995
39.75                                             0.9897226127361303
39.8                                              0.9895779647459009
39.85                                             0.9894257915508834
39.9                                              0.989266631297605
39.949999999999996                                0.9891009991108681
40                                                0.9889293855274093
40.050000000000004                                0.9887522550504165
40.1                                              0.988570044798392
40.15                                             0.9883831632601119
40.2                                              0.9881919891839205
40.25                                             0.9879968705826869
40.3                                              0.9877981236789796
40.349999999999994                                0.9875960316713658
40.4                                              0.9873908440243538
40.45                                             0.9871827767027078
40.5                                              0.9869720121978982
40.55                                             0.9867586991155242
40.6                                              0.9865429519623842
40.650000000000006                                0.9863248512690045
40.7                                              0.9861044441496234
40.75                                             0.9858817458440685
40.8                                              0.9856567399959654
40.85                                             0.9854293767542363
40.9                                              0.985199575975732
40.949999999999996                                0.9849672294983479
41                                                0.9847322018896768
41.050000000000004                                0.9844943318755014
41.1                                              0.9842534326011521
41.15                                             0.9840092969531067
41.2                                              0.9837616964580095
41.25000000000001                                 0.983510383310096
41.300000000000004                                0.9832550922804334
41.349999999999994                                0.9829955550768471
41.4                                              0.9827314883571565
41.45                                             0.9824625676764346
41.5                                              0.9821885130265114
41.55                                             0.98190901243023
41.6                                              0.9816237577266729
41.650000000000006                                0.9813324426174959
41.7                                              0.9810347651564084
41.75                                             0.9807304303849049
41.800000000000004                                0.9804191529673342
41.85                                             0.9801006597922435
41.9                                              0.9797746925207147
41.949999999999996                                0.9794410100646082
42                                                0.97909939097886
42.050000000000004                                0.9787496357524956
42.1                                              0.9783915689836168
42.15                                             0.9780250414244306
42.199999999999996                                0.9776499318823396
42.25                                             0.9772661489641424
42.300000000000004                                0.9768736326505955
42.35                                             0.9764723556897388
42.4                                              0.9760623247980086
42.45                                             0.9756435816594811
42.5                                              0.9752162037142377
42.55                                             0.9747803047283318
42.599999999999994                                0.9743360351388223
42.65                                             0.9738835821686317
42.7                                              0.973423169707237
42.75                                             0.9729550579545788
42.8                                              0.9724795428268564
42.85                                             0.9719969551244745
42.900000000000006                                0.9715076594635004
42.95                                             0.9710120529737786
43                                                0.9705105637680401
43.05                                             0.9700036491879921
43.1                                              0.9694917938345888
43.15                                             0.9689755073913388
43.199999999999996                                0.968455322250642
43.25                                             0.9679317909544493
43.300000000000004                                0.9674054834621194
43.35                                             0.9668769842592072
43.4                                              0.9663468893226247
43.45                                             0.9658158029590013
43.50000000000001                                 0.9652843345339363
43.550000000000004                                0.9647530951106301
43.599999999999994                                0.964222694016415
43.65                                             0.9636937353566045
43.7                                              0.9631668144951248
43.75                                             0.962642514523079
43.8                                              0.9621214027359949
43.85                                             0.9616040271344066
43.900000000000006                                0.9610909144471301
43.95                                             0.960582559817524
44                                                0.9600794355324099
44.050000000000004                                0.9595819828042905
44.1                                              0.9590905984097171
44.15                                             0.9586056469496379
44.199999999999996                                0.9581274510378491
44.25                                             0.957656289680774
44.300000000000004                                0.9571923973538211
44.35                                             0.9567359575674419
44.4                                              0.9562871069099556
44.449999999999996                                0.9558459302505729
44.5                                              0.9554124601146732
44.550000000000004                                0.9549866758078163
44.6                                              0.9545685027960112
44.65                                             0.9541578123593836
44.7                                              0.9537544215657977
44.75                                             0.9533580936153748
44.8                                              0.9529685384887591
44.849999999999994                                0.952585413915847
44.9                                              0.9522083266787491
44.95                                             0.9518368342464719
45                                                0.9514704467376831
45.05                                             0.9511086292019864
45.1                                              0.9507508041987701
45.150000000000006                                0.9503963546658738
45.2                                              0.9500446270865491
45.25                                             0.9496949349381255
45.3                                              0.9493465623935624
45.35                                             0.9489987682581225
45.4                                              0.9486507901249489
45.449999999999996                                0.9483018487294096
45.5                                              0.9479511524786347
45.550000000000004                                0.9475979021301152
45.6                                              0.9472412955910462
45.65                                             0.946880532811235
45.7                                              0.9465148207434039
45.75000000000001                                 0.9461433783440704
45.800000000000004                                0.9457654415848531
45.849999999999994                                0.9453802684435683
45.9                                              0.9449871438450379
45.95                                             0.9445853845197797
46                                                0.9441743437469655
46.05                                             0.9437534159481065
46.1                                              0.9433220411002293
46.150000000000006                                0.9428797089387362
46.2                                              0.9424259629217293
46.25                                             0.9419604039291968
46.300000000000004                                0.9414826936735881
46.35                                             0.9409925578007338
46.4                                              0.9404897886567952
46.449999999999996                                0.939974247685153
46.5                                              0.9394458674094008
46.550000000000004                                0.9389046529822338
46.6                                              0.9383506833152236
46.65                                             0.937784111801329
46.7                                              0.9372051666120136
46.75000000000001                                 0.9366141505429356
46.800000000000004                                0.9360114403948095
46.85                                             0.9353974858904023
46.9                                              0.9347728081271374
46.95                                             0.9341379975344003
47                                                0.9334937112458023
47.05                                             0.9328406698838348
47.099999999999994                                0.9321796541321644
47.15                                             0.9315115013036038
47.2                                              0.9308371013404405
47.25                                             0.9301573920316814
47.3                                              0.9294733538175542
47.35                                             0.9287860043549019
47.400000000000006                                0.9280963928277404
47.45                                             0.9274055940576806
47.5                                              0.9267147025644019
47.55                                             0.926024825959918
47.6                                              0.9253370772991124
47.65                                             0.9246525687977384
47.699999999999996                                0.9239724054753655
47.75                                             0.9232976777585948
47.800000000000004                                0.9226294534405569
47.85                                             0.9219687687346151
47.9                                              0.9213166378817294
47.95                                             0.9206740293003864
48.00000000000001                                 0.9200418462674519
48.050000000000004                                0.9194209458319869
48.099999999999994                                0.9188121187198062
48.15                                             0.9182161201319432
48.2                                              0.9176335765456812
48.25                                             0.9170650660021776
48.3                                              0.9165110941151448
48.35                                             0.915972057653556
48.400000000000006                                0.9154482701934301
48.45                                             0.9149399489593785
48.5                                              0.9144472129408292
48.550000000000004                                0.9139700807313234
48.6                                              0.9135084689275985
48.65                                             0.91306219115659
48.699999999999996                                0.9126309577561033
48.74999999999999                                 0.912214376124932
48.800000000000004                                0.9118119517525101
48.85                                             0.9114230899336038
48.9                                              0.9110470981680805
48.949999999999996                                0.9106831892416618
49.00000000000001                                 0.9103304849780992
49.050000000000004                                0.9099880206488191
49.1                                              0.9096547500210371
49.15                                             0.9093295510207973
49.2                                              0.909011231982517
49.25                                             0.9086985384522424
49.3                                              0.9083901605072473
49.349999999999994                                0.9080847405509451
49.400000000000006                                0.9077808815376303
49.45                                             0.9074771555785821
49.5                                              0.9071721128771474
49.55                                             0.9068642909382143
49.60000000000001                                 0.9065522239942229
49.650000000000006                                0.9062344525880109
49.7                                              0.9059095332508864
49.75                                             0.9055760482126227
49.800000000000004                                0.9052326150793201
49.85                                             0.90487789641423
49.9                                              0.9045106091562011
49.949999999999996                                0.9041295338108326
50.00000000000001                                 0.9037335233497974
