20                                                0.46563791696227447
20.05                                             0.4653150219261879
20.1                                              0.46499178553870707
20.15                                             0.46466821739006026
20.2                                              0.4643443230885088
20.25                                             0.4640201039276049
20.3                                              0.4636955565613118
20.35                                             0.46337067268874277
20.4                                              0.4630454387452458
20.45                                             0.4627198355972578
20.5                                              0.4623938382453973
20.55                                             0.4620674155515342
20.6                                              0.4617405300053677
20.650000000000002                                0.4614131375354508
20.7                                              0.46108518736218135
20.75                                             0.46075662193845457
20.8                                              0.4604273760419151
20.85                                             0.46009737936871353
20.900000000000002                                0.45976655349437917
20.95                                             0.4594348134239918
21                                                0.4591020680531542
21.05                                             0.4587682219413819
21.099999999999998                                0.4584331581715791
21.150000000000002                                0.4580967840300787
21.2                                              0.45775897700701973
21.249999999999996                                0.4574196175450938
21.299999999999997                                0.45707858168193605
21.349999999999998                                0.4567357418503624
21.4                                              0.456390967513081
21.45                                             0.456044125964088
21.5                                              0.45569508318956486
21.549999999999997                                0.4553437047125637
21.599999999999998                                0.4549898564872465
21.65                                             0.45463340583357026
21.7                                              0.4542742224098586
21.75                                             0.4539121791886883
21.799999999999997                                0.45354715341033275
21.849999999999998                                0.45317902753615136
21.9                                              0.4528076901845364
21.95                                             0.45243303702021037
22                                                0.4520549715820268
22.05                                             0.45167340603464634
22.099999999999998                                0.45128826182891574
22.15                                             0.4508994702520492
22.2                                              0.4505069728492657
22.25                                             0.45011072169695676
22.3                                              0.4497106795164236
22.35                                             0.44930681961895075
22.4                                              0.44889912566944634
22.45                                             0.44848759125427534
22.5                                              0.4480722192416454
22.55                                             0.4476530209271999
22.6                                              0.44723001495869497
22.65                                             0.44680322603164646
22.7                                              0.4463726833553605
22.75                                             0.44593841892066605
22.8                                              0.44550046561418466
22.85                                             0.44505885516806315
22.900000000000002                                0.4446136159182696
22.95                                             0.4441647704051449
23                                                0.4437123328748231
23.05                                             0.4432563067193179
23.1                                              0.44279668188923516
23.150000000000002                                0.44233343235936495
23.2                                              0.4418665137473777
23.25                                             0.4413958609868386
23.3                                              0.440921386066783
23.349999999999998                                0.4404429761061257
23.400000000000002                                0.43996049178883284
23.45                                             0.43947376616535944
23.5                                              0.43898260395674604
23.549999999999997                                0.4384867811816234
23.6                                              0.43798604514924705
23.65                                             0.4374801157248229
23.700000000000003                                0.43696868755530166
23.75                                             0.436451419128235
23.799999999999997                                0.43592797718630627
23.849999999999998                                0.4353979835088542
23.9                                              0.43486105539108477
23.95                                             0.4343168035897481
24                                                0.43376483211403477
24.049999999999997                                0.4332047533262767
24.099999999999998                                0.43263618628638195
24.15                                             0.43205876952294003
24.2                                              0.4314721663373944
24.25                                             0.4308760732456008
24.3                                              0.43027022783842644
24.349999999999998                                0.42965441664695586
24.4                                              0.42902848275968575
24.45                                             0.428392332994635
24.5                                              0.42774594442282265
24.55                                             0.4270893700325756
24.6                                              0.42642274331939084
24.65                                             0.42574628158624356
24.7                                              0.4250602877417467
24.75                                             0.4243651503952635
24.8                                              0.4236613420633935
24.85                                             0.4229494153264412
24.9                                              0.4222299968028211
24.95                                             0.4215037788477951
25                                                0.42077150892649196
25.05                                             0.4200339766648513
25.1                                              0.41929199864073136
25.150000000000002                                0.41854640104424695
25.2                                              0.4177980004085018
25.25                                             0.4170475826884752
25.3                                              0.41629588104635146
25.35                                             0.4155435527815858
25.400000000000002                                0.4147911559251001
25.45                                             0.414039126090827
25.5                                              0.41328775424829073
25.55                                             0.41253716613870656
25.599999999999998                                0.41178730410373304
25.650000000000002                                0.4110379121251052
25.7                                              0.4102885248727333
25.75                                             0.4095384615257663
25.799999999999997                                0.40878682507251646
25.85                                             0.4080325077230648
25.9                                              0.40727420298028255
25.950000000000003                                0.4065104247935442
26                                                0.40573953407923696
26.05                                             0.40495977307356407
26.099999999999998                                0.40416930292394887
26.15                                             0.4033662580793506
26.2                                              0.40254878786704296
26.25                                             0.4017151247795776
26.299999999999997                                0.40086364643414496
26.349999999999998                                0.39999293423049276
26.4                                              0.3991018448389638
26.45                                             0.3981895727109879
26.5                                              0.39725569281304046
26.55                                             0.39630023534272596
26.599999999999998                                0.3953237199941877
26.65                                             0.3943271905462764
26.7                                              0.39331223466538706
26.75                                             0.3922809875635908
26.8                                              0.39123611750186954
26.85                                             0.3901807911490178
26.9                                              0.38911861731701247
26.95                                             0.38805356813005054
27                                                0.38698987735494517
27.05                                             0.3859319164445672
27.1                                              0.38488404977159296
27.15                                             0.38385047161735486
27.2                                              0.3828350287079006
27.25                                             0.38184103333398955
27.3                                              0.3808710733586044
27.35                                             0.37992682664145055
27.400000000000002                                0.37900888848937037
27.45                                             0.3781166215803108
27.5                                              0.3772480383048731
27.55                                             0.3763997255183786
27.6                                              0.37556682119332013
27.65                                             0.37474305134091657
27.7                                              0.3739208338167872
27.749999999999996                                0.3730914532532995
27.8                                              0.37224530842001435
27.849999999999998                                0.37137222989955343
27.900000000000002                                0.37046186222898336
27.95                                             0.36950410078193735
28                                                0.3684895698469409
28.049999999999997                                0.3674101247726637
28.1                                              0.3662593578358687
28.15                                             0.3650330847478392
28.200000000000003                                0.3637297866199025
28.25                                             0.3623509808404538
28.3                                              0.36090149357176055
28.349999999999998                                0.35938960651186475
28.400000000000002                                0.3578270514220296
28.45                                             0.3562288279011571
28.500000000000004                                0.3546128232721561
28.549999999999997                                0.35299921862673495
28.6                                              0.3514096727403547
28.65                                             0.3498662866597703
28.700000000000003                                0.348390365913414
28.75                                             0.34700101489361657
28.8                                              0.3457136197359042
28.849999999999998                                0.34453829997819857
28.899999999999995                                0.3434784333063586
28.95                                             0.34252937860304855
29.000000000000004                                0.34167753875763085
29.05                                             0.3408999082405967
29.099999999999998                                0.3401642369857534
29.15                                             0.33942989595406925
29.200000000000003                                0.3386496289530269
29.25                                             0.33777186441701057
29.299999999999997                                0.33674395618270064
29.35                                             0.3355158623495634
29.400000000000002                                0.33404419801990753
29.45                                             0.33229633824921934
29.499999999999996                                0.3302543686449373
29.55                                             0.32791846781026424
29.600000000000005                                0.32530949359289285
29.650000000000002                                0.3224704552186364
29.699999999999996                                0.3194665878514804
29.75                                             0.31638374596932256
29.800000000000004                                0.313324831390934
29.85                                             0.3104039875520555
29.9                                              0.3077383541888535
29.95                                             0.30543733250516675
29.999999999999996                                0.30358961344861796
30.05                                             0.3022487125712805
30.099999999999998                                0.3014184320551172
30.150000000000002                                0.3010404463479791
30.2                                              0.3009868756368935
30.25                                             0.3010609520602412
30.299999999999997                                0.30100835167821666
30.35                                             0.3005402620978194
30.4                                              0.29936693001422376
30.450000000000003                                0.2972378741715665
30.5                                              0.2939830367990552
30.55                                             0.28954864862264756
30.599999999999998                                0.28402269941685726
30.650000000000002                                0.2776470522381947
30.7                                              0.27081522337714403
30.750000000000004                                0.2640553382467851
30.799999999999997                                0.25799578896558906
30.85                                             0.25330651252091907
30.9                                              0.2506030680561196
30.950000000000003                                0.2502987138957495
31                                                0.25240212311713073
31.05                                             0.2563000409187573
31.099999999999998                                0.2606371928107385
31.149999999999995                                0.26346253580130785
31.2                                              0.26274352438330056
31.250000000000004                                0.25710448441572026
31.3                                              0.24640376154668933
31.349999999999998                                0.2318368444417766
31.4                                              0.21563504311083972
31.450000000000003                                0.20074077394287415
31.5                                              0.19081972359100946
31.549999999999997                                0.1905577008791771
31.6                                              0.2045770678411736
31.650000000000002                                0.22923219237377684
31.7                                              0.2409178645762413
31.749999999999996                                0.22221727046318487
31.8                                              0.1891810911593512
31.850000000000005                                0.15859364821621263
31.900000000000002                                0.1466322079262485
31.949999999999996                                0.1867046959726681
32                                                0.1476937010571065
32.050000000000004                                0.1395342428034331
32.1                                              0.13886623991310068
32.15                                             0.14233502635310888
32.2                                              0.14874200141334615
32.25                                             0.15744550287140321
32.300000000000004                                0.168022308671524
32.35                                             0.180158034414977
32.4                                              0.1936015016089015
32.449999999999996                                0.20814247965921687
32.5                                              0.2235996320784167
32.55                                             0.23981348834436714
32.6                                              0.25664210334935633
32.65                                             0.27395823740092823
32.7                                              0.29164743008004995
32.75                                             0.30960661318750327
32.800000000000004                                0.3277430543225501
32.85                                             0.3459735055968567
32.9                                              0.36422348098720464
32.949999999999996                                0.38242661562154817
33                                                0.4005240787826784
33.05                                             0.41846402401187804
33.1                                              0.43620106697939465
33.15                                             0.4536957863120744
33.2                                              0.47091424530313886
33.25                                             0.4878275340061781
33.300000000000004                                0.5044113320536042
33.35                                             0.5206454928993868
33.4                                              0.5365136502267926
33.45                                             0.5520028471336885
33.5                                              0.5671031884828387
33.55                                             0.5818075165440737
33.599999999999994                                0.5961111097963262
33.65                                             0.6100114045052805
33.7                                              0.6235077384741202
33.75                                             0.6366011161709432
33.8                                              0.6492939943193109
33.85                                             0.6615900869496866
33.900000000000006                                0.6734941888246802
33.95                                             0.685012016059254
34                                                0.6961500627487184
34.05                                             0.7069154724445336
34.1                                              0.7173159233401709
34.15                                             0.7273595260529597
34.199999999999996                                0.7370547328843831
34.25                                             0.7464102575011624
34.300000000000004                                0.7554350042498617
34.35                                             0.7641380063009594
34.4                                              0.7725283714682216
34.45                                             0.780615234906398
34.50000000000001                                 0.7884077181342316
34.550000000000004                                0.7959148937728904
34.6                                              0.8031457555054291
34.65                                             0.8101091921918311
34.7                                              0.8168139651193543
34.75                                             0.8232686904913666
34.8                                              0.8294818245809499
34.85                                             0.8354616509131644
34.900000000000006                                0.8412162698534845
34.95                                             0.8467535918941325
35                                                0.8520813301435705
35.050000000000004                                0.8572069958167383
35.1                                              0.8621378870178787
35.15                                             0.8668811304836207
35.199999999999996                                0.8714435904299671
35.24999999999999                                 0.8758319868636634
35.3                                              0.8800527691824408
35.35                                             0.8841122260494442
35.4                                              0.8880164307735652
35.449999999999996                                0.8917712568388211
35.5                                              0.8953823806354028
35.550000000000004                                0.8988552846960366
35.6                                              0.902195261221473
35.65                                             0.9054074158300254
35.7                                              0.9084966714857614
35.75                                             0.9114677725674278
35.8                                              0.9143252890456968
35.849999999999994                                0.9170736207415342
35.9                                              0.9197170016418145
35.95                                             0.9222595042521793
36                                                0.924705043970894
36.05                                             0.9270573834689068
36.1                                              0.9293201370649088
36.150000000000006                                0.9314967750851377
36.2                                              0.9335906281995101
36.25                                             0.9356048917272826
36.3                                              0.9375426299058807
36.35                                             0.9394067801180459
36.4                                              0.941200157072988
36.449999999999996                                0.9429254569378638
36.5                                              0.9445852614167267
36.550000000000004                                0.9461820417742438
36.6                                              0.9477181628022179
36.65                                             0.9491958867265077
36.7                                              0.9506173770525095
36.75000000000001                                 0.9519847023468531
36.800000000000004                                0.9532998399528841
36.849999999999994                                0.9545646796377774
36.9                                              0.9557810271704497
36.95                                             0.95695060783218
37                                                0.958075069864982
37.05                                             0.9591559878632214
37.1                                              0.9601948661071926
37.150000000000006                                0.961193141827043
37.2                                              0.9621521883795462
37.25                                             0.9630733183284756
37.300000000000004                                0.9639577864327199
37.35                                             0.9648067925561398
37.4                                              0.9656214845110513
37.449999999999996                                0.9664029608175789
37.49999999999999                                 0.9671522750163848
37.55                                             0.9678704300633351
37.6                                              0.9685583932568873
37.65                                             0.9692170922854595
37.699999999999996                                0.9698474135955366
37.75                                             0.9704502132984056
37.800000000000004                                0.9710263136470493
37.85                                             0.9715765153366717
37.9                                              0.97210155873201
37.95                                             0.972602195726849
38                                                0.973079132911054
38.05                                             0.9735330560235272
38.099999999999994                                0.973964628824742
38.15                                             0.9743744942857959
38.2                                              0.974763275731396
38.25                                             0.9751315780286753
38.3                                              0.9754799887411362
38.35                                             0.975809079094973
38.400000000000006                                0.9761194048561811
38.45                                             0.9764115071257709
38.5                                              0.976685913045842
38.55                                             0.9769431364129982
38.6                                              0.9771836781993894
38.65                                             0.9774080269953505
38.699999999999996                                0.9776166593794284
38.75                                             0.9778100402083203
38.800000000000004                                0.9779886228302579
38.85                                             0.9781528492303182
38.9                                              0.9783031501131557
38.95                                             0.9784399449273947
39.00000000000001                                 0.9785636418359496
39.050000000000004                                0.9786746376363513
39.099999999999994                                0.9787733176355025
39.15                                             0.9788600554849227
39.2                                              0.9789352129837692
39.25                                             0.9789991398576988
39.3                                              0.97905217352042
39.35                                             0.9790946388224162
39.400000000000006                                0.9791268477903519
39.45                                             0.9791490993613369
39.5                                              0.9791616791177894
39.550000000000004                                0.9791648590295429
39.6                                              0.9791588972106042
39.65                                             0.9791440376997325
39.699999999999996                                0.9791205102755672
39.75                                             0.9790885303127793
39.8                                              0.9790482986688677
39.85                                             0.9790000015801269
39.9                                              0.9789438105739903
39.949999999999996                                0.9788798824423611
40                                                0.9788083593015131
40.050000000000004                                0.9787293687250417
40.1                                              0.9786430239348928
40.15                                             0.9785494240533683
40.2                                              0.9784486544257269
40.25                                             0.9783407869961535
40.3                                              0.9782258806457675
40.349999999999994                                0.9781039814593193
40.4                                              0.9779751232718521
40.45                                             0.9778393286200373
40.5                                              0.9776966095524495
40.55                                             0.9775469682349166
40.6                                              0.9773903976291879
40.650000000000006                                0.977226882329721
40.7                                              0.9770563998837328
40.75                                             0.9768789231324093
40.8                                              0.9766944196528603
40.85                                             0.9765028495112195
40.9                                              0.9763041701386652
40.949999999999996                                0.9760983382768982
41                                                0.975885309935456
41.050000000000004                                0.9756650419531754
41.1                                              0.9754374965576988
41.15                                             0.9752026324929174
41.2                                              0.9749604142179809
41.25000000000001                                 0.9747108113701431
41.300000000000004                                0.974453801237515
41.349999999999994                                0.9741893861647383
41.4                                              0.9739175539131111
41.45                                             0.9736382901543803
41.5                                              0.973351632169483
41.55                                             0.9730576054915435
41.6                                              0.9727562533385271
41.650000000000006                                0.9724476336737827
41.7                                              0.9721318199432993
41.75                                             0.9718089018605461
41.800000000000004                                0.97147898612348
41.85                                             0.9711421970433493
41.9                                              0.9707986770762278
41.949999999999996                                0.9704485872504898
42                                                0.970092107484407
42.050000000000004                                0.9697294367891454
42.1                                              0.9693607933526031
42.15                                             0.9689864145006386
42.199999999999996                                0.9686065565325747
42.25                                             0.9682214944285134
42.300000000000004                                0.9678315214267363
42.35                                             0.9674369484701945
42.4                                              0.9670381035218503
42.45                                             0.96663533074937
42.5                                              0.9662289895805884
42.55                                             0.965819453631956
42.599999999999994                                0.9654071095128111
42.65                                             0.9649923555095254
42.7                                              0.9645756001539476
42.75                                             0.9641572606816295
42.8                                              0.9637377613860919
42.85                                             0.9633175318761356
42.900000000000006                                0.9628970052437853
42.95                                             0.9624766161515841
43                                                0.9620567988481665
43.05                                             0.961637985122193
43.1                                              0.9612206022048603
43.15                                             0.9608050706321938
43.199999999999996                                0.9603918020784754
43.25                                             0.9599811971727814
43.300000000000004                                0.9595736433107939
43.35                                             0.9591695124745196
43.4                                              0.9587691590726578
43.45                                             0.9583729178151933
43.50000000000001                                 0.9579811016355545
43.550000000000004                                0.9575939996740702
43.599999999999994                                0.957211875335943
43.65                                             0.9568349644366833
43.7                                              0.9564634734476285
43.75                                             0.9560975778544489
43.8                                              0.9557374206427386
43.85                                             0.9553831109402439
43.900000000000006                                0.9550347205305211
43.95                                             0.9546922932838258
44                                                0.9543558235027593
44.050000000000004                                0.9540252784556542
44.1                                              0.9537005800603947
44.15                                             0.9533816147636501
44.199999999999996                                0.9530682294264087
44.25                                             0.9527602326455836
44.300000000000004                                0.9524573956000948
44.35                                             0.9521594487570236
44.4                                              0.951866086608561
44.449999999999996                                0.9515769675952318
44.5                                              0.9512917148790143
44.550000000000004                                0.9510099179003364
44.6                                              0.9507311340992134
44.65                                             0.9504548903670432
44.7                                              0.9501806849667918
44.75                                             0.9499079901444294
44.8                                              0.9496362545217572
44.849999999999994                                0.9493649056064817
44.9                                              0.9490933525457913
44.95                                             0.9488209890652066
45                                                0.9485471965577628
45.05                                             0.948271347289636
45.1                                              0.9479928077047488
45.150000000000006                                0.9477109418580002
45.2                                              0.9474251149696229
45.25                                             0.9471346970328135
45.3                                              0.9468390664473282
45.35                                             0.9465376136788247
45.4                                              0.9462297449306353
45.449999999999996                                0.9459148858059017
45.5                                              0.9455924849366535
45.550000000000004                                0.9452620175562673
45.6                                              0.9449229889905878
45.65                                             0.9445749380432852
45.7                                              0.9442174402538043
45.75000000000001                                 0.9438501110104337
45.800000000000004                                0.94347260850263
45.849999999999994                                0.9430846364945213
45.9                                              0.9426859468985775
45.95                                             0.9422763421266954
46                                                0.9418556771966204
46.05                                             0.9414238615744568
46.1                                              0.9409808607372094
46.150000000000006                                0.9405266974415596
46.2                                              0.9400614526867751
46.25                                             0.9395852663611781
46.300000000000004                                0.9390983375651237
46.35                                             0.9386009246065109
46.4                                              0.938093344665399
46.449999999999996                                0.9375759731158919
46.5                                              0.9370492424843023
46.550000000000004                                0.9365136410340004
46.6                                              0.9359697109938306
46.65                                             0.9354180464549249
46.7                                              0.9348592909444008
46.75000000000001                                 0.9342941346748198
46.800000000000004                                0.9337233114730282
46.85                                             0.9331475954006224
46.9                                              0.9325677970775257
46.95                                             0.9319847596968442
47                                                0.9313993546815755
47.05                                             0.930812477012812
47.099999999999994                                0.9302250405150891
47.15                                             0.929637973215468
47.2                                              0.9290522123989378
47.25                                             0.9284686992602361
47.3                                              0.9278883734102369
47.35                                             0.9273121673553056
47.400000000000006                                0.9267410009459701
47.45                                             0.9261757758455804
47.5                                              0.9256173702236313
47.55                                             0.9250666333663334
47.6                                              0.9245243794098256
47.65                                             0.9239913819943516
47.699999999999996                                0.9234683695906997
47.75                                             0.9229560203410653
47.800000000000004                                0.9224549567780288
47.85                                             0.9219657411851547
47.9                                              0.9214888768613385
47.95                                             0.9210247951742399
48.00000000000001                                 0.9205738517311257
48.050000000000004                                0.9201363308937863
48.099999999999994                                0.9197124361361253
48.15                                             0.9193022934444618
48.2                                              0.9189059525861072
48.25                                             0.9185233531614934
48.3                                              0.9181543907222669
48.35                                             0.9177988381400496
48.400000000000006                                0.9174563976905323
48.45                                             0.9171266841475708
48.5                                              0.9168092273958572
48.550000000000004                                0.9165034740849989
48.6                                              0.9162087897252107
48.65                                             0.9159244613049653
48.699999999999996                                0.9156497004378318
48.74999999999999                                 0.9153836470316786
48.800000000000004                                0.9151253734673878
48.85                                             0.9148738892701266
48.9                                              0.9146281462519531
48.949999999999996                                0.9143870441016204
49.00000000000001                                 0.9141494363933051
49.050000000000004                                0.9139141369833877
49.1                                              0.9136799267607197
49.15                                             0.9134455607133266
49.2                                              0.9132097752713321
49.25                                             0.9129712958840813
49.3                                              0.9127288447863835
49.349999999999994                                0.9124811489078
49.400000000000006                                0.9122269478765219
49.45                                             0.9119650020683993
49.5                                              0.9116941006505599
49.55                                             0.9114130695681475
49.60000000000001                                 0.9111207794224944
49.650000000000006                                0.9108161531886692
49.7                                              0.9104981737206035
49.75                                             0.9101658909925381
49.800000000000004                                0.9098184290260775
49.85                                             0.9094549924536413
49.9                                              0.9090748726700105
49.949999999999996                                0.9086774535257678
50.00000000000001                                 0.9082622165182427
