20                                                0.41849653328263653
20.05                                             0.41813303155156895
20.1                                              0.41776894782536356
20.15                                             0.4174042967432333
20.2                                              0.4170390891193188
20.25                                             0.4166733315836248
20.3                                              0.4163070262301744
20.35                                             0.41594017027701546
20.4                                              0.41557275573983943
20.45                                             0.4152047691162118
20.5                                              0.41483619107868963
20.55                                             0.4144669961840113
20.6                                              0.4140971526148857
20.650000000000002                                0.41372662196726473
20.7                                              0.413355359088729
20.75                                             0.41298331196646004
20.8                                              0.4126104215938591
20.85                                             0.4122366221209442
20.900000000000002                                0.4118618393849786
20.95                                             0.41148599470575525
21                                                0.4111090019023778
21.05                                             0.4107307728324333
21.099999999999998                                0.4103511882925783
21.150000000000002                                0.40997016727275043
21.2                                              0.4095875903403188
21.249999999999996                                0.40920334233153327
21.299999999999997                                0.4088173039649157
21.349999999999998                                0.4084293523237688
21.4                                              0.4080393616648026
21.45                                             0.4076472041961866
21.5                                              0.40725275091536667
21.549999999999997                                0.4068558725235834
21.599999999999998                                0.4064564403757816
21.65                                             0.40605432746312553
21.7                                              0.40564940941621036
21.75                                             0.4052415655168666
21.799999999999997                                0.4048306797188989
21.849999999999998                                0.40441664165716346
21.9                                              0.4039993476210389
21.95                                             0.40357870147895547
22                                                0.4031546155380899
22.05                                             0.4027270113215476
22.099999999999998                                0.40229582024635474
22.15                                             0.4018609841860686
22.2                                              0.4014224559018194
22.25                                             0.4009801993211357
22.3                                              0.4005341896441656
22.35                                             0.400084413260092
22.4                                              0.3996308674623442
22.45                                             0.3991735599540898
22.5                                              0.3987125081348672
22.55                                             0.3982477381612635
22.6                                              0.3977792837772195
22.65                                             0.3973071849122247
22.7                                              0.3968314860466805
22.75                                             0.39635223434914596
22.8                                              0.39586947760812335
22.85                                             0.3953832619872611
22.900000000000002                                0.394893629617924
22.95                                             0.3944006160457587
23                                                0.3939042475680653
23.05                                             0.39340453850565116
23.1                                              0.39290148845192563
23.150000000000002                                0.3923950795399181
23.2                                              0.3918852737939246
23.25                                             0.3913720106580578
23.3                                              0.39085520471304175
23.349999999999998                                0.39033474362155446
23.400000000000002                                0.3898104863965769
23.45                                             0.3892822620424123
23.5                                              0.3887498688942966
23.549999999999997                                0.3882130749249726
23.6                                              0.3876716167909155
23.65                                             0.3871252008297451
23.700000000000003                                0.3865735051649587
23.75                                             0.3860161834784063
23.799999999999997                                0.38545286490365194
23.849999999999998                                0.3848831580381472
23.9                                              0.38430666043284295
23.95                                             0.3837229583017958
24                                                0.3831316393809997
24.049999999999997                                0.3825322865787064
24.099999999999998                                0.381924498343424
24.15                                             0.38130789219306355
24.2                                              0.38068211118576245
24.25                                             0.38004683342968804
24.3                                              0.3794017803793006
24.349999999999998                                0.3787467251354159
24.4                                              0.3780815004617425
24.45                                             0.3774060063083432
24.5                                              0.3767202166251501
24.55                                             0.3760241852410928
24.6                                              0.37531805057848533
24.65                                             0.3746020389730798
24.7                                              0.37387646637630534
24.75                                             0.3731417382290149
24.8                                              0.3723983473153208
24.85                                             0.37164686943041964
24.9                                              0.3708879567297328
24.95                                             0.3701223286676745
25                                                0.3693507604827814
25.05                                             0.36857406924335023
25.1                                              0.36779309753124767
25.150000000000002                                0.3670086949133259
25.2                                              0.3662216974261286
25.25                                             0.3654329053817876
25.3                                              0.3646430598872508
25.35                                             0.3638528185533853
25.400000000000002                                0.3630627309550147
25.45                                             0.36227321447944855
25.5                                              0.361484531272742
25.55                                             0.36069676705047415
25.599999999999998                                0.35990981258400334
25.650000000000002                                0.35912334869750623
25.7                                              0.3583368356117175
25.75                                             0.3575495074395034
25.799999999999997                                0.3567603725782091
25.85                                             0.3559682206542546
25.9                                              0.3551716365635095
25.950000000000003                                0.35436902201094184
26                                                0.3535586247992769
26.05                                             0.3527385759273458
26.099999999999998                                0.3519069344902829
26.15                                             0.3510617363078785
26.2                                              0.350201050766581
26.25                                             0.34932304290509186
26.299999999999997                                0.34842604472442773
26.349999999999998                                0.3475086144111442
26.4                                              0.34656961973709605
26.45                                             0.3456082868343036
26.5                                              0.34462425418818565
26.55                                             0.3436176484854463
26.599999999999998                                0.3425891154126411
26.65                                             0.34153985307046464
26.7                                              0.3404716286151701
26.75                                             0.3393867774033342
26.8                                              0.3382881825900483
26.85                                             0.3371792332655931
26.9                                              0.3360637598118993
26.95                                             0.3349459457318246
27                                                0.3338302159432225
27.05                                             0.3327211024154486
27.1                                              0.3316230890405208
27.15                                             0.33054043877339084
27.2                                              0.3294770073078889
27.25                                             0.32843604883695965
27.3                                              0.3274200207245248
27.35                                             0.32643039512000616
27.400000000000002                                0.3254674865835208
27.45                                             0.32453030556311174
27.5                                              0.32361644796904687
27.55                                             0.32272203102038255
27.6                                              0.32184168490495313
27.65                                             0.32096860852433334
27.7                                              0.320094695666932
27.749999999999996                                0.3192107353743341
27.8                                              0.3183066870934274
27.849999999999998                                0.31737202754262905
27.900000000000002                                0.31639616222660943
27.95                                             0.3153688904005053
28                                                0.31428090821864174
28.049999999999997                                0.3131243309997873
28.1                                              0.31189321217685206
28.15                                             0.31058403374889665
28.200000000000003                                0.3091961411114484
28.25                                             0.3077320940236841
28.3                                              0.3061979051426593
28.349999999999998                                0.30460313820856616
28.400000000000002                                0.3029608397824683
28.45                                             0.30128728153296536
28.500000000000004                                0.29960149466741465
28.549999999999997                                0.29792458459792753
28.6                                              0.2962788231701389
28.65                                             0.2946865279512407
28.700000000000003                                0.29316875219527144
28.75                                             0.2917438275132913
28.8                                              0.2904258231305708
28.849999999999998                                0.2892230081119922
28.899999999999995                                0.28813642561569347
28.95                                             0.2871587081513911
29.000000000000004                                0.2862732713455573
29.05                                             0.28545403039501127
29.099999999999998                                0.28466576934544624
29.15                                             0.28386525547763614
29.200000000000003                                0.2830031907786595
29.25                                             0.2820268121505129
29.299999999999997                                0.2808833964886516
29.35                                             0.2795241028024252
29.400000000000002                                0.27790820200230165
29.45                                             0.27600724796895426
29.499999999999996                                0.2738089809486445
29.55                                             0.2713205180212805
29.600000000000005                                0.2685705607422887
29.650000000000002                                0.26561031391422946
29.699999999999996                                0.2625128137094589
29.75                                             0.25937042309391495
29.800000000000004                                0.2562902725642033
29.85                                             0.25338747664663647
29.9                                              0.2507760514306987
29.95                                             0.24855763628689556
29.999999999999996                                0.2468084275780399
30.05                                             0.24556519639561486
30.099999999999998                                0.24481188031529272
30.150000000000002                                0.24446893023509067
30.2                                              0.24438817074677002
30.25                                             0.2443561044477197
30.299999999999997                                0.2441080287821179
30.35                                             0.24335382561036617
30.4                                              0.2418139275118818
30.450000000000003                                0.23926129548664093
30.5                                              0.23556313859997438
30.55                                             0.23071542643671528
30.599999999999998                                0.22486434082052814
30.650000000000002                                0.21831121203794876
30.7                                              0.21149999329867628
30.750000000000004                                0.20498751961384887
30.799999999999997                                0.19939563395882684
30.85                                             0.19534065671344047
30.9                                              0.1933312052227438
30.950000000000003                                0.19362466343231602
31                                                0.19604513160543904
31.05                                             0.19980432772079992
31.099999999999998                                0.20343331089345026
31.149999999999995                                0.204983364963902
31.2                                              0.20258485197418646
31.250000000000004                                0.19520272592625967
31.3                                              0.1831749673596392
31.349999999999998                                0.1682029149221271
31.4                                              0.15289132935164274
31.450000000000003                                0.14026835902831897
31.5                                              0.133630892890593
31.549999999999997                                0.13655315593835401
31.6                                              0.15142214183183386
31.650000000000002                                0.17191287199836336
31.7                                              0.1752014274318196
31.749999999999996                                0.15064790565202504
31.8                                              0.11933016810743675
31.850000000000005                                0.09723324812361463
31.900000000000002                                0.10240671249086093
31.949999999999996                                0.11330133342348152
32                                                0.09203337105193697
32.050000000000004                                0.0933853446861336
32.1                                              0.09994640790966904
32.15                                             0.10943619781380916
32.2                                              0.12100142161887759
32.25                                             0.13416202074049227
32.300000000000004                                0.14859201952885767
32.35                                             0.16404650515111
32.4                                              0.18032989624456186
32.449999999999996                                0.19727976193905009
32.5                                              0.21475766435967858
32.55                                             0.23264357278359768
32.6                                              0.25083224691153805
32.65                                             0.2692307703689832
32.7                                              0.2877567861803271
32.75                                             0.30633717611790623
32.800000000000004                                0.3249070293869184
32.85                                             0.3434088053512539
32.9                                              0.36179163025513045
32.949999999999996                                0.380010689439793
33                                                0.39802669003248903
33.05                                             0.415805377666988
33.1                                              0.4333170963321775
33.15                                             0.4505363840365794
33.2                                              0.4674415993164163
33.25                                             0.48401457512354007
33.300000000000004                                0.5002402976085749
33.35                                             0.5161066079467016
33.4                                              0.5316039257392406
33.45                                             0.5467249927637068
33.5                                              0.5614646359825006
33.55                                             0.5758195487955832
33.599999999999994                                0.5897880895708044
33.65                                             0.6033700965060433
33.7                                              0.6165667178989294
33.75                                             0.6293802569011275
33.8                                              0.6418140298374013
33.85                                             0.6538722371785533
33.900000000000006                                0.6655598463192796
33.95                                             0.6768824853338625
34                                                0.6878463468935574
34.05                                             0.6984581015511084
34.1                                              0.708724819648563
34.15                                             0.7186539011654474
34.199999999999996                                0.7282530128471788
34.25                                             0.7375300318435094
34.300000000000004                                0.7464929951323648
34.35                                             0.7551500546228
34.4                                              0.7635094375216727
34.45                                             0.7715794110435952
34.50000000000001                                 0.7793682510806962
34.550000000000004                                0.7868842147420322
34.6                                              0.7941355167207144
34.65                                             0.8011303068388582
34.7                                              0.8078766485485116
34.75                                             0.8143825067882371
34.8                                              0.8206557339583594
34.85                                             0.8267040561161499
34.900000000000006                                0.8325350619626781
34.95                                             0.8381561949346219
35                                                0.8435747459176781
35.050000000000004                                0.8487978442785541
35.1                                              0.8538324523485722
35.15                                             0.8586853731231905
35.199999999999996                                0.8633632060678473
35.24999999999999                                 0.8678724479612221
35.3                                              0.8722193143109487
35.35                                             0.8764099127341455
35.4                                              0.8804501504826454
35.449999999999996                                0.8843457540318551
35.5                                              0.8881022687755236
35.550000000000004                                0.8917250593388198
35.6                                              0.8952193102717512
35.65                                             0.8985900270694813
35.7                                              0.9018420374873551
35.75                                             0.9049799931241547
35.8                                              0.9080083712509405
35.849999999999994                                0.9109314768664105
35.9                                              0.9137534449615724
35.95                                             0.9164782429795751
36                                                0.9191096734585558
36.05                                             0.9216513768463237
36.1                                              0.9241068344773228
36.150000000000006                                0.926479371703308
36.2                                              0.9287721611693655
36.25                                             0.9309882262284624
36.3                                              0.9331304444868822
36.35                                             0.9352015514743905
36.4                                              0.9372041444322223
36.449999999999996                                0.9391406862125051
36.5                                              0.9410135092827315
36.550000000000004                                0.942824819828683
36.6                                              0.9445767019492827
36.65                                             0.9462711219363424
36.7                                              0.9479099326320959
36.75000000000001                                 0.9494948778568615
36.800000000000004                                0.9510275968985777
36.849999999999994                                0.9525096290557706
36.9                                              0.9539424182258437
36.95                                             0.9553273175313012
37                                                0.9566655939787593
37.05                                             0.9579584331458053
37.1                                              0.9592069438876801
37.150000000000006                                0.9604121630488122
37.2                                              0.9615750601587085
37.25                                             0.9626965420950637
37.300000000000004                                0.963777457705484
37.35                                             0.9648186023862967
37.4                                              0.9658207226169994
37.449999999999996                                0.966784520444239
37.49999999999999                                 0.9677106575456035
37.55                                             0.96859976078914
37.6                                              0.9694524232271836
37.65                                             0.9702692119550943
37.699999999999996                                0.9710506702298108
37.75                                             0.9717973224334698
37.800000000000004                                0.9725096766070378
37.85                                             0.9731882317603715
37.9                                              0.9738334664712586
37.95                                             0.9744458677316223
38                                                0.975025912449841
38.05                                             0.9755740788460802
38.099999999999994                                0.976090848138446
38.15                                             0.9765767069645811
38.2                                              0.9770321495954345
38.25                                             0.9774576800070693
38.3                                              0.9778538137783193
38.35                                             0.9782210797259846
38.400000000000006                                0.9785600213225892
38.45                                             0.9788711978984296
38.5                                              0.9791551856212598
38.55                                             0.9794125782486032
38.6                                              0.9796439876552294
38.65                                             0.9798500441467612
38.699999999999996                                0.9800313965559747
38.75                                             0.9801887121175262
38.800000000000004                                0.9803226761293803
38.85                                             0.9804339914090126
38.9                                              0.9805233775501778
38.95                                             0.9805915699865446
39.00000000000001                                 0.9806393188692499
39.050000000000004                                0.9806673877657089
39.099999999999994                                0.9806765521879564
39.15                                             0.9806675979609754
39.2                                              0.9806413194444197
39.25                                             0.9805985176226948
39.3                                              0.9805399980770125
39.35                                             0.9804665688502723
39.400000000000006                                0.9803790382147304
39.45                                             0.9802782123544876
39.5                                              0.9801648929774796
39.550000000000004                                0.980039874873349
39.6                                              0.9799039434349118
39.65                                             0.9797578721634211
39.699999999999996                                0.9796024201801761
39.75                                             0.9794383297610788
39.8                                              0.9792663238870613
39.85                                             0.9790871037875107
39.9                                              0.9789013464995189
39.949999999999996                                0.9787097025240121
40                                                0.9785127936246013
40.050000000000004                                0.9783112107501045
40.1                                              0.9781055120641514
40.15                                             0.9778962210972671
40.2                                              0.9776838250457233
40.25                                             0.977468773204344
40.3                                              0.9772514754238248
40.349999999999994                                0.977032300566489
40.4                                              0.9768115754730802
40.45                                             0.9765895845992549
40.5                                              0.9763665694926952
40.55                                             0.9761427280933077
40.6                                              0.9759182143149162
40.650000000000006                                0.9756931379596677
40.7                                              0.9754675651287862
40.75                                             0.9752415198179426
40.8                                              0.9750149839885964
40.85                                             0.974787895005459
40.9                                              0.9745601494001367
40.949999999999996                                0.9743316053944105
41                                                0.974102083503829
41.050000000000004                                0.9738713674099022
41.1                                              0.973639206768847
41.15                                             0.9734053219951295
41.2                                              0.9731693997887657
41.25000000000001                                 0.9729310992523715
41.300000000000004                                0.9726900616739802
41.349999999999994                                0.9724458972553924
41.4                                              0.9721982039048964
41.45                                             0.971946552973479
41.5                                              0.9716905182772243
41.55                                             0.9714296549897016
41.6                                              0.9711635136085496
41.650000000000006                                0.9708916418091054
41.7                                              0.9706135877789422
41.75                                             0.9703289036198183
41.800000000000004                                0.9700371487553473
41.85                                             0.9697378933194456
41.9                                              0.9694307215047476
41.949999999999996                                0.9691152348511718
42                                                0.9687910554549747
42.050000000000004                                0.968457829079119
42.1                                              0.9681152281459342
42.15                                             0.9677629545937588
42.199999999999996                                0.9674007425793822
42.25                                             0.9670283610089936
42.300000000000004                                0.9666456158809222
42.35                                             0.9662523524242812
42.4                                              0.9658484570186633
42.45                                             0.9654338588810207
42.5                                              0.9650085315070736
42.55                                             0.9645724938557851
42.599999999999994                                0.9641258112667938
42.65                                             0.9636685961021367
42.7                                              0.9632010081049924
42.75                                             0.9627232544698265
42.8                                              0.9622355896198035
42.85                                             0.9617383146891783
42.900000000000006                                0.9612317767098318
42.95                                             0.9607163675030997
43                                                0.9601925222796486
43.05                                             0.9596607179520356
43.1                                              0.9591214711662218
43.15                                             0.9585753360601761
43.199999999999996                                0.9580229017593099
43.25                                             0.9574647896200664
43.300000000000004                                0.9569016502348057
43.35                                             0.9563341602126284
43.4                                              0.9557630187528048
43.45                                             0.9551889440292557
43.50000000000001                                 0.9546126694058927
43.550000000000004                                0.9540349395034767
43.599999999999994                                0.9534565061389573
43.65                                             0.9528781241590162
43.7                                              0.9523005471905156
43.75                                             0.9517245233318884
43.8                                              0.9511507908081404
43.85                                             0.9505800735834159
43.900000000000006                                0.9500130818603542
43.95                                             0.9494504851755898
44                                                0.9488929487324197
44.050000000000004                                0.9483411010226178
44.1                                              0.9477955250641005
44.15                                             0.9472567715381809
44.199999999999996                                0.9467253485704696
44.25                                             0.9462017179396383
44.300000000000004                                0.9456862935068882
44.35                                             0.9451794321770071
44.4                                              0.944681439926264
44.449999999999996                                0.944192563968852
44.5                                              0.9437129917641511
44.550000000000004                                0.9432428492588304
44.6                                              0.9427821994060182
44.65                                             0.9423310410356359
44.7                                              0.9418893080907336
44.75                                             0.9414568692385442
44.8                                              0.9410335278637246
44.849999999999994                                0.9406190224512538
44.9                                              0.9402130273634137
44.95                                             0.9398151540129892
45                                                0.939424952432835
45.05                                             0.9390419132362582
45.1                                              0.9386654699567687
45.150000000000006                                0.938295001761836
45.2                                              0.937929836539354
45.25                                             0.9375692543410213
45.3                                              0.9372124911621289
45.35                                             0.936858743041477
45.4                                              0.9365071704634896
45.449999999999996                                0.9361569030415254
45.5                                              0.9358070444580036
45.550000000000004                                0.9354566776348342
45.6                                              0.9351048701048045
45.65                                             0.9347506795529146
45.7                                              0.9343931594959087
45.75000000000001                                 0.9340313650690859
45.800000000000004                                0.933664358889454
45.849999999999994                                0.9332912169639804
45.9                                              0.9329110346078032
45.95                                             0.9325229323335049
46                                                0.9321260616707446
46.05                                             0.9317196108767534
46.1                                              0.9313028105007397
46.150000000000006                                0.930874938766554
46.2                                              0.9304353267396602
46.25                                             0.9299833632466356
46.300000000000004                                0.929518499519829
46.35                                             0.9290402535422237
46.4                                              0.9285482140587782
46.449999999999996                                0.9280420441954679
46.5                                              0.9275214846157099
46.550000000000004                                0.9269863561928335
46.6                                              0.9264365622410127
46.65                                             0.9258720903294879
46.7                                              0.9252930136419889
46.75000000000001                                 0.9246994918287528
46.800000000000004                                0.9240917713287414
46.85                                             0.9234701851668347
46.9                                              0.9228351522362014
46.95                                             0.9221871760277139
47                                                0.9215268426219249
47.05                                             0.9208548177683933
47.099999999999994                                0.9201718436079213
47.15                                             0.9194787357808049
47.2                                              0.9187763801014961
47.25                                             0.9180657280122938
47.3                                              0.917347791316911
47.35                                             0.9166236366141458
47.400000000000006                                0.9158943794344834
47.45                                             0.9151611780354149
47.5                                              0.9144252268604754
47.55                                             0.9136877495533398
47.6                                              0.9129499915820133
47.65                                             0.9122132129020585
47.699999999999996                                0.9114786802860042
47.75                                             0.9107476591713627
47.800000000000004                                0.9100214046155052
47.85                                             0.9093011516793642
47.9                                              0.9085881287191282
47.95                                             0.9078835209903124
48.00000000000001                                 0.9071884557385494
48.050000000000004                                0.9065040236080391
48.099999999999994                                0.9058312433719155
48.15                                             0.9051711482215935
48.2                                              0.9045245764223638
48.25                                             0.9038923690153977
48.3                                              0.9032752595360181
48.35                                             0.9026738999047488
48.400000000000006                                0.9020888412825433
48.45                                             0.9015205348792471
48.5                                              0.9009693270743397
48.550000000000004                                0.9004354556761115
48.6                                              0.8999190468598472
48.65                                             0.8994201127950598
48.699999999999996                                0.8989385499873074
48.74999999999999                                 0.8984741383576625
48.800000000000004                                0.8980265410789027
48.85                                             0.8975953051821807
48.9                                              0.8971798629430529
48.949999999999996                                0.8967795340501935
49.00000000000001                                 0.8963935285548508
49.050000000000004                                0.896020950593583
49.1                                              0.895660802870953
49.15                                             0.8953119918838166
49.2                                              0.8949733338624428
49.25                                             0.8946435613991394
49.3                                              0.8943213307289898
49.349999999999994                                0.894005229622777
49.400000000000006                                0.8936937858471097
49.45                                             0.8933854761421215
49.5                                              0.8930787356632032
49.55                                             0.8927719678289666
49.60000000000001                                 0.8924635545142939
49.650000000000006                                0.8921518665243384
49.7                                              0.8918352742824115
49.75                                             0.8915121586625141
49.800000000000004                                0.8911809218955236
49.85                                             0.8908399984766319
49.9                                              0.8904878660006277
49.949999999999996                                0.8901230558514082
50.00000000000001                                 0.889744163671818
