20                                                0.44697457440944854
20.05                                             0.4466264714714888
20.1                                              0.44627788306501426
20.15                                             0.44592882102654224
20.2                                              0.44557929324260637
20.25                                             0.44522930330062627
20.3                                              0.44487885014982487
20.35                                             0.4445279277758258
20.4                                              0.4441765248868985
20.45                                             0.44382462460408784
20.5                                              0.4434722041529188
20.55                                             0.44311923457024077
20.6                                              0.44276568044931947
20.650000000000002                                0.4424114997369364
20.7                                              0.4420566435813637
20.75                                             0.4417010562502507
20.8                                              0.441344674258415
20.85                                             0.4409874285334422
20.900000000000002                                0.44062924104733214
20.95                                             0.440270029383532
21                                                0.43990970403805935
21.05                                             0.4395481739470563
21.099999999999998                                0.439185308835823
21.150000000000002                                0.4388210343615465
21.2                                              0.43845522186029456
21.249999999999996                                0.4380877526408866
21.299999999999997                                0.4377185035577255
21.349999999999998                                0.4373473477624792
21.4                                              0.4369741555278103
21.45                                             0.4365987950259796
21.5                                              0.4362211331688185
21.549999999999997                                0.4358410365133176
21.599999999999998                                0.43545837220267886
21.65                                             0.4350730089371446
21.7                                              0.4346848179611729
21.75                                             0.43429367406879854
21.799999999999997                                0.4338994566215253
21.849999999999998                                0.4335020505444388
21.9                                              0.433101347285889
21.95                                             0.43269724573260804
22                                                0.4322896530633946
22.05                                             0.43187848552376573
22.099999999999998                                0.4314636691051436
22.15                                             0.43104514010989614
22.2                                              0.4306228455823029
22.25                                             0.4301967435848753
22.3                                              0.42976680330405714
22.35                                             0.4293330049746136
22.4                                              0.42889533961281606
22.45                                             0.42845380854623016
22.5                                              0.4280084227283558
22.55                                             0.42755920183022483
22.6                                              0.4271061731040273
22.65                                             0.4266493700117845
22.7                                              0.42618883061239654
22.75                                             0.4257245957231849
22.8                                              0.42525670690546047
22.85                                             0.42478520429726835
22.900000000000002                                0.42431012426915793
22.95                                             0.4238314969153378
23                                                0.42334934343357605
23.05                                             0.42286367344389975
23.1                                              0.4223744822907685
23.150000000000002                                0.4218817483800574
23.2                                              0.4213854306005857
23.25                                             0.4208854658638709
23.3                                              0.4203817668376395
23.349999999999998                                0.41987421995735463
23.400000000000002                                0.4193626837631807
23.45                                             0.41884698763215467
23.5                                              0.4183269310032623
23.549999999999997                                0.41780228300932737
23.6                                              0.41727278264394807
23.65                                             0.4167381399688289
23.700000000000003                                0.41619803895810387
23.75                                             0.4156521301861114
23.799999999999997                                0.41510005202899497
23.849999999999998                                0.4145414234197463
23.9                                              0.4139758438589127
23.95                                             0.4134029058300632
24                                                0.41282220177361334
24.049999999999997                                0.41223332719627237
24.099999999999998                                0.41163588025958614
24.15                                             0.4110294879911971
24.2                                              0.4104137988070343
24.25                                             0.40978849626367553
24.3                                              0.40915330674103645
24.349999999999998                                0.40850800758161776
24.4                                              0.407852434995746
24.45                                             0.407186491499622
24.5                                              0.40651015266670937
24.55                                             0.40582347296815674
24.6                                              0.40512659047533994
24.65                                             0.4044197301998413
24.7                                              0.4037032058517185
24.75                                             0.40297741980860474
24.8                                              0.4022428611044768
24.85                                             0.4015001012722171
24.9                                              0.40074978790546684
24.95                                             0.39999263584596856
25                                                0.3992294159492203
25.05                                             0.39846094143785166
25.1                                              0.39768805191399076
25.150000000000002                                0.39691159517174934
25.2                                              0.3961324070270972
25.25                                             0.3953512894618777
25.3                                              0.3945689874625886
25.35                                             0.39378616501846303
25.400000000000002                                0.3930033808258741
25.45                                             0.3922210643243237
25.5                                              0.39143949275965934
25.55                                             0.390658770030035
25.599999999999998                                0.38987880811479586
25.650000000000002                                0.3890993119124773
25.7                                              0.38831976831298076
25.75                                             0.3875394402985392
25.799999999999997                                0.38675736681115314
25.85                                             0.38597236904369486
25.9                                              0.385183063706971
25.950000000000003                                0.3843878836865517
26                                                0.38358510634068305
26.05                                             0.38277288944938237
26.099999999999998                                0.38194931518882397
26.15                                             0.3811124378299804
26.2                                              0.3802603370332813
26.25                                             0.3793911868335688
26.299999999999997                                0.3785033159406505
26.349999999999998                                0.37759527266692905
26.4                                              0.3766658990590361
26.45                                             0.37571439716226307
26.5                                              0.3747403650496776
26.55                                             0.3737438816462268
26.599999999999998                                0.3727255373218924
26.65                                             0.3716864684234047
26.7                                              0.37062837568763624
26.75                                             0.36955352580469913
26.8                                              0.36846473370276867
26.85                                             0.3673653237182651
26.9                                              0.36625906828267596
26.95                                             0.3651501032318394
27                                                0.3640428195926877
27.05                                             0.362941732555945
27.1                                              0.361851329332348
27.15                                             0.36077589875566024
27.2                                              0.3597193467194262
27.25                                             0.35868500280356036
27.3                                              0.35767542475460373
27.35                                             0.35669220871876767
27.400000000000002                                0.3557358142015855
27.45                                             0.3548054135456008
27.5                                              0.3538987761735115
27.55                                             0.35301219783012133
27.6                                              0.35214048447953744
27.65                                             0.35127699930794837
27.7                                              0.35041377941500196
27.749999999999996                                0.3495417262571937
27.8                                              0.34865087079886986
27.849999999999998                                0.3477307107346224
27.900000000000002                                0.3467706132286087
27.95                                             0.34576027255555253
28                                                0.3446902080305751
28.049999999999997                                0.34355228387012043
28.1                                              0.3423402293000867
28.15                                             0.34105013445327886
28.200000000000003                                0.33968089553026265
28.25                                             0.33823458140836676
28.3                                              0.33671669334235516
28.349999999999998                                0.33513628969784004
28.400000000000002                                0.3335059489827522
28.45                                             0.3318415469903983
28.500000000000004                                0.3301618279244046
28.549999999999997                                0.32848775532101
28.6                                              0.32684163696617885
28.65                                             0.3252460297478668
28.700000000000003                                0.3237224453606016
28.75                                             0.32228989584313417
28.8                                              0.32096333979653846
28.849999999999998                                0.31975211407677423
28.899999999999995                                0.31865845949276245
28.95                                             0.31767626917404157
29.000000000000004                                0.3167902029051824
29.05                                             0.315975314420426
29.099999999999998                                0.3151973228168792
29.15                                             0.3144136219424906
29.200000000000003                                0.31357511844525576
29.25                                             0.3126288530382412
29.299999999999997                                0.3115212693564926
29.35                                             0.31020212700173766
29.400000000000002                                0.30862869636443935
29.45                                             0.3067699365038031
29.499999999999996                                0.3046105121464202
29.55                                             0.3021541182995246
29.600000000000005                                0.2994259266386494
29.650000000000002                                0.2964738050097434
29.699999999999996                                0.2933680223530118
29.75                                             0.2901991675654128
29.800000000000004                                0.28707402274765614
29.85                                             0.2841091652732072
29.9                                              0.2814221537348175
29.95                                             0.2791203241405744
29.999999999999996                                0.27728753395235894
30.05                                             0.27596967996514593
30.099999999999998                                0.27516047653856507
30.150000000000002                                0.27478972644022276
30.2                                              0.27471694625995846
30.25                                             0.27473341148647445
30.299999999999997                                0.2745751224141912
30.35                                             0.27394765621736167
30.4                                              0.27256149377726785
30.450000000000003                                0.2701737662555864
30.5                                              0.26663034581921297
30.55                                             0.26190162330719813
30.599999999999998                                0.2561064386691817
30.650000000000002                                0.2495209115664305
30.7                                              0.2425711524889033
30.750000000000004                                0.2358096359239313
30.799999999999997                                0.2298733876504867
30.85                                             0.22541798276641964
30.9                                              0.2230162512911799
30.950000000000003                                0.22300939184713559
31                                                0.2253110915571046
31.05                                             0.2292061544024634
31.099999999999998                                0.2332556804850562
31.149999999999995                                0.23547454139685317
31.2                                              0.23387673797692146
31.250000000000004                                0.22723343950579883
31.3                                              0.21564001627612692
31.349999999999998                                0.20056733509997463
31.4                                              0.1844806916297398
31.450000000000003                                0.17043367864827583
31.5                                              0.16199192239448293
31.549999999999997                                0.16337466504906498
31.6                                              0.17813279613950947
31.650000000000002                                0.2011414750529116
31.7                                              0.20874724319011229
31.749999999999996                                0.18660879337721722
31.8                                              0.15361100839530303
31.850000000000005                                0.12660772933307854
31.900000000000002                                0.12341126381839979
31.949999999999996                                0.14897034273921422
32                                                0.11810658972928416
32.050000000000004                                0.11471346307165607
32.1                                              0.11783600015064251
32.15                                             0.1245832634024496
32.2                                              0.13390028376014804
32.25                                             0.14520883941136709
32.300000000000004                                0.15812205989986483
32.35                                             0.1723509249066505
32.4                                              0.18766460630060358
32.449999999999996                                0.20387072740563028
32.5                                              0.22080444208703473
32.55                                             0.23832191778102219
32.6                                              0.25629620563344496
32.65                                             0.27461448139293776
32.7                                              0.2931761070519575
32.75                                             0.31189119970096213
32.800000000000004                                0.3306795220465724
32.85                                             0.34946958176013204
32.9                                              0.3681978697829926
32.949999999999996                                0.38680819386828363
33                                                0.4052510799041164
33.05                                             0.42348322380821385
33.1                                              0.44146698329000406
33.15                                             0.4591699028958786
33.2                                              0.4765642683475114
33.25                                             0.49362668776228774
33.300000000000004                                0.5103376982926325
33.35                                             0.526681397253588
33.4                                              0.5426450970542606
33.45                                             0.5582190033384191
33.5                                              0.57339591573028
33.55                                             0.5881709505234474
33.599999999999994                                0.6025412845727238
33.65                                             0.6165059195597064
33.7                                              0.6300654657292226
33.75                                             0.6432219441407175
33.8                                              0.6559786064497869
33.85                                             0.6683397711747602
33.900000000000006                                0.6803106753617343
33.95                                             0.6918973405775557
34                                                0.7031064522111364
34.05                                             0.7139452510867608
34.1                                              0.7244214364110769
34.15                                             0.734543079115607
34.199999999999996                                0.744318544695176
34.25                                             0.7537564246913181
34.300000000000004                                0.7628654760409421
34.35                                             0.7716545675838813
34.4                                              0.7801326330158057
34.45                                             0.7883086296295303
34.50000000000001                                 0.7961915022827449
34.550000000000004                                0.8037901520734952
34.6                                              0.8111134092400454
34.65                                             0.8181700096648797
34.7                                              0.8249685746867834
34.75                                             0.8315175943100925
34.8                                              0.8378254126739687
34.85                                             0.843900215539788
34.900000000000006                                0.8497500197352917
34.95                                             0.8553826733490455
35                                                0.8608058329604997
35.050000000000004                                0.8660269672339711
35.1                                              0.8710533470306713
35.15                                             0.8758920932106204
35.199999999999996                                0.8805500454874757
35.24999999999999                                 0.8850339424430557
35.3                                              0.8893502394565299
35.35                                             0.8935052459493517
35.4                                              0.8975050601877479
35.449999999999996                                0.9013555851623111
35.5                                              0.9050625301307001
35.550000000000004                                0.9086314126681343
35.6                                              0.9120675610401543
35.65                                             0.9153761168409024
35.7                                              0.918562037859009
35.75                                             0.9216301011379731
35.8                                              0.9245849062034798
35.849999999999994                                0.9274308784342452
35.9                                              0.9301722725555887
35.95                                             0.9328131762382336
36                                                0.9353575137882724
36.05                                             0.9378090499151893
36.1                                              0.9401713935673728
36.150000000000006                                0.9424480018260092
36.2                                              0.9446421838488308
36.25                                             0.9467571048570944
36.3                                              0.9487957901587868
36.35                                             0.9507611292028659
36.4                                              0.9526558796589947
36.449999999999996                                0.9544826715178037
36.5                                              0.956244011207688
36.550000000000004                                0.9579422857232468
36.6                                              0.9595797667618441
36.65                                             0.9611586148635816
36.7                                              0.9626808835506941
36.75000000000001                                 0.9641485234615572
36.800000000000004                                0.9655633864744403
36.849999999999994                                0.9669272298157942
36.9                                              0.9682417201494351
36.95                                             0.9695084376444016
37                                                0.9707288800227438
37.05                                             0.9719044665887113
37.1                                              0.9730365422356374
37.150000000000006                                0.9741263814163774
37.2                                              0.9751751920572242
37.25                                             0.9761841194011269
37.300000000000004                                0.977154249779544
37.35                                             0.9780866143218007
37.4                                              0.9789821926126546
37.449999999999996                                0.9798419163161141
37.49999999999999                                 0.9806666704405911
37.55                                             0.9814573061645092
37.6                                              0.9822146233313332
37.65                                             0.982939401880428
37.699999999999996                                0.9836323772112954
37.75                                             0.9842942649183175
37.800000000000004                                0.9849257525861768
37.85                                             0.9855275126048793
37.9                                              0.9861001707045939
37.95                                             0.9866443665577237
38                                                0.987160707883194
38.05                                             0.9876497915212807
38.099999999999994                                0.9881122033689874
38.15                                             0.9885485201626087
38.2                                              0.9889593108046393
38.25                                             0.9893451381575907
38.3                                              0.9897065607482761
38.35                                             0.990044133982056
38.400000000000006                                0.9903584112665517
38.45                                             0.9906499450282704
38.5                                              0.9909192875829399
38.55                                             0.9911669918306424
38.6                                              0.9913936117751514
38.65                                             0.9915997029391508
38.699999999999996                                0.9917858226714681
38.75                                             0.991952530284349
38.800000000000004                                0.9921003870342222
38.85                                             0.992229955973562
38.9                                              0.9923418016812964
38.95                                             0.9924364898743119
39.00000000000001                                 0.9925145869032982
39.050000000000004                                0.9925766591365804
39.099999999999994                                0.9926232722379927
39.15                                             0.9926549903496653
39.2                                              0.9926723751926106
39.25                                             0.9926759850955521
39.3                                              0.9926663739598817
39.35                                             0.9926440901670877
39.400000000000006                                0.9926096754344901
39.45                                             0.9925636636268752
39.5                                              0.9925065795339851
39.550000000000004                                0.9924389376249115
39.6                                              0.9923612407907236
39.65                                             0.9922739790875812
39.699999999999996                                0.9921776284949675
39.75                                             0.9920726497039752
39.8                                              0.9919594869402406
39.85                                             0.9918385668092314
39.9                                              0.9917102971605674
39.949999999999996                                0.9915750660035983
40                                                0.991433240510669
40.050000000000004                                0.9912851661142703
40.1                                              0.991131165691588
40.15                                             0.9909715388386868
40.2                                              0.9908065612409326
40.25                                             0.9906364841269191
40.3                                              0.9904615337542505
40.349999999999994                                0.9902819109547724
40.4                                              0.9900977910025041
40.45                                             0.9899093237796088
40.5                                              0.9897166338394372
40.55                                             0.9895198204370395
40.6                                              0.9893189577344159
40.650000000000006                                0.9891140952055226
40.7                                              0.9889052585475325
40.75                                             0.9886924517707851
40.8                                              0.9884756567280937
40.85                                             0.988254830372032
40.9                                              0.9880299094972286
40.949999999999996                                0.9878008129692515
41                                                0.9875674418128348
41.050000000000004                                0.9873296803559232
41.1                                              0.987087400772888
41.15                                             0.9868404586183042
41.2                                              0.9865886969945368
41.25000000000001                                 0.986331949387141
41.300000000000004                                0.9860700483096533
41.349999999999994                                0.9858028128229417
41.4                                              0.9855300600989252
41.45                                             0.9852515966539678
41.5                                              0.9849672453488735
41.55                                             0.9846768208777636
41.6                                              0.984380143682381
41.650000000000006                                0.9840770403442199
41.7                                              0.9837673455392253
41.75                                             0.9834509040149764
41.800000000000004                                0.983127572531269
41.85                                             0.9827972217456358
41.9                                              0.9824597380300918
41.949999999999996                                0.9821150252066365
42                                                0.9817630061894292
42.050000000000004                                0.9814036245223572
42.1                                              0.9810368458008968
42.15                                             0.9806626589679385
42.199999999999996                                0.9802810774735873
42.25                                             0.9798921402896588
42.300000000000004                                0.9794959127701757
42.35                                             0.9790924873499696
42.4                                              0.9786819840745468
42.45                                             0.9782645509548659
42.5                                              0.9778403641420774
42.55                                             0.9774096279179768
42.599999999999994                                0.9769725744980754
42.65                                             0.9765294636452677
42.7                                              0.9760805820931269
42.75                                             0.9756262427790776
42.8                                              0.975166783888766
42.85                                             0.9747025677141581
42.900000000000006                                0.9742339793290491
42.95                                             0.9737614250869788
43                                                0.9732853309474093
43.05                                             0.9728061406376621
43.1                                              0.9723243136588033
43.15                                             0.9718403231449398
43.199999999999996                                0.9713546535865266
43.25                                             0.9708677984289652
43.300000000000004                                0.9703802575589947
43.35                                             0.9698925346922243
43.4                                              0.9694051346761398
43.45                                             0.9689185607241353
43.50000000000001                                 0.9684333115965208
43.550000000000004                                0.9679498787452048
43.599999999999994                                0.967468743438302
43.65                                             0.9669903738818717
43.7                                              0.966515222356052
43.75                                             0.9660437223850916
43.8                                              0.9655762859673206
43.85                                             0.9651133009591947
43.900000000000006                                0.9646551192821499
43.95                                             0.9642020966149226
44                                                0.963754506625495
44.050000000000004                                0.9633126333513706
44.1                                              0.9628766942449183
44.15                                             0.962446883791807
44.199999999999996                                0.9620233536595444
44.25                                             0.9616062136698269
44.300000000000004                                0.9611955322171849
44.35                                             0.960791330968878
44.4                                              0.9603935888744745
44.449999999999996                                0.9600022389990971
44.5                                              0.9596171685811725
44.550000000000004                                0.9592382190540057
44.6                                              0.9588651863574637
44.65                                             0.958497820962769
44.7                                              0.9581358284153028
44.75                                             0.9577788707699181
44.8                                              0.9574265678538101
44.849999999999994                                0.957078498712042
44.9                                              0.9567342033999177
44.95                                             0.9563931850730241
45                                                0.9560549123443748
45.05                                             0.9557188218637057
45.1                                              0.9553843210879787
45.150000000000006                                0.9550507913125876
45.2                                              0.9547175909909915
45.25                                             0.9543840592415663
45.3                                              0.954049519495145
45.35                                             0.9537132832953258
45.4                                              0.9533746542470073
45.449999999999996                                0.9530329320917572
45.5                                              0.9526874168843992
45.550000000000004                                0.9523374132437004
45.6                                              0.951982234649362
45.65                                             0.9516212077599372
45.7                                              0.9512536767320481
45.75000000000001                                 0.9508790075199298
45.800000000000004                                0.9504965921264678
45.849999999999994                                0.9501058527741362
45.9                                              0.9497062459677156
45.95                                             0.9492972664231825
46                                                0.948878450835827
46.05                                             0.9484493814607852
46.1                                              0.9480096894801577
46.150000000000006                                0.9475590581321747
46.2                                              0.9470972255799643
46.25                                             0.9466239874989808
46.300000000000004                                0.9461391993658979
46.35                                             0.9456427784339101
46.4                                              0.9451347053766201
46.449999999999996                                0.944615025571419
46.5                                              0.944083849986793
46.550000000000004                                0.9435413556614293
46.6                                              0.942987785793947
46.65                                             0.9424234494582143
46.7                                              0.941848720932686
46.75000000000001                                 0.9412640386242355
46.800000000000004                                0.940669903579041
46.85                                             0.9400668775833722
46.9                                              0.939455580854695
46.95                                             0.938836689300881
47                                                0.9382109313031938
47.05                                             0.9375790840858278
47.099999999999994                                0.9369419699511083
47.15                                             0.9363004523872465
47.2                                              0.9356554316296402
47.25                                             0.9350078396749921
47.3                                              0.9343586350390793
47.35                                             0.933708797335237
47.400000000000006                                0.933059321686393
47.45                                             0.9324112132642814
47.5                                              0.9317654824915866
47.55                                             0.9311231383748572
47.6                                              0.9304851785249293
47.65                                             0.929852585009453
47.699999999999996                                0.9292263204207168
47.75                                             0.9286073208072659
47.800000000000004                                0.927996488947979
47.85                                             0.9273946878369512
47.9                                              0.9268027323580068
47.95                                             0.9262213916139663
48.00000000000001                                 0.9256513754897869
48.050000000000004                                0.9250933303725546
48.099999999999994                                0.9245478322155619
48.15                                             0.9240154021805372
48.2                                              0.9234964618271285
48.25                                             0.9229913547235936
48.3                                              0.9225003672552674
48.35                                             0.9220236699920125
48.400000000000006                                0.9215613567057805
48.45                                             0.9211134285102806
48.5                                              0.9206797937381349
48.550000000000004                                0.9202602671645616
48.6                                              0.9198545697361276
48.65                                             0.9194623288836051
48.699999999999996                                0.9190830794391499
48.74999999999999                                 0.9187162651652615
48.800000000000004                                0.9183612408975749
48.85                                             0.918017275298565
48.9                                              0.9176835542148479
48.949999999999996                                0.9173591846265905
49.00000000000001                                 0.9170431991732833
49.050000000000004                                0.9167345612357969
49.1                                              0.9164321705504034
49.15                                             0.9161348693265945
49.2                                              0.9158414488361064
49.25                                             0.9155506564373913
49.3                                              0.9152612029958328
49.349999999999994                                0.9149717706569126
49.400000000000006                                0.9146810209266316
49.45                                             0.914387603010336
49.5                                              0.9140901623593117
49.55                                             0.9137873493717432
49.60000000000001                                 0.9134778281930747
49.650000000000006                                0.9131602855596244
49.7                                              0.912833439627666
49.75                                             0.9124960487297703
49.800000000000004                                0.9121469199998554
49.85                                             0.9117849178079936
49.9                                              0.9114089719466552
49.949999999999996                                0.9110180855106083
50.00000000000001                                 0.9106113424138398
