20                                                0.31333112860371876
20.05                                             0.31299536340853235
20.1                                              0.31265910241986666
20.15                                             0.31232236739986713
20.2                                              0.3119851769281895
20.25                                             0.31164754607459755
20.3                                              0.3113094860742463
20.35                                             0.31097100400668753
20.4                                              0.31063210247930767
20.45                                             0.31029277931795507
20.5                                              0.3099530272753404
20.55                                             0.3096128337697048
20.6                                              0.3092721806603921
20.650000000000002                                0.3089310440568428
20.7                                              0.30858939416077175
20.75                                             0.3082471951649824
20.8                                              0.30790440497568433
20.85                                             0.3075609760109273
20.900000000000002                                0.3072168531977099
20.95                                             0.30687197641810726
21                                                0.3065262793820476
21.05                                             0.3061796916649161
21.099999999999998                                0.30583212770388996
21.150000000000002                                0.30548351450512407
21.2                                              0.30513376008654053
21.249999999999996                                0.30478277231961287
21.299999999999997                                0.30443045509401345
21.349999999999998                                0.3040767089522542
21.4                                              0.30372143173616206
21.45                                             0.3033645192417051
21.5                                              0.3030058659854401
21.549999999999997                                0.3026453659952163
21.599999999999998                                0.3022829136315106
21.65                                             0.3019184044399339
21.7                                              0.3015517360345655
21.75                                             0.301182808992066
21.799999999999997                                0.3008115277349107
21.849999999999998                                0.3004378014096555
21.9                                              0.30006154474370206
21.95                                             0.29968267885994526
22                                                0.2993011320337215
22.05                                             0.29891684037764255
22.099999999999998                                0.2985297484405606
22.15                                             0.2981398097071315
22.2                                              0.29774698698143903
22.25                                             0.2973512526333457
22.3                                              0.2969525886903544
22.35                                             0.2965509867642158
22.4                                              0.2961464478045567
22.45                                             0.29573898166991874
22.5                                              0.29532860650668685
22.55                                             0.2949153479285469
22.6                                              0.29449923799303995
22.65                                             0.2940803139722056
22.7                                              0.2936586169120307
22.75                                             0.2932341899840111
22.8                                              0.29280707666260036
22.85                                             0.29237731876449197
22.900000000000002                                0.29194495434135576
22.95                                             0.2915100154300164
23                                                0.2910725257021955
23.05                                             0.2906324980590448
23.1                                              0.2901899322083279
23.150000000000002                                0.28974481225189397
23.2                                              0.289297104331481
23.25                                             0.28884675445061375
23.3                                              0.2883936864826046
23.349999999999998                                0.28793780035429195
23.400000000000002                                0.28747897051812665
23.45                                             0.28701704476309514
23.5                                              0.28655184346869617
23.549999999999997                                0.2860831596774105
23.6                                              0.2856107589575073
23.65                                             0.2851343798380732
23.700000000000003                                0.2846537340884568
23.75                                             0.28416851538632115
23.799999999999997                                0.2836783970605775
23.849999999999998                                0.2831830246912866
23.9                                              0.2826820407240837
23.95                                             0.2821750791097685
24                                                0.2816617622771473
24.049999999999997                                0.2811417240231795
24.099999999999998                                0.2806146061745406
24.15                                             0.2800800643509059
24.2                                              0.27953777830736354
24.25                                             0.27898745821313603
24.3                                              0.27842885221458963
24.349999999999998                                0.27786175377784206
24.4                                              0.2772860087531486
24.45                                             0.2767015219909252
24.5                                              0.2761082633290191
24.55                                             0.27550627275931555
24.6                                              0.2748956645679792
24.65                                             0.2742766302374747
24.7                                              0.273649439908562
24.75                                             0.2730144422170854
24.8                                              0.27237206234034606
24.85                                             0.27172279811128985
24.9                                              0.271067214087416
24.95                                             0.2704059334984871
25                                                0.26973962803970597
25.05                                             0.2690690055284109
25.1                                              0.2683947954989929
25.150000000000002                                0.2677177328737941
25.2                                              0.26703853991645526
25.25                                             0.266357906745244
25.3                                              0.2656764707592286
25.35                                             0.26499479540337156
25.400000000000002                                0.26431334877225604
25.45                                             0.26363248261821903
25.5                                              0.26295241239103
25.55                                             0.262273198985001
25.599999999999998                                0.2615947329061988
25.650000000000002                                0.26091672159201695
25.7                                              0.26023868061277394
25.75                                             0.2595599294558662
25.799999999999997                                0.2588795925357673
25.85                                             0.25819660599317
25.9                                              0.2575097307476665
25.950000000000003                                0.25681757214812184
26                                                0.256118606429584
26.05                                             0.25541121394949456
26.099999999999998                                0.2546937197976881
26.15                                             0.2539644347093974
26.2                                              0.2532217053602619
26.25                                             0.25246397189573955
26.299999999999997                                0.2516898306043506
26.349999999999998                                0.2508980822418564
26.4                                              0.25008781320248674
26.45                                             0.24925841311591213
26.5                                              0.24840965194581685
26.55                                             0.24754172482894723
26.599999999999998                                0.2466552818718436
26.65                                             0.24575145425457473
26.7                                              0.24483186544346047
26.75                                             0.24389862683327757
26.8                                              0.2429543159230821
26.85                                             0.2420019356878483
26.9                                              0.2410448541514958
26.95                                             0.24008672372200518
27                                                0.23913138054197014
27.05                                             0.23818272487118897
27.1                                              0.23724458442428079
27.15                                             0.23632056359623407
27.2                                              0.23541388250577078
27.25                                             0.2345272108513335
27.3                                              0.23366250263399593
27.35                                             0.2328208387590114
27.400000000000002                                0.23200228533335887
27.45                                             0.23120577605000417
27.5                                              0.23042902730542214
27.55                                             0.22966849454371877
27.6                                              0.2289193776888508
27.65                                             0.22817568237519054
27.7                                              0.22743034197295342
27.749999999999996                                0.22667540312044157
27.8                                              0.22590227467393265
27.849999999999998                                0.22510203676766696
27.900000000000002                                0.22426580316871683
27.95                                             0.2233851264749945
28                                                0.22245243212304588
28.049999999999997                                0.22146146384249824
28.1                                              0.2204077203013821
28.15                                             0.21928886040169968
28.200000000000003                                0.2181050531663914
28.25                                             0.21685924750938862
28.3                                              0.21555733745585845
28.349999999999998                                0.2142081996780048
28.400000000000002                                0.21282358263183965
28.45                                             0.21141783021742414
28.500000000000004                                0.2100074278772385
28.549999999999997                                0.20861036558623017
28.6                                              0.20724532063395887
28.65                                             0.20593067368848483
28.700000000000003                                0.20468338394254865
28.75                                             0.2035177638320129
28.8                                              0.20244421057145043
28.849999999999998                                0.20146796899933533
28.899999999999995                                0.20058801703909312
28.95                                             0.19979617818428064
29.000000000000004                                0.19907657298188572
29.05                                             0.19840552638239536
29.099999999999998                                0.1977520274455411
29.15                                             0.1970788352965276
29.200000000000003                                0.19634418670804993
29.25                                             0.19550422667251172
29.299999999999997                                0.19451597397146392
29.35                                             0.19334063983908517
29.400000000000002                                0.1919472110054041
29.45                                             0.19031589949191446
29.499999999999996                                0.18844128806248442
29.55                                             0.18633473851404647
29.600000000000005                                0.18402587561968686
29.650000000000002                                0.18156282942084456
29.699999999999996                                0.17901103834931525
29.75                                             0.1764504445987346
29.800000000000004                                0.17397097552863616
29.85                                             0.1716662736464242
29.9                                              0.16962573415764703
29.95                                             0.16792505664457819
29.999999999999996                                0.1666157456736733
30.05                                             0.16571432845986206
30.099999999999998                                0.16519249672244168
30.150000000000002                                0.16496987483125242
30.2                                              0.1649115399040426
30.25                                             0.1648325565042438
30.299999999999997                                0.16451137096328497
30.35                                             0.16371272185528846
30.4                                              0.16221876437576796
30.450000000000003                                0.15986474563379519
30.5                                              0.15657354486117406
30.55                                             0.1523825673037825
30.599999999999998                                0.14745737540524112
30.650000000000002                                0.14208882880355508
30.7                                              0.13667335797649882
30.750000000000004                                0.13167790482724284
30.799999999999997                                0.12759091159426078
30.85                                             0.12485833285989494
30.9                                              0.12380025843218748
30.950000000000003                                0.12450294862741652
31                                                0.1266900121646698
31.05                                             0.1296050986213703
31.099999999999998                                0.1319896502823044
31.149999999999995                                0.1322811981942194
31.2                                              0.1291036244397402
31.250000000000004                                0.12190501461121013
31.3                                              0.11136495372979524
31.349999999999998                                0.09926895866455211
31.4                                              0.08796885698650499
31.450000000000003                                0.07985886904813498
31.5                                              0.0771599262677825
31.549999999999997                                0.08180155908719167
31.6                                              0.09409422262866853
31.650000000000002                                0.10716539124931737
31.7                                              0.10332744842380129
31.749999999999996                                0.07974591659492379
31.8                                              0.05736714366012695
31.850000000000005                                0.047170913772671026
31.900000000000002                                0.06296612306140131
31.949999999999996                                0.051457797115430935
32                                                0.04862159180162274
32.050000000000004                                0.05628285124674833
32.1                                              0.0661362399756058
32.15                                             0.07729387763282419
32.2                                              0.08939253818583388
32.25                                             0.10220948396236246
32.300000000000004                                0.11558604367119743
32.35                                             0.12940021174112906
32.4                                              0.14355360986528873
32.449999999999996                                0.1579643190517529
32.5                                              0.17256258137097413
32.55                                             0.1872880571799634
32.6                                              0.20208798441088707
32.65                                             0.2169158877308133
32.7                                              0.23173063667411392
32.75                                             0.246495732909751
32.800000000000004                                0.26117875266550866
32.85                                             0.27575089732132146
32.9                                              0.2901866215087584
32.949999999999996                                0.30446331824460565
33                                                0.3185610471573073
33.05                                             0.33246229613022904
33.1                                              0.34615176952737636
33.15                                             0.35961619808543643
33.2                                              0.3728441668733891
33.25                                             0.38582595862885627
33.300000000000004                                0.39855341041836484
33.35                                             0.4110197820247193
33.4                                              0.4232196347921495
33.45                                             0.4351487199003347
33.5                                              0.44680387521037185
33.55                                             0.4581829299490709
33.599999999999994                                0.4692846165971602
33.65                                             0.4801084894184274
33.7                                              0.4906548491281875
33.75                                             0.5009246732374122
33.8                                              0.5109195516429826
33.85                                             0.5206416270732688
33.900000000000006                                0.530093540052747
33.95                                             0.5392783780516022
34                                                0.5481996284951229
34.05                                             0.5568611353326154
34.1                                              0.5652670588969794
34.15                                             0.573421838823851
34.199999999999996                                0.5813301598420679
34.25                                             0.5889969201659583
34.300000000000004                                0.5964272019867293
34.35                                             0.6036262440818857
34.4                                              0.6105994168179857
34.45                                             0.6173521990046035
34.50000000000001                                 0.6238901562979358
34.550000000000004                                0.630218921372288
34.6                                              0.6363441766605291
34.65                                             0.6422716366913795
34.7                                              0.6480070255876139
34.75                                             0.653556068179118
34.8                                              0.6589244781758673
34.85                                             0.6641179423974917
34.900000000000006                                0.6691421087178526
34.95                                             0.6740025740414279
35                                                0.6787048766891083
35.050000000000004                                0.6832544828335054
35.1                                              0.6876567795658035
35.15                                             0.6919170683530526
35.199999999999996                                0.696040540367638
35.24999999999999                                 0.7000323338681579
35.3                                              0.7038974025223198
35.35                                             0.7076406369044765
35.4                                              0.7112667918652766
35.449999999999996                                0.7147804959473797
35.5                                              0.7181862464835067
35.550000000000004                                0.7214884053131861
35.6                                              0.7246911949684831
35.65                                             0.7277986953052764
35.7                                              0.7308148405700716
35.75                                             0.7337434168958935
35.8                                              0.7365880602222535
35.849999999999994                                0.7393522546358227
35.9                                              0.7420393311270901
35.95                                             0.7446524667590074
36                                                0.7471946842434651
36.05                                             0.7496688519213344
36.1                                              0.7520776841420852
36.150000000000006                                0.754423742038638
36.2                                              0.7567094346922875
36.25                                             0.7589370206825191
36.3                                              0.7611086100152861
36.35                                             0.7632261664229031
36.4                                              0.765291510027437
36.449999999999996                                0.7673063203585306
36.5                                              0.769272139715881
36.550000000000004                                0.7711903768647904
36.6                                              0.773062311053235
36.65                                             0.7748890963367147
36.7                                              0.7766717661970148
36.75000000000001                                 0.7784112384397773
36.800000000000004                                0.7801083203544785
36.849999999999994                                0.7817637141189916
36.9                                              0.7833780224295921
36.95                                             0.7849517543346947
37                                                0.7864853312494695
37.05                                             0.7879790931293046
37.1                                              0.7894333047842246
37.150000000000006                                0.7908481623203296
37.2                                              0.792223799691776
37.25                                             0.7935602953373533
37.300000000000004                                0.7948576788664031
37.35                                             0.796115937759346
37.4                                              0.7973350240577329
37.449999999999996                                0.7985148610526354
37.49999999999999                                 0.799655348157194
37.55                                             0.8007563761470609
37.6                                              0.8018178186942668
37.65                                             0.8028395504913376
37.699999999999996                                0.8038214484201395
37.75                                             0.8047633979192466
37.800000000000004                                0.8056652999032591
37.85                                             0.8065270729827003
37.9                                              0.8073486797568112
37.95                                             0.8081300857619721
38                                                0.8088713105737106
38.05                                             0.8095724103120633
38.099999999999994                                0.8102334854859918
38.15                                             0.8108546850683184
38.2                                              0.8114362099250245
38.25                                             0.8119783158266661
38.3                                              0.8124813162798763
38.35                                             0.8129455848815524
38.400000000000006                                0.8133715572503724
38.45                                             0.8137597325625859
38.5                                              0.8141106746759367
38.55                                             0.8144250128139072
38.6                                              0.8147034418207233
38.65                                             0.8149467220391948
38.699999999999996                                0.8151556787767061
38.75                                             0.8153312013245576
38.800000000000004                                0.8154742415599907
38.85                                             0.8155858121505787
38.9                                              0.8156669843682836
38.95                                             0.8157188855213969
39.00000000000001                                 0.8157426960118934
39.050000000000004                                0.8157396460226126
39.099999999999994                                0.8157110118448252
39.15                                             0.8156581118775335
39.2                                              0.8155823023375298
39.25                                             0.8154849727047896
39.3                                              0.8153675409185225
39.35                                             0.815231448338314
39.400000000000006                                0.8150781544868458
39.45                                             0.8149091315973961
39.5                                              0.8147258589971521
39.550000000000004                                0.8145298173600163
39.6                                              0.8143224828618312
39.65                                             0.8141053212742225
39.699999999999996                                0.8138797820396644
39.75                                             0.8136472923756212
39.8                                              0.8134092514295733
39.85                                             0.8131670244509736
39.9                                              0.8129219369638774
39.949999999999996                                0.812675269046842
40                                                0.8124282498480255
40.050000000000004                                0.8121820523506883
40.1                                              0.8119377883617817
40.15                                             0.8116965037359946
40.2                                              0.8114591738734676
40.25                                             0.8112266995038614
40.3                                              0.8109999026817746
40.349999999999994                                0.8107795229695441
40.4                                              0.8105662142918564
40.45                                             0.8103605426420996
40.5                                              0.8101629838210086
40.55                                             0.8099739212392143
40.6                                              0.8097936442457431
40.650000000000006                                0.8096223469847688
40.7                                              0.809460128106022
40.75                                             0.8093069931248986
40.8                                              0.8091628546945611
40.85                                             0.8090275253165555
40.9                                              0.8089007239920495
40.949999999999996                                0.8087820812525732
41                                                0.8086711396343736
41.050000000000004                                0.8085673567448444
41.1                                              0.8084701065781714
41.15                                             0.8083786821288722
41.2                                              0.808292305073116
41.25000000000001                                 0.8082101211228175
41.300000000000004                                0.8081312236686651
41.349999999999994                                0.8080546536274619
41.4                                              0.8079793496755577
41.45                                             0.8079042563762742
41.5                                              0.8078282480813624
41.55                                             0.8077501727498536
41.6                                              0.8076688482498501
41.650000000000006                                0.8075830706856727
41.7                                              0.807491621590212
41.75                                             0.807393275166303
41.800000000000004                                0.8072868055996247
41.85                                             0.8071709944142669
41.9                                              0.8070446378345851
41.949999999999996                                0.8069065541144095
42                                                0.8067555907940298
42.050000000000004                                0.806590631845238
42.1                                              0.8064106046653614
42.15                                             0.8062144868810837
42.199999999999996                                0.8060013129237902
42.25                                             0.8057701803385414
42.300000000000004                                0.8055202557896207
42.35                                             0.8052507807270896
42.4                                              0.8049610766798477
42.45                                             0.8046505501427287
42.5                                              0.8043186970263924
42.55                                             0.8039651066415868
42.599999999999994                                0.8035894651907615
42.65                                             0.8031915587428679
42.7                                              0.8027712756696564
42.75                                             0.8023286085244242
42.8                                              0.8018636553469742
42.85                                             0.8013766203819958
42.900000000000006                                0.8008678142005453
42.95                                             0.8003376532182994
43                                                0.7997866586069764
43.05                                             0.7992154545993106
43.1                                              0.7986247661907795
43.15                                             0.7980154162452271
43.199999999999996                                0.7973883220146324
43.25                                             0.7967444910868912
43.300000000000004                                0.7960850167791738
43.35                                             0.7954110729986064
43.4                                              0.7947239085961323
43.45                                             0.7940248412430182
43.50000000000001                                 0.7933152508610003
43.550000000000004                                0.7925965726372249
43.599999999999994                                0.7918702896561057
43.65                                             0.7911379251833559
43.7                                              0.7904010346430431
43.75                                             0.7896611973321344
43.8                                              0.7889200079109884
43.85                                             0.788179067610717
43.900000000000006                                0.7874399902722944
43.95                                             0.7867043246371703
44                                                0.7859736746518262
44.050000000000004                                0.785249570156469
44.1                                              0.7845335145935076
44.15                                             0.7838269613750023
44.199999999999996                                0.7831313125793281
44.25                                             0.7824479071729503
44.300000000000004                                0.7817780181079922
44.35                                             0.7811228247624459
44.4                                              0.7804834362360077
44.449999999999996                                0.7798608626667943
44.5                                              0.779256015487564
44.550000000000004                                0.7786697011287388
44.6                                              0.7781026156078842
44.65                                             0.7775553395640502
44.7                                              0.7770283339876918
44.75                                             0.7765219367310253
44.8                                              0.7760363595517628
44.849999999999994                                0.7755716858288108
44.9                                              0.7751278690000974
44.95                                             0.7747047317275378
45                                                0.7743019657995247
45.05                                             0.7739191327780175
45.1                                              0.7735556653928868
45.150000000000006                                0.7732108696906965
45.2                                              0.7728839279405586
45.25                                             0.7725739022849936
45.3                                              0.7722797391223103
45.35                                             0.7720002742077908
45.4                                              0.7717342384561896
45.449999999999996                                0.7714802644227641
45.5                                              0.7712368934347414
45.550000000000004                                0.7710025833377241
45.6                                              0.7707757168146302
45.65                                             0.7705546102349269
45.7                                              0.7703375230013725
45.75000000000001                                 0.7701226673600899
45.800000000000004                                0.7699082186183844
45.849999999999994                                0.7696923257027781
45.9                                              0.7694731219945655
45.95                                             0.7692487363846473
46                                                0.7690173044878763
46.05                                             0.7687769799524166
46.1                                              0.7685259457982357
46.150000000000006                                0.7682624257165496
46.2                                              0.7679846952637002
46.25                                             0.7676910928842351
46.300000000000004                                0.7673800307027635
46.35                                             0.7670500050229475
46.4                                              0.7666996064547591
46.449999999999996                                0.76632752955352
46.5                                              0.7659325818548622
46.550000000000004                                0.7655136922839043
46.6                                              0.7650699189981415
46.65                                             0.7646004566455278
46.7                                              0.7641046429145488
46.75000000000001                                 0.7635819642648772
46.800000000000004                                0.763032060793565
46.85                                             0.7624547302239659
46.9                                              0.7618499310015984
46.95                                             0.7612177844282062
47                                                0.7605585756237776
47.05                                             0.7598727531428675
47.099999999999994                                0.7591609278744942
47.15                                             0.7584238719332537
47.2                                              0.7576625164082659
47.25                                             0.7568779472136232
47.3                                              0.7560713997936956
47.35                                             0.7552442530791477
47.400000000000006                                0.7543980226438842
47.45                                             0.7535343533113944
47.5                                              0.752655011885144
47.55                                             0.751761876876401
47.6                                              0.7508569229772422
47.65                                             0.7499422133299682
47.699999999999996                                0.7490198906645587
47.75                                             0.7480921631739293
47.800000000000004                                0.7471612905125667
47.85                                             0.7462295681913651
47.9                                              0.7452993203521204
47.95                                             0.7443728839718712
48.00000000000001                                 0.743452581099064
48.050000000000004                                0.7425407179573947
48.099999999999994                                0.7416395636320341
48.15                                             0.740751348701618
48.2                                              0.7398782308734896
48.25                                             0.739022245642271
48.3                                              0.738185450829616
48.35                                             0.7373696769747903
48.400000000000006                                0.736576686027512
48.45                                             0.7358080993438876
48.5                                              0.7350653913066842
48.550000000000004                                0.7343498783321514
48.6                                              0.7336627084260798
48.65                                             0.7330048516562301
48.699999999999996                                0.7323770916686184
48.74999999999999                                 0.7317800183357304
48.800000000000004                                0.7312140216119972
48.85                                             0.7306792866623547
48.9                                              0.7301757903204233
48.949999999999996                                0.7297032989244228
49.00000000000001                                 0.7292613675679954
49.050000000000004                                0.7288493407936069
49.1                                              0.7284663547451588
49.15                                             0.7281113407863712
49.2                                              0.7277830305792318
49.25                                             0.7274799626070627
49.3                                              0.7272004901138436
49.349999999999994                                0.7269427904215192
49.400000000000006                                0.7267048755750534
49.45                                             0.7264846042547772
49.5                                              0.7262796948851648
49.55                                             0.7260877398594535
49.60000000000001                                 0.7259062207901051
49.650000000000006                                0.725732524687418
49.7                                              0.7255639609600096
49.75                                             0.7253977791248517
49.800000000000004                                0.7252311871080181
49.85                                             0.7250613700126541
49.9                                              0.7248855092262557
49.949999999999996                                0.7247008017361177
50.00000000000001                                 0.7245044795198423
