25                                                0.25730147874396286
25.05                                             0.25718653576090744
25.1                                              0.2570709310437925
25.150000000000002                                0.25695470029425405
25.2                                              0.2568378801386148
25.25                                             0.25672050809614955
25.3                                              0.25660262254581445
25.35                                             0.25648426269129576
25.400000000000002                                0.25636546852402153
25.45                                             0.25624628078465417
25.5                                              0.2561267409229602
25.55                                             0.25600689105564894
25.6                                              0.2558867739230722
25.650000000000002                                0.2557664328437975
25.700000000000003                                0.2556459116679847
25.75                                             0.25552525472878074
25.8                                              0.2554045067926505
25.85                                             0.2552837130078466
25.900000000000002                                0.25516291885164094
25.950000000000003                                0.2550421700759737
26                                                0.2549215126520638
26.05                                             0.25480099271324885
26.099999999999998                                0.25468065649699073
26.150000000000002                                0.2545605502856802
26.2                                              0.2544407203462573
26.25                                             0.2543212128700139
26.299999999999997                                0.2542020739186951
26.349999999999998                                0.2540833497692625
26.4                                              0.25396508447807936
26.45                                             0.2538473249811592
26.5                                              0.2537301154912767
26.55                                             0.25361350040742653
26.599999999999998                                0.2534975235217982
26.65                                             0.2533822281242901
26.7                                              0.25326765680161223
26.75                                             0.25315385142820834
26.8                                              0.2530408532236402
26.85                                             0.2529287014827038
26.9                                              0.25281743461257217
26.95                                             0.25270709399685
27                                                0.2525977147047191
27.05                                             0.2524893328125011
27.1                                              0.25238198308855686
27.15                                             0.2522756989930241
27.2                                              0.2521705126045476
27.25                                             0.2520664545334315
27.3                                              0.2519635538824546
27.35                                             0.25186183821931163
27.400000000000002                                0.2517613335044873
27.45                                             0.2516620640087857
27.5                                              0.25156405224378914
27.55                                             0.2514673188998675
27.6                                              0.2513718827861582
27.650000000000002                                0.2512777607719207
27.7                                              0.2511849677286984
27.75                                             0.25109351647430145
27.8                                              0.2510034177187247
27.85                                             0.25091468001121753
27.900000000000002                                0.2508273096898826
27.950000000000003                                0.25074131083220114
28                                                0.2506566852076381
28.05                                             0.25057343223164863
28.1                                              0.25049154892204
28.150000000000002                                0.25041102985825453
28.200000000000003                                0.2503318671431797
28.25                                             0.2502540503683625
28.3                                              0.25017756658188944
28.349999999999998                                0.25010240025931074
28.400000000000002                                0.2500285332775317
28.45                                             0.24995594489170497
28.500000000000004                                0.2498846117155042
28.549999999999997                                0.24981450770414765
28.6                                              0.24974560414198296
28.65                                             0.24967786963219243
28.700000000000003                                0.2496112700913648
28.75                                             0.24954576874711304
28.8                                              0.249481326139645
28.849999999999998                                0.24941790012731196
28.900000000000002                                0.2493554458959984
28.95                                             0.2492939159728197
29.000000000000004                                0.24923326024390213
29.05                                             0.24917342597673342
29.1                                              0.24911435784671015
29.15                                             0.24905599796845035
29.200000000000003                                0.24899828593169773
29.25                                             0.24894115884206547
29.300000000000004                                0.24888455136653462
29.35                                             0.2488283957839533
29.400000000000002                                0.24877262204023026
29.45                                             0.24871715780814768
29.499999999999996                                0.2486619285520606
29.55                                             0.2486068575968727
29.600000000000005                                0.24855186620280575
29.650000000000002                                0.2484968736452902
29.699999999999996                                0.2484417973006214
29.75                                             0.2483865527368526
29.800000000000004                                0.24833105380974854
29.85                                             0.24827521276380604
29.9                                              0.24821894033840525
29.95                                             0.24816214587871568
29.999999999999996                                0.24810473745152847
30.05                                             0.24804662196576774
30.099999999999998                                0.24798770529837935
30.150000000000002                                0.24792789242659544
30.2                                              0.24786708756833156
30.25                                             0.24780519432879217
30.299999999999997                                0.24774211584456116
30.35                                             0.24767775491409688
30.4                                              0.24761201412491485
30.450000000000003                                0.24754479603096036
30.5                                              0.24747600336224365
30.55                                             0.24740553919325806
30.599999999999998                                0.24733330709898133
30.650000000000002                                0.2472592113515238
30.7                                              0.24718315643141475
30.750000000000004                                0.24710504796723617
30.799999999999997                                0.24702479606574101
30.85                                             0.24694230687250526
30.9                                              0.24685749093715395
30.950000000000003                                0.24677026026111187
31                                                0.2466805287456297
31.05                                             0.24658821240564374
31.099999999999998                                0.2464932293782044
31.150000000000002                                0.24639550048804318
31.2                                              0.24629494822518871
31.250000000000004                                0.24619150522108804
31.3                                              0.24608509148965202
31.35                                             0.24597564470402516
31.4                                              0.24586310055638586
31.450000000000003                                0.24574739871819892
31.5                                              0.24562848270332352
31.550000000000004                                0.245506299994235
31.6                                              0.24538080219777386
31.650000000000002                                0.24525194520141422
31.7                                              0.2451196893254062
31.749999999999996                                0.2449839994687343
31.8                                              0.24484484524785216
31.850000000000005                                0.2447022011278013
31.900000000000002                                0.24455604654417493
31.949999999999996                                0.24440636601647556
32                                                0.244253149251025
32.050000000000004                                0.24409639123382385
32.1                                              0.2439360923118337
32.15                                             0.24377225826332244
32.2                                              0.24360490035501972
32.25000000000001                                 0.24343403538722064
32.300000000000004                                0.24325968572538728
32.35                                             0.24308187931741365
32.4                                              0.24290064969760664
32.45                                             0.24271603597520552
32.5                                              0.24252808280804192
32.55                                             0.2423368403610741
32.6                                              0.2421423642487931
32.65                                             0.24194471546217095
32.7                                              0.24174396027927078
32.75                                             0.24154017015972962
32.800000000000004                                0.24133342162286972
32.85                                             0.24112379611015347
32.9                                              0.24091137983045866
32.949999999999996                                0.24069626359073362
33                                                0.2404785426096088
33.05                                             0.24025831631670186
33.1                                              0.24003568813637285
33.15                                             0.23981076525707873
33.2                                              0.2395836583869766
33.25                                             0.23935448149629726
33.300000000000004                                0.23912335154683587
33.35                                             0.23889038821066402
33.400000000000006                                0.23865571357713075
33.45                                             0.23841945185105942
33.5                                              0.23818172904157425
33.55                                             0.23794267264455188
33.6                                              0.23770241131782174
33.65                                             0.23746107455229573
33.7                                              0.23721879233962462
33.75                                             0.23697569483745717
33.8                                              0.23673191203501834
33.85                                             0.23648757341926047
33.900000000000006                                0.23624280764415878
33.95                                             0.2359977422041297
34                                                0.23575250311377366
34.05                                             0.2355072145953601
34.1                                              0.23526199877543083
34.15                                             0.23501697539314353
34.199999999999996                                0.2347722615205083
34.25                                             0.23452797129801403
34.300000000000004                                0.23428421568747157
34.35                                             0.23404110264424716
34.4                                              0.2337987348321433
34.45                                             0.23355721362196907
34.50000000000001                                 0.23331663471046388
34.550000000000004                                0.23307709006373445
34.6                                              0.23283866732813618
34.65                                             0.2326014498976181
34.7                                              0.2323655166687606
34.75                                             0.23213094205802084
34.8                                              0.2318977960413964
34.85                                             0.23166614451928597
34.9                                              0.23143604257906644
34.95                                             0.2312075555379547
35                                                0.23098073158745352
35.050000000000004                                0.2307556178754331
35.1                                              0.2305322580763775
35.15                                             0.2303106917243512
35.199999999999996                                0.23009095446400132
35.25                                             0.22987307822508737
35.3                                              0.22965709135692963
35.35                                             0.22944301882346457
35.4                                              0.22923088250003273
35.45                                             0.2290207014426286
35.5                                              0.22881249209524634
35.550000000000004                                0.2286062684967024
35.6                                              0.22840204250290927
35.650000000000006                                0.228199824014017
35.7                                              0.2279996211960926
35.75                                             0.22780144069232913
35.8                                              0.22760528782067876
35.85                                             0.22741116675274792
35.9                                              0.22721908067257132
35.95                                             0.22702903191035756
36                                                0.2268410220488881
36.050000000000004                                0.2266550519981478
36.1                                              0.22647112203488037
36.150000000000006                                0.22628923180468566
36.2                                              0.22610938028169283
36.25                                             0.22593156568564085
36.3                                              0.2257557853527683
36.35                                             0.2255820355595842
36.4                                              0.2254103112973935
36.449999999999996                                0.2252406059970328
36.5                                              0.2250729112022012
36.550000000000004                                0.22490721619146758
36.6                                              0.22474350754870873
36.65                                             0.2245817686829163
36.7                                              0.2244219792987883
36.75000000000001                                 0.22426411481928488
36.800000000000004                                0.22410814576436316
36.849999999999994                                0.2239540370871745
36.9                                              0.22380174747326448
36.95                                             0.22365122860701134
37                                                0.22350242441022908
37.05                                             0.2233552702601509
37.1                                              0.22320969219248524
37.150000000000006                                0.22306560609843967
37.2                                              0.22292291692309196
37.25                                             0.22278151787446523
37.300000000000004                                0.22264128965393393
37.35                                             0.22250209971625998
37.4                                              0.22236380157257488
37.449999999999996                                0.2222262341459626
37.5                                              0.22208922119188682
37.55                                             0.2219525707963033
37.6                                              0.22181607496276184
37.65                                             0.22167950930153954
37.7                                              0.22154263283293438
37.75                                             0.22140518791636302
37.800000000000004                                0.2212669003167159
37.85                                             0.22112747941929214
37.900000000000006                                0.22098661860273322
37.95                                             0.220843995781019
38                                                0.22069927412124402
38.05                                             0.22055210294638425
38.1                                              0.22040211882767577
38.15                                             0.2202489468713682
38.2                                              0.2200922022024286
38.25                                             0.2199314916442619
38.300000000000004                                0.21976641559396146
38.35                                             0.2195965700855507
38.400000000000006                                0.2194215490365757
38.45                                             0.21924094666376195
38.5                                              0.21905436006075657
38.55                                             0.21886139192656465
38.6                                              0.21866165343457902
38.65                                             0.2184547672160211
38.699999999999996                                0.21824037042520145
38.75                                             0.2180181178648467
38.800000000000004                                0.21778768514879548
38.85                                             0.21754877186979127
38.9                                              0.21730110474169365
38.95                                             0.21704444068955037
39.00000000000001                                 0.21677856987113167
39.050000000000004                                0.2165033186296326
39.099999999999994                                0.21621855231678616
39.15                                             0.21592417480524392
39.2                                              0.21562014079794195
39.25                                             0.21530644261278142
39.3                                              0.21498312314591958
39.35                                             0.21465027369727693
39.400000000000006                                0.2143080349855827
39.45                                             0.2139565976806748
39.5                                              0.21359620211287633
39.550000000000004                                0.21322713811065963
39.6                                              0.21284974510979368
39.65                                             0.21246440842404898
39.699999999999996                                0.21207153977806215
39.75                                             0.21167167083590258
39.800000000000004                                0.21126525448294045
39.85                                             0.21085285807335016
39.9                                              0.21043506011018046
39.95                                             0.21001246497510795
40.00000000000001                                 0.20958569744458022
40.050000000000004                                0.20915539661926652
40.1                                              0.20872220934912336
40.15                                             0.2082867831999889
40.2                                              0.20784975901534825
40.25                                             0.2074117631384682
40.3                                              0.2069733993682385
40.349999999999994                                0.20653524073657167
40.4                                              0.20609782120214618
40.45                                             0.2056616273701365
40.5                                              0.20522709035468487
40.55                                             0.20479457791160222
40.6                                              0.20436438697848816
40.650000000000006                                0.20393673676339838
40.7                                              0.20351176253100542
40.75                                             0.20308951023812302
40.8                                              0.2026699321677671
40.85                                             0.20225288371230007
40.9                                              0.2018381214479223
40.949999999999996                                0.20142530263384847
41                                                0.20101398625627082
41.050000000000004                                0.2006036357212273
41.1                                              0.2001936232780614
41.15                                             0.19978323623127314
41.2                                              0.19937168497137542
41.25000000000001                                 0.19895811282284862
41.300000000000004                                0.1985416076738288
41.349999999999994                                0.19812121531724142
41.4                                              0.19769595439565774
41.45                                             0.19726483280421991
41.5                                              0.19682686537050098
41.55                                             0.19638109259366884
41.6                                              0.19592660019297453
41.650000000000006                                0.19546253918466763
41.7                                              0.19498814618208954
41.75                                             0.19450276359027552
41.800000000000004                                0.19400585935047496
41.85                                             0.19349704587944716
41.9                                              0.1929760978410174
41.949999999999996                                0.19244296838735417
42                                                0.19189780351235533
42.050000000000004                                0.1913409541663897
42.1                                              0.19077298579846477
42.15                                             0.19019468500483316
42.2                                              0.18960706298646524
42.25000000000001                                 0.18901135553974385
42.300000000000004                                0.1884090193295971
42.35                                             0.187801724224859
42.400000000000006                                0.18719134150415415
42.45                                             0.18657992777645155
42.5                                              0.1859697044992718
42.55                                             0.1853630330184645
42.599999999999994                                0.18476238510762197
42.65                                             0.18417030904065468
42.7                                              0.1835893913015051
42.75                                             0.18302221411649866
42.8                                              0.182471309087978
42.85                                             0.18193910732179855
42.900000000000006                                0.18142788656429995
42.95                                             0.18093971600972655
43                                                0.18047639959710032
43.05                                             0.18003941878398405
43.1                                              0.17962987596309546
43.15                                             0.17924843985757827
43.199999999999996                                0.17889529322135966
43.25                                             0.17857009340041116
43.300000000000004                                0.17827192003962633
43.35                                             0.17799925867860658
43.4                                              0.17774997438099893
43.45                                             0.17752130619222892
43.50000000000001                                 0.17730987507541368
43.550000000000004                                0.1771117067246948
43.599999999999994                                0.1769222715819265
43.65                                             0.17673654249765522
43.7                                              0.17654907000800957
43.75                                             0.17635407497311278
43.8                                              0.17614555312648997
43.85                                             0.17591740616609605
43.900000000000006                                0.175663583862138
43.95                                             0.17537819767681
44                                                0.17505570174400487
44.050000000000004                                0.1746910334488348
44.1                                              0.17427976408053142
44.15                                             0.17381824259476406
44.199999999999996                                0.1733037289595915
44.25                                             0.17273451336461637
44.300000000000004                                0.17211001793051486
44.35                                             0.17143087801108928
44.4                                              0.17069900053383544
44.45                                             0.16991759726267808
44.50000000000001                                 0.169091191377679
44.550000000000004                                0.16822559610516194
44.6                                              0.16732786429054244
44.650000000000006                                0.1664062078439992
44.7                                              0.16546988591658288
44.75                                             0.16452906047749327
44.8                                              0.16359461773097525
44.849999999999994                                0.16267795359404438
44.9                                              0.16179072137368114
44.95                                             0.16094453995867
45                                                0.16015066143667328
45.05                                             0.1594195982335911
45.1                                              0.15876071182774348
45.150000000000006                                0.15818176796700734
45.2                                              0.15768846722554686
45.25                                             0.15728396466812142
45.3                                              0.15696839821314237
45.35                                             0.15673845162244548
45.4                                              0.1565869843003402
45.449999999999996                                0.15650276534587051
45.5                                              0.15647035245453852
45.550000000000004                                0.15647015604193273
45.6                                              0.15647872417595352
45.65                                             0.15646927372087438
45.7                                              0.15641247735725886
45.75000000000001                                 0.15627749564207621
45.800000000000004                                0.15603321990248828
45.849999999999994                                0.15564966843072767
45.9                                              0.15509945867064415
45.95                                             0.1543592653652834
46                                                0.15341117163978207
46.05                                             0.1522438278810757
46.1                                              0.1508533512626178
46.150000000000006                                0.14924392413779378
46.2                                              0.1474280781629853
46.25                                             0.14542667813200746
46.300000000000004                                0.14326864062577155
46.35                                             0.1409904341612158
46.4                                              0.1386354074055906
46.449999999999996                                0.13625297938158049
46.5                                              0.13389770066989282
46.550000000000004                                0.1316281584269666
46.6                                              0.12950565223183044
46.65                                             0.12759251519702908
46.7                                              0.1259499007561282
46.75000000000001                                 0.12463481048168265
46.800000000000004                                0.12369612118239542
46.85                                             0.12316941186706631
46.900000000000006                                0.12307053829875883
46.95                                             0.12338820777106087
47                                                0.1240763076331024
47.05                                             0.12504741540951905
47.1                                              0.12616961774684685
47.15                                             0.127269166058842
47.2                                              0.12814114047544814
47.25                                             0.1285688010200646
47.3                                              0.12834974276548908
47.35                                             0.12732414537420475
47.400000000000006                                0.1253987000612575
47.45                                             0.12256040300503922
47.5                                              0.11887740327394611
47.55                                             0.11448819547261432
47.6                                              0.10958377586584114
47.65                                             0.10438868086957703
47.699999999999996                                0.09914609518788321
47.75                                             0.09411037259194893
47.800000000000004                                0.08954836819190566
47.85                                             0.08574933126628888
47.9                                              0.0830410544151373
47.95                                             0.08180505589979489
48.00000000000001                                 0.08247019363688922
48.050000000000004                                0.0854330225877996
48.099999999999994                                0.0908040062753852
48.15                                             0.09788421246244632
48.2                                              0.10459465789681231
48.25                                             0.10781997136408991
48.3                                              0.1053979372178765
48.35                                             0.09790495141951938
48.400000000000006                                0.08783872998479675
48.45                                             0.0775754723624051
48.5                                              0.06844400429975382
48.550000000000004                                0.06093461863105082
48.6                                              0.055325116682385336
48.65                                             0.05407104040689618
48.699999999999996                                0.10188530101886935
48.75                                             0.07237697783959392
48.800000000000004                                0.056409060081882234
48.85                                             0.05237917441155542
48.9                                              0.05134499144746103
48.95                                             0.051747276566217554
49.00000000000001                                 0.05310921640382016
49.050000000000004                                0.05522776817412496
49.1                                              0.05799605482538447
49.150000000000006                                0.06134914533286685
49.2                                              0.06524339285093121
49.25                                             0.0696471760039632
49.3                                              0.07453619009850271
49.35                                             0.07989081268261555
49.400000000000006                                0.08569453375605275
49.45                                             0.09193287915544963
49.5                                              0.09859278307478998
49.55                                             0.10566207478486517
49.6                                              0.11312913681643418
49.650000000000006                                0.1209826515808619
49.7                                              0.12921141141500103
49.75                                             0.13780417570752906
49.8                                              0.1467495632290481
49.85                                             0.15603597148256157
49.9                                              0.16565151728650163
49.949999999999996                                0.17558399440572856
50                                                0.18582084513785976
50.050000000000004                                0.19634914352038613
50.1                                              0.20715558836160336
50.15                                             0.21822650467803514
50.2                                              0.22954785239744932
50.25000000000001                                 0.24110524138392522
50.300000000000004                                0.2528839519883537
50.349999999999994                                0.26486896043060854
50.4                                              0.27704496839841497
50.45                                             0.2893964363034757
50.5                                              0.3019076196755481
50.55                                             0.31456260820623505
50.6                                              0.3273453669791694
50.650000000000006                                0.34023977943487954
50.7                                              0.3532296916408969
50.75                                             0.36629895744583896
50.800000000000004                                0.3794314841075279
50.85                                             0.39261127800283696
50.9                                              0.4058224900380051
50.949999999999996                                0.419049460392567
51                                                0.4322767622484316
51.050000000000004                                0.4454892441781939
51.1                                              0.45867207088272294
51.15                                             0.47181076199502625
51.2                                              0.48489122869446893
51.25000000000001                                 0.4978998078996382
51.300000000000004                                0.510823293840705
51.35                                             0.5236489668392583
51.400000000000006                                0.5363646191592399
51.45                                             0.5489585778198918
51.5                                              0.5614197242968079
51.55                                             0.5737375110686118
51.6                                              0.5859019749971651
51.650000000000006                                0.5979037475584159
51.7                                              0.6097340619718822
51.75                                             0.6213847573014526
51.8                                              0.6328482796260462
51.85                                             0.6441176804006836
51.900000000000006                                0.6551866121484196
51.95                                             0.6660493216398274
52                                                0.6767006407341952
52.05                                             0.687135975064499
52.1                                              0.6973512907585724
52.15                                             0.7073430993962998
52.199999999999996                                0.7171084414048379
52.25                                             0.7266448680919418
52.300000000000004                                0.7359504225239242
52.35                                             0.7450236194410763
52.4                                              0.7538634244061915
52.45                                             0.762469232368991
52.50000000000001                                 0.7708408458239819
52.550000000000004                                0.7789784527268511
52.599999999999994                                0.7868826043248386
52.65                                             0.794554193043506
52.7                                              0.8019944305617445
52.75                                             0.8092048261914728
52.8                                              0.8161871656680633
52.85                                             0.82294349044362
52.900000000000006                                0.829476077561576
52.95                                             0.8357874201809907
53                                                0.8418802088047832
53.050000000000004                                0.8477573132568545
53.1                                              0.8534217654404105
53.15                                             0.8588767429015145
53.199999999999996                                0.8641255532116655
53.25                                             0.8691716191757253
53.300000000000004                                0.8740184648626975
53.35                                             0.8786697024521183
53.4                                              0.8831290198801727
53.45                                             0.8874001692678953
53.50000000000001                                 0.8914869561090304
53.550000000000004                                0.8953932292059494
53.6                                              0.8991228699416358
53.65                                             0.9026797893923891
53.7                                              0.9060679096985724
53.75                                             0.9092911660914054
53.8                                              0.9123534957813947
53.849999999999994                                0.9152588322807469
53.900000000000006                                0.91801109956076
53.95                                             0.9206142061304207
54                                                0.9230720405222501
54.05                                             0.9253884665512981
54.10000000000001                                 0.9275673189364824
54.150000000000006                                0.9296123993568721
54.2                                              0.9315274728018608
54.25                                             0.9333162641935676
54.300000000000004                                0.9349824552612133
54.35                                             0.9365296816157122
54.4                                              0.9379615301793905
54.449999999999996                                0.9392815365487379
54.50000000000001                                 0.9404931827507976
54.550000000000004                                0.941599895115933
54.6                                              0.9426050422739832
54.65                                             0.943511933310317
54.70000000000001                                 0.9443238160561501
54.75000000000001                                 0.9450438755067444
54.800000000000004                                0.9456752323628204
54.849999999999994                                0.9462209416896947
54.900000000000006                                0.9466839916912653
54.95                                             0.9470673025954472
55                                                0.947373725650123
55.05                                             0.9476060422283918
55.10000000000001                                 0.9477669630426786
55.150000000000006                                0.9478591274672203
55.2                                              0.947885102969422
55.25                                             0.9478473846501074
55.3                                              0.9477483948935486
55.35                                             0.9475904831280838
55.4                                              0.9473759256975982
55.449999999999996                                0.9471069258445096
55.49999999999999                                 0.9467856138040639
55.550000000000004                                0.9464140470104698
55.6                                              0.9459942104143338
55.65                                             0.9455280169110759
55.699999999999996                                0.9450173078795236
55.75000000000001                                 0.9444638538295481
55.800000000000004                                0.9438693551574248
55.85                                             0.9432354430069338
55.9                                              0.9425636802342189
55.95                                             0.9418555624738962
56                                                0.9411125193037339
56.05                                             0.9403359155047101
56.099999999999994                                0.9395270524131066
56.150000000000006                                0.9386871693611207
56.2                                              0.9378174452021181
56.25                                             0.9369189999161888
56.3                                              0.9359928962921036
56.35000000000001                                 0.935040141680971
56.400000000000006                                0.9340616898169776
56.45                                             0.9330584427006081
56.5                                              0.9320312525393603
56.550000000000004                                0.9309809237412009
56.6                                              0.9299082149556074
56.65                                             0.9288138411574108
56.699999999999996                                0.9276984757681338
56.75000000000001                                 0.9265627528100916
56.800000000000004                                0.9254072690880603
56.85                                             0.924232586393583
56.9                                              0.9230392337270189
56.95000000000001                                 0.9218277095324727
57.00000000000001                                 0.9205984839406464
57.050000000000004                                0.9193520010151105
57.099999999999994                                0.9180886809971215
57.150000000000006                                0.9168089225446303
57.2                                              0.9155131049605939
57.25                                             0.9142015904066974
57.3                                              0.9128747260976121
57.35000000000001                                 0.911532846471925
57.400000000000006                                0.9101762753350984
57.45                                             0.9088053279705023
57.5                                              0.9074203132144784
57.55000000000001                                 0.9060215354907826
57.6                                              0.9046092968008371
57.65                                             0.9031838986651108
57.699999999999996                                0.9017456440116027
57.74999999999999                                 0.9002948390072156
57.800000000000004                                0.8988317948274499
57.85                                             0.8973568293598894
57.9                                              0.8958702688372149
57.949999999999996                                0.8943724493943094
58.00000000000001                                 0.8928637185451396
58.050000000000004                                0.891344436574084
58.1                                              0.8898149778359629
58.15                                             0.8882757319600686
58.2                                              0.8867271049514639
58.25                                             0.8851695201846219
58.3                                              0.8836034192824097
58.349999999999994                                0.8820292628745258
58.400000000000006                                0.8804475312288773
58.45                                             0.8788587247490619
58.5                                              0.877263364331407
58.55                                             0.8756619915748577
58.60000000000001                                 0.8740551688363873
58.650000000000006                                0.8724434791262544
58.7                                              0.8708275258359413
58.75                                             0.8692079322928739
58.800000000000004                                0.8675853411364111
58.85                                             0.8659604135093971
58.9                                              0.8643338280612005
58.949999999999996                                0.8627062797580608
59.00000000000001                                 0.8610784784977535
59.050000000000004                                0.8594511475265341
59.1                                              0.8578250216579592
59.15                                             0.8562008452937012
59.20000000000001                                 0.8545793702484613
59.25000000000001                                 0.8529613533826914
59.300000000000004                                0.8513475540481994
59.349999999999994                                0.8497387313542616
59.400000000000006                                0.8481356412623829
59.45                                             0.8465390335213355
59.5                                              0.8449496484547829
59.55                                             0.8433682136163588
59.60000000000001                                 0.8417954403288352
59.650000000000006                                0.8402320201276896
59.7                                              0.8386786211319271
59.75                                             0.8371358843671575
59.80000000000001                                 0.8356044200680637
59.85                                             0.8340848039860883
59.9                                              0.8325775737284347
59.949999999999996                                0.8310832251557757
59.99999999999999                                 0.8296022088695785
60.050000000000004                                0.8281349268203777
60.1                                              0.8266817290707864
60.15                                             0.8252429107461243
60.199999999999996                                0.8238187092039876
60.25000000000001                                 0.8224093014524644
60.300000000000004                                0.821014801846255
60.35                                             0.8196352600898797
60.4                                              0.81827065957542
60.45                                             0.816920916082236
60.5                                              0.815585876865155
60.55                                             0.814265320153516
60.599999999999994                                0.8129589550580445
60.650000000000006                                0.8116664219381052
60.7                                              0.8103872929647595
60.75                                             0.8091210731843875
60.8                                              0.8078672026338581
60.85000000000001                                 0.8066250581368217
60.900000000000006                                0.8053939559457084
60.95                                             0.8041731547055176
61                                                0.8029618588350874
61.050000000000004                                0.801759222318298
61.1                                              0.8005643528894996
61.15                                             0.799376316593025
61.199999999999996                                0.7981941426231381
61.25000000000001                                 0.7970168280218186
61.300000000000004                                0.7958433436054863
61.35                                             0.7946726409594583
61.4                                              0.7935036565406262
61.45000000000001                                 0.792335318051295
61.50000000000001                                 0.7911665505560379
61.550000000000004                                0.7899962683664498
61.599999999999994                                0.7888234692155125
61.650000000000006                                0.7876470492481266
61.7                                              0.7864660115861543
61.75                                             0.7852793686278549
61.8                                              0.7840861687078666
61.85000000000001                                 0.7828855028798605
61.900000000000006                                0.7816765109724071
61.95                                             0.7804583874354841
62                                                0.7792303869445588
62.05000000000001                                 0.7779918297211981
62.1                                              0.7767421065294919
62.15                                             0.7754806833092531
62.199999999999996                                0.7742071054073758
62.24999999999999                                 0.7729210013692064
62.300000000000004                                0.7716220862534161
62.35                                             0.7703101644344198
62.4                                              0.7689851318579382
62.449999999999996                                0.7676469777176264
62.50000000000001                                 0.7662957855219642
62.550000000000004                                0.7649317335241564
62.6                                              0.7635550944902819
62.65                                             0.7621662347849105
62.7                                              0.760765612757356
62.75                                             0.7593537764171377
62.8                                              0.7579313603914678
62.849999999999994                                0.756499082165472
62.900000000000006                                0.7550577376100847
62.95                                             0.7536081958121659
63                                                0.7521513932263096
63.05                                             0.7506883271789653
63.10000000000001                                 0.749220048760241
63.150000000000006                                0.7477476551504777
63.2                                              0.7462722814345726
63.25                                             0.7447950919669092
63.300000000000004                                0.7433172713572652
63.35                                             0.7418400151555703
63.4                                              0.7403645203198197
63.449999999999996                                0.7388919755591276
63.50000000000001                                 0.73742355164618
63.550000000000004                                0.7359603918002438
63.6                                              0.7345036022418147
63.65                                             0.7330542430227742
63.70000000000001                                 0.7316133192346949
63.75000000000001                                 0.7301817726964467
63.800000000000004                                0.7287604742178522
63.849999999999994                                0.7273502165320411
63.900000000000006                                0.7259517079819097
63.95                                             0.7245655670378331
64                                                0.7231923177153529
64.05                                             0.7218323859498702
64.10000000000001                                 0.7204860969751755
64.15                                             0.7191536737403206
64.2                                              0.717835236385426
64.25                                             0.7165308027877993
64.30000000000001                                 0.7152402901718578
64.35000000000001                                 0.7139635177687242
64.4                                              0.7127002104964261
64.45                                             0.711450003620325
64.50000000000001                                 0.7102124483438592
64.55000000000001                                 0.7089870182685727
64.60000000000001                                 0.7077731166553761
64.65                                             0.7065700844077829
64.7                                              0.7053772086962428
64.75                                             0.7041937321324944
64.8                                              0.7030188624013683
64.85                                             0.7018517822529615
64.89999999999999                                 0.7006916597557308
64.95                                             0.6995376587098665
65                                                0.6983889491189215
65.05                                             0.6972447176180676
65.1                                              0.6961041777573761
65.15                                             0.6949665800392608
65.2                                              0.6938312216112116
65.25                                             0.6926974555147456
65.3                                              0.6915646993956082
65.35000000000001                                 0.6904324435798095
65.4                                              0.6893002584240973
65.45                                             0.6881678008512804
65.5                                              0.6870348199834604
65.55000000000001                                 0.6859011617903321
65.60000000000001                                 0.684766772672411
65.65                                             0.6836317019053357
65.7                                              0.6824961028749696
65.75                                             0.6813602330416
65.8                                              0.6802244525774962
65.85                                             0.6790892216330469
65.89999999999999                                 0.6779550961956736
65.95                                             0.6768227225196624
66                                                0.6756928301192506
66.05                                             0.6745662233312587
66.1                                              0.6734437714748039
66.15                                             0.6723263976515725
66.2                                              0.6712150662535735
66.25                                             0.6701107692664968
66.3                                              0.669014511479158
66.35000000000001                                 0.6679272947347178
66.4                                              0.6668501013806669
66.45                                             0.665783877098546
66.5                                              0.6647295133154555
66.55000000000001                                 0.6636878294176735
66.60000000000001                                 0.6626595550049916
66.65                                             0.661645312435295
66.7                                              0.6606455999203121
66.75000000000001                                 0.6596607754356791
66.80000000000001                                 0.6586910417099565
66.85000000000001                                 0.6577364325495667
66.9                                              0.6567968007471682
66.95                                             0.6558718078023867
67                                                0.6549609156634231
67.05                                             0.6540633806703068
67.1                                              0.6531782498505346
67.14999999999999                                 0.6523043596827159
67.2                                              0.6514403374076296
67.25                                             0.6505846049280651
67.3                                              0.6497353852984699
67.35                                             0.648890711769626
67.4                                              0.6480484393149772
67.45                                             0.6472062585319543
67.5                                              0.646361711781599
67.55                                             0.6455122114013347
67.60000000000001                                 0.644655059799675
67.65                                             0.6437874711708466
67.7                                              0.6429065965822858
67.75                                             0.642009542091837
67.80000000000001                                 0.6410934040043906
67.85000000000001                                 0.640155288143506
67.9                                              0.6391923390446194
67.95                                             0.6382017672705547
68                                                0.6371808769531919
68.05                                             0.6361270933982887
68.1                                              0.6350379905850538
68.14999999999999                                 0.63391131833671
68.2                                              0.632745028906764
68.25                                             0.6315373031705946
68.3                                              0.6302865760940012
68.35                                             0.6289915612606003
68.4                                              0.6276512744245939
68.45                                             0.6262650559430316
68.5                                              0.6248325919250426
68.55                                             0.623353933929048
68.60000000000001                                 0.6218295170200808
68.65                                             0.6202601759768773
68.7                                              0.6186471594149623
68.75                                             0.6169921415616398
68.80000000000001                                 0.6152972313939248
68.85000000000001                                 0.6135649788223053
68.9                                              0.6117983775742837
68.95                                             0.6100008644447344
69.00000000000001                                 0.6081763144596182
69.05000000000001                                 0.6063290316687817
69.10000000000001                                 0.6044637351242838
69.15                                             0.6025855396945048
69.2                                              0.6006999313852717
69.25                                             0.5988127368801082
69.3                                              0.5969300870740336
69.35                                             0.5950583744639184
69.39999999999999                                 0.593204204352522
69.45                                             0.5913743399498593
69.5                                              0.5895756415854034
69.55                                             0.5878150003999585
69.6                                              0.5860992670464986
69.65                                             0.5844351760956051
69.7                                              0.5828292670154673
69.75                                             0.5812878027545515
69.8                                              0.5798166871110674
69.85000000000001                                 0.5784213822037708
69.9                                              0.5771068274645148
69.95                                             0.5758773616425076
70                                                0.5747366493437934
70.05000000000001                                 0.5736876136160053
70.10000000000001                                 0.5727323760285752
70.15                                             0.5718722055893753
70.2                                              0.5711074776881726
70.25                                             0.5704376440559892
70.3                                              0.56986121450058
70.35                                             0.5693757509138089
70.39999999999999                                 0.5689778737697293
70.45                                             0.5686632810423564
70.5                                              0.5684267791911388
70.55                                             0.5682623255934268
70.6                                              0.5681630815593527
70.65                                             0.5681214748596433
70.7                                              0.5681292705277571
70.75                                             0.568177648582343
70.8                                              0.5682572872435268
70.85000000000001                                 0.5683584502002111
70.9                                              0.5684710765103452
70.95                                             0.5685848717919239
71                                                0.5686893994679849
71.05000000000001                                 0.5687741709719185
71.10000000000001                                 0.5688287339804864
71.15                                             0.5688427579216485
71.2                                              0.5688061161857071
71.25000000000001                                 0.5687089646537928
71.30000000000001                                 0.5685418163310514
71.35000000000001                                 0.5682956120325535
71.4                                              0.5679617872113584
71.45                                             0.5675323351341449
71.5                                              0.5669998667017736
71.55                                             0.5663576672712568
71.6                                              0.565599750867785
71.64999999999999                                 0.5647209121727419
71.7                                              0.5637167766416934
71.75                                             0.5625838490414863
71.8                                              0.5613195606002988
71.85                                             0.5599223148393299
71.9                                              0.5583915320032045
71.95                                             0.5567276918256701
72                                                0.5549323741677521
72.05                                             0.5530082968443338
72.10000000000001                                 0.5509593497225722
72.15                                             0.5487906239331908
72.2                                              0.5465084347978034
72.25                                             0.5441203368444157
72.30000000000001                                 0.5416351290789023
72.35000000000001                                 0.5390628485089203
72.4                                              0.5364147497988176
72.45                                             0.5337032688848327
72.5                                              0.5309419684142487
72.55                                             0.5281454630098747
72.6                                              0.5253293226153334
72.64999999999999                                 0.522509952558469
72.7                                              0.5197044494879299
72.75                                             0.5169304329886057
72.8                                              0.5142058534588972
72.85                                             0.5115487777177704
72.9                                              0.5089771547684917
72.95                                             0.506508565147676
73                                                0.5041599582714366
73.05                                             0.5019473831107799
73.10000000000001                                 0.49988571831107287
73.15                                             0.4979884084693861
73.2                                              0.4962672136270984
73.25                                             0.4947319790952259
73.30000000000001                                 0.4933904324630017
73.35000000000001                                 0.49224801404669427
73.4                                              0.4913077461245084
73.45                                             0.4905701451142451
73.50000000000001                                 0.49003317943621766
73.55000000000001                                 0.48969227424608897
73.60000000000001                                 0.48954036260275763
73.65                                             0.489567981053635
73.7                                              0.4897634061512722
73.75                                             0.49011282715838694
73.8                                              0.4906005491966495
73.85                                             0.491209220406026
73.89999999999999                                 0.49192007631910983
73.95                                             0.49271319461584817
74                                                0.493567753691836
74.05                                             0.49446228899967964
74.1                                              0.49537494186428527
74.15                                             0.4962836963660232
74.2                                              0.4971666008722004
74.25                                             0.4980019718202707
74.3                                              0.49876857836395816
74.35000000000001                                 0.4994458074424844
74.4                                              0.5000138096956652
74.45                                             0.5004536273909699
74.5                                              0.5007473061531054
74.55000000000001                                 0.50087799277386
74.60000000000001                                 0.5008300217399748
74.65                                             0.50058899334996
74.7                                              0.5001418464080287
74.75                                             0.49947692849370634
74.8                                              0.4985840667111358
74.85                                             0.4974546416423514
74.89999999999999                                 0.49608166695179523
74.95                                             0.4944598767277353
75                                                0.4925858221940811
