25                                                0.3163601720420235
25.05                                             0.3160061993772172
25.1                                              0.3156475902877766
25.150000000000002                                0.31528436941013205
25.2                                              0.3149165702187449
25.25                                             0.3145442344687559
25.3                                              0.31416741962480516
25.35                                             0.31378618213833465
25.400000000000002                                0.31340058986173847
25.45                                             0.3130107257160982
25.5                                              0.31261667271874743
25.55                                             0.3122185245518266
25.6                                              0.3118163809882883
25.650000000000002                                0.31141034673993684
25.700000000000003                                0.31100053214997736
25.75                                             0.31058705161713046
25.8                                              0.3101700226838436
25.85                                             0.30974956522582
25.900000000000002                                0.3093258003058611
25.950000000000003                                0.30889884912542875
26                                                0.30846883195233793
26.05                                             0.3080358670240407
26.099999999999998                                0.3076000694564032
26.150000000000002                                0.3071615501551098
26.2                                              0.306720414746377
26.25                                             0.30627676257307096
26.299999999999997                                0.30583068575195327
26.349999999999998                                0.3053822683043869
26.4                                              0.30493158538293685
26.45                                             0.304478702612245
26.5                                              0.30402367556090265
26.55                                             0.30356654936142896
26.599999999999998                                0.3031073584943869
26.65                                             0.30264612675051417
26.7                                              0.30218286738360284
26.75                                             0.30171758346887084
26.8                                              0.3012502684872641
26.85                                             0.3007809072083303
26.9                                              0.3003094776080716
26.95                                             0.2998359408898374
27                                                0.2993602760138901
27.05                                             0.2988824369527027
27.1                                              0.2984023840540526
27.15                                             0.297920077574269
27.2                                              0.29743548030805866
27.25                                             0.2969485598920523
27.3                                              0.2964592911981289
27.35                                             0.2959676589961176
27.400000000000002                                0.2954736605738128
27.45                                             0.2949773082861729
27.5                                              0.29447863207361824
27.55                                             0.2939776819002418
27.6                                              0.29347453005156193
27.650000000000002                                0.29296927323581895
27.7                                              0.29246203443278385
27.75                                             0.2919529644332824
27.8                                              0.2914422430120079
27.85                                             0.2909300796772895
27.900000000000002                                0.2904167139446696
27.950000000000003                                0.2899024150843427
28                                                0.2893874812970156
28.05                                             0.2888722382769658
28.1                                              0.28835703712754335
28.150000000000002                                0.28784225160227905
28.200000000000003                                0.28732827465404914
28.25                                             0.2868155142859143
28.3                                              0.2863043887091058
28.349999999999998                                0.2857953208268929
28.400000000000002                                0.28528873207736444
28.45                                             0.28478503568362407
28.500000000000004                                0.284284629375443
28.549999999999997                                0.28378788766356045
28.6                                              0.28329515376469566
28.65                                             0.2828067312924737
28.700000000000003                                0.28232287584663435
28.75                                             0.28184378664861365
28.8                                              0.2813695983868556
28.849999999999998                                0.28090037344839075
28.900000000000002                                0.28043609472361125
28.95                                             0.279976659179895
29.000000000000004                                0.2795218724043954
29.05                                             0.27907144431752307
29.1                                              0.2786249862569375
29.15                                             0.27818200962295286
29.200000000000003                                0.2777419262624522
29.25                                             0.27730405074436165
29.300000000000004                                0.27686760465254817
29.35                                             0.27643172299134156
29.400000000000002                                0.27599546276716536
29.45                                             0.2755578137710081
29.499999999999996                                0.2751177115407359
29.55                                             0.2746740524344622
29.600000000000005                                0.2742257106886266
29.650000000000002                                0.2737715572147454
29.699999999999996                                0.27331047959798804
29.75                                             0.27284140308182514
29.800000000000004                                0.2723633136066965
29.85                                             0.27187528137657546
29.9                                              0.2713764829873418
29.95                                             0.27086622236768637
29.999999999999996                                0.27034395604200995
30.05                                             0.2698093068012263
30.099999999999998                                0.2692620817308988
30.150000000000002                                0.2687022907097936
30.2                                              0.268130153652649
30.25                                             0.2675461078144321
30.299999999999997                                0.2669508097817583
30.35                                             0.26634513227185813
30.4                                              0.26573015531661076
30.450000000000003                                0.26510715146288705
30.5                                              0.2644775647274395
30.55                                             0.2638429831665893
30.599999999999998                                0.26320510504372485
30.650000000000002                                0.262565698734314
30.7                                              0.26192655669977766
30.750000000000004                                0.26128944406587284
30.799999999999997                                0.26065604256274716
30.85                                             0.26002789082775335
30.9                                              0.2594063222969206
30.950000000000003                                0.2587924020967737
31                                                0.25818686474402974
31.05                                             0.2575900546676286
31.099999999999998                                0.2570018716004561
31.150000000000002                                0.25642172314936645
31.2                                              0.2558484870433587
31.250000000000004                                0.25528048580442586
31.3                                              0.25471547441630965
31.35                                             0.2541506457413956
31.4                                              0.2535826543082808
31.450000000000003                                0.25300765701576083
31.5                                              0.2524213954356313
31.550000000000004                                0.25181924219029933
31.6                                              0.25119633660036056
31.650000000000002                                0.2505477179899512
31.7                                              0.24986843764708255
31.749999999999996                                0.24915373434080465
31.8                                              0.24839919805899915
31.850000000000005                                0.24760093764640972
31.900000000000002                                0.24675575687868903
31.949999999999996                                0.24586131944166736
32                                                0.24491630368376371
32.050000000000004                                0.24392053890949802
32.1                                              0.2428751167954939
32.15                                             0.24178247117922616
32.2                                              0.2406464202740338
32.25000000000001                                 0.2394721654089639
32.300000000000004                                0.2382662410672872
32.35                                             0.23703641178113086
32.4                                              0.23579151242195792
32.45                                             0.23454122963865587
32.5                                              0.23329582377790967
32.55                                             0.23206579260534108
32.6                                              0.23086148056343817
32.65                                             0.22969264028742892
32.7                                              0.22856795665929702
32.75                                             0.22749454777702385
32.800000000000004                                0.2264774617344935
32.85                                             0.2255191928127614
32.9                                              0.22461924520336188
32.949999999999996                                0.2237737761907497
33                                                0.2229753531701119
33.05                                             0.22221285926724513
33.1                                              0.22147157996132452
33.15                                             0.22073349745778198
33.2                                              0.21997781044472012
33.25                                             0.21918166730235292
33.300000000000004                                0.21832119320143212
33.35                                             0.21737255340358258
33.400000000000006                                0.21631333019195795
33.45                                             0.21512388230080454
33.5                                              0.21378874343602156
33.55                                             0.2122979474300195
33.6                                              0.2106482002190382
33.65                                             0.20884382034261179
33.7                                              0.20689737548997222
33.75                                             0.20482995407867133
33.8                                              0.20267102180996027
33.85                                             0.20045782168561452
33.900000000000006                                0.19823428256706524
33.95                                             0.19604940588768943
34                                                0.19395510458318244
34.05                                             0.19200347700050882
34.1                                              0.19024351798306632
34.15                                             0.18871730773821835
34.199999999999996                                0.18745578517173078
34.25                                             0.18647431270730958
34.300000000000004                                0.18576837452899614
34.35                                             0.18530990820015958
34.4                                              0.18504492182574245
34.45                                             0.1848931464487455
34.50000000000001                                 0.1847504523725782
34.550000000000004                                0.18449455678252716
34.6                                              0.1839941377643613
34.65                                             0.18312087996836038
34.7                                              0.1817633257157643
34.75                                             0.17984087443916444
34.8                                              0.17731605167304265
34.85                                             0.17420336692797067
34.9                                              0.17057366281966205
34.95                                             0.16655363783485522
35                                                0.16232092357746042
35.050000000000004                                0.15809544513767387
35.1                                              0.15412761549502718
35.15                                             0.15068316954842217
35.199999999999996                                0.1480232337989511
35.25                                             0.1463768600140176
35.3                                              0.14590242550655896
35.35                                             0.14663545465552982
35.4                                              0.1484259231009241
35.45                                             0.15088037065274815
35.5                                              0.15334190137512155
35.550000000000004                                0.15495305193976136
35.6                                              0.1548299055569637
35.650000000000006                                0.15231617734680716
35.7                                              0.14721308178669512
35.75                                             0.1398672693017632
35.8                                              0.13108127529246463
35.85                                             0.12192419189084257
35.9                                              0.11356718594451407
35.95                                             0.10722991595276044
36                                                0.10424629448486689
36.050000000000004                                0.10613128075884755
36.1                                              0.11414391747741305
36.150000000000006                                0.12695302907473677
36.2                                              0.13634111075472047
36.25                                             0.13148737848071684
36.3                                              0.11460639927523755
36.35                                             0.09653784984348127
36.4                                              0.08301501620590852
36.449999999999996                                0.07620103746309384
36.5                                              0.14532368485797245
36.550000000000004                                0.08264519202810981
36.6                                              0.07575667485250998
36.65                                             0.07622135879016842
36.7                                              0.07921520642675224
36.75000000000001                                 0.08377840521582483
36.800000000000004                                0.08953152112697303
36.849999999999994                                0.09626547732899926
36.9                                              0.10384238922507855
36.95                                             0.11216092093012824
37                                                0.12114103090660722
37.05                                             0.1307161627266511
37.1                                              0.14082882639114233
37.150000000000006                                0.151427922144174
37.2                                              0.16246704130252007
37.25                                             0.17390335114923153
37.300000000000004                                0.18569684619152765
37.35                                             0.19780983779345168
37.4                                              0.21020660324892126
37.449999999999996                                0.2228531436195354
37.5                                              0.23571701692931588
37.55                                             0.24876722448545424
37.6                                              0.2619741339753015
37.65                                             0.27530942751434295
37.7                                              0.2887460672022951
37.75                                             0.3022582723227641
37.800000000000004                                0.3158215038596481
37.85                                             0.3294124553821625
37.900000000000006                                0.3430090417894586
37.95                                             0.35659038202408694
38                                                0.37013679803824806
38.05                                             0.3836297989829045
38.1                                              0.39705206573441637
38.15                                             0.4103874324655222
38.2                                              0.42362085694523316
38.25                                             0.4367384037985104
38.300000000000004                                0.44972722612224997
38.35                                             0.4625755197964076
38.400000000000006                                0.4752724929648338
38.45                                             0.4878083359469388
38.5                                              0.5001741831173342
38.55                                             0.5123620767853333
38.6                                              0.5243649246509988
38.65                                             0.5361764607551647
38.699999999999996                                0.5477912047909329
38.75                                             0.5592044208090814
38.800000000000004                                0.570412076108386
38.85                                             0.5814108005291492
38.9                                              0.5921978460596037
38.95                                             0.6027710471651717
39.00000000000001                                 0.6131287820092624
39.050000000000004                                0.6232699347066111
39.099999999999994                                0.6331938586850056
39.15                                             0.642900341309723
39.2                                              0.6523895699594313
39.25                                             0.6616620995200209
39.3                                              0.6707188213179915
39.35                                             0.67956093356746
39.400000000000006                                0.6881899133559826
39.45                                             0.6966074901678722
39.5                                              0.7048156209356807
39.550000000000004                                0.7128164665975026
39.6                                              0.7206123701324748
39.65                                             0.7282058360399364
39.699999999999996                                0.7355995112232263
39.75                                             0.7427961672277719
39.800000000000004                                0.7497986837764503
39.85                                             0.7566100335471965
39.9                                              0.7632332681346247
39.95                                             0.7696715051377788
40.00000000000001                                 0.7759279163158563
40.050000000000004                                0.7820057167868694
40.1                                              0.7879081548880448
40.15                                             0.7936385036213095
40.2                                              0.799200052030374
40.25                                             0.8045960979565387
40.3                                              0.8098299412944988
40.349999999999994                                0.8149048779312512
40.4                                              0.819824194298755
40.45                                             0.8245911624824658
40.5                                              0.8292090358328795
40.55                                             0.833681045047359
40.6                                              0.8380103946829561
40.650000000000006                                0.8422002600560882
40.7                                              0.8462537844934556
40.75                                             0.8501740769007903
40.8                                              0.8539642096182313
40.85                                             0.857627216534257
40.9                                              0.8611660914314649
40.949999999999996                                0.8645837865403111
41                                                0.8678832112787451
41.050000000000004                                0.8710672311575843
41.1                                              0.8741386668345209
41.15                                             0.8771002932998633
41.2                                              0.8799548391800778
41.25000000000001                                 0.8827049861468008
41.300000000000004                                0.8853533684194757
41.349999999999994                                0.8879025723527583
41.4                                              0.8903551360996713
41.45                                             0.8927135493438941
41.5                                              0.894980253094741
41.55                                             0.8971576395403422
41.6                                              0.8992480519544738
41.650000000000006                                0.9012537846542099
41.7                                              0.90317708300552
41.75                                             0.9050201434748857
41.800000000000004                                0.9067851137260403
41.85                                             0.9084740927602498
41.9                                              0.9100891311004659
41.949999999999996                                0.9116322310187139
42                                                0.9131053468074937
42.050000000000004                                0.9145103850951096
42.1                                              0.9158492052060613
42.15                                             0.9171236195668246
42.2                                              0.9183353941579865
42.25000000000001                                 0.9194862490132302
42.300000000000004                                0.9205778587660026
42.35                                             0.9216118532441424
42.400000000000006                                0.9225898181130131
42.45                                             0.9235132955672593
42.5                                              0.92438378507123
42.55                                             0.9252027441482475
42.599999999999994                                0.925971589218382
42.65                                             0.9266916964846991
42.7                                              0.927364402866843
42.75                                             0.9279910069808613
42.8                                              0.9285727701632033
42.85                                             0.9291109175366913
42.900000000000006                                0.9296066391161797
42.95                                             0.9300610909517355
43                                                0.9304753963067174
43.05                                             0.9308506468683736
43.1                                              0.9311879039880306
43.15                                             0.9314881999484654
43.199999999999996                                0.9317525392552058
43.25                                             0.9319818999437791
43.300000000000004                                0.9321772348802194
43.35                                             0.9323394730456714
43.4                                              0.932469520877286
43.45                                             0.9325682636617839
43.50000000000001                                 0.9326365668476018
43.550000000000004                                0.9326752772960061
43.599999999999994                                0.9326852244861273
43.65                                             0.932667222862404
43.7                                              0.9326220697315742
43.75                                             0.9325505509507461
43.8                                              0.9324534393171817
43.85                                             0.9323314962905731
43.900000000000006                                0.932185473133968
43.95                                             0.9320161119136644
44                                                0.9318241464421054
44.050000000000004                                0.9316103031478654
44.1                                              0.9313753018721109
44.15                                             0.9311198566129086
44.199999999999996                                0.9308446762369148
44.25                                             0.9305504651235789
44.300000000000004                                0.9302379236782875
44.35                                             0.9299077487110516
44.4                                              0.9295606337229806
44.45                                             0.9291972691200605
44.50000000000001                                 0.9288183423474965
44.550000000000004                                0.9284245379403061
44.6                                              0.9280165375101093
44.650000000000006                                0.9275950197094043
44.7                                              0.9271606600792607
44.75                                             0.9267141303650956
44.8                                              0.9262560976120107
44.849999999999994                                0.9257872240095789
44.9                                              0.9253081666813746
44.95                                             0.9248195768711087
45                                                0.9243220989190565
45.05                                             0.9238163690448847
45.1                                              0.9233030140875591
45.150000000000006                                0.9227826545390481
45.2                                              0.9222559034423351
45.25                                             0.921723352988871
45.3                                              0.9211855839556451
45.35                                             0.9206431644254893
45.4                                              0.9200966454625449
45.449999999999996                                0.9195465796240264
45.5                                              0.9189934642038076
45.550000000000004                                0.9184378018509921
45.6                                              0.9178800753759235
45.65                                             0.9173207396596964
45.7                                              0.9167602234199391
45.75000000000001                                 0.9161989346946308
45.800000000000004                                0.915637256064633
45.849999999999994                                0.9150755405201367
45.9                                              0.9145141132973233
45.95                                             0.9139532704217863
46                                                0.913393277356092
46.05                                             0.9128343681492841
46.1                                              0.9122767445930562
46.150000000000006                                0.9117205753924614
46.2                                              0.9111659956220164
46.25                                             0.9106131061996734
46.300000000000004                                0.9100619734687325
46.35                                             0.90951262892512
46.4                                              0.9089650690805019
46.449999999999996                                0.9084192554637589
46.5                                              0.9078751147647905
46.550000000000004                                0.9073325391307204
46.6                                              0.9067913866197045
46.65                                             0.9062514818038396
46.7                                              0.9057126165238474
46.75000000000001                                 0.905174550802777
46.800000000000004                                0.9046370139181327
46.85                                             0.9040997056300845
46.900000000000006                                0.9035622975638027
46.95                                             0.9030244347432866
47                                                0.9024857372729781
47.05                                             0.9019458021629694
47.1                                              0.9014042052920961
47.15                                             0.9008605035027585
47.2                                              0.9003142368208573
47.25                                             0.8997649307926449
47.3                                              0.8992120989299139
47.35                                             0.898655245253766
47.400000000000006                                0.8980938669267545
47.45                                             0.8975274569624703
47.5                                              0.89695550700094
47.55                                             0.8963775101377205
47.6                                              0.8957929637929235
47.65                                             0.8952013726090257
47.699999999999996                                0.8946022513656214
47.75                                             0.8939951278819686
47.800000000000004                                0.8933795459190041
47.85                                             0.8927550680432162
47.9                                              0.8921212784477477
47.95                                             0.891477785713617
48.00000000000001                                 0.8908242254957889
48.050000000000004                                0.8901602631191087
48.099999999999994                                0.8894855960696153
48.15                                             0.8887999563661528
48.2                                              0.8881031127978317
48.25                                             0.887394873013124
48.3                                              0.8866750854472022
48.35                                             0.8859436410744896
48.400000000000006                                0.8852004749740192
48.45                                             0.8844455676961017
48.5                                              0.8836789464194335
48.550000000000004                                0.8829006858890034
48.6                                              0.8821109091257174
48.65                                             0.8813097879001833
48.699999999999996                                0.8804975429639583
48.75                                             0.8796744440329107
48.800000000000004                                0.8788408095185198
48.85                                             0.8779970060043077
48.9                                              0.8771434474660365
48.95                                             0.8762805942355711
49.00000000000001                                 0.8754089517098839
49.050000000000004                                0.8745290688079307
49.1                                              0.8736415361799366
49.150000000000006                                0.872746984174617
49.2                                              0.8718460805716658
49.25                                             0.8709395280881521
49.3                                              0.870028061668529
49.35                                             0.8691124455698244
49.400000000000006                                0.8681934702543664
49.45                                             0.8672719491036446
49.5                                              0.866348714968391
49.55                                             0.8654246165704089
49.6                                              0.8645005147730759
49.650000000000006                                0.863577278738053
49.7                                              0.8626557819865383
49.75                                             0.8617368983839269
49.8                                              0.8608214980674266
49.85                                             0.8599104433362049
49.9                                              0.8590045845245821
49.949999999999996                                0.8581047558780591
50                                                0.8572117714529119
50.050000000000004                                0.8563264210594532
50.1                                              0.8554494662689448
50.15                                             0.8545816365045318
50.2                                              0.853723625235115
50.25000000000001                                 0.8528760862918111
50.300000000000004                                0.8520396303252332
50.349999999999994                                0.8512148214219821
50.4                                              0.850402173897431
50.45                                             0.8496021492820058
50.5                                              0.8488151535166245
50.55                                             0.848041534373021
50.6                                              0.8472815791133204
50.650000000000006                                0.846535512402204
50.7                                              0.8458034944846411
50.75                                             0.8450856196404958
50.800000000000004                                0.8443819149264427
50.85                                             0.8436923392150544
50.9                                              0.8430167825394943
50.949999999999996                                0.842355065751114
51                                                0.8417069404963323
51.050000000000004                                0.8410720895181825
51.1                                              0.840450127285993
51.15                                             0.8398406009561509
51.2                                              0.8392429916651304
51.25000000000001                                 0.8386567161540186
51.300000000000004                                0.8380811287236816
51.35                                             0.8375155235203456
51.400000000000006                                0.8369591371548106
51.45                                             0.8364111516443289
51.5                                              0.8358706976477842
51.55                                             0.8353368579892027
51.6                                              0.834808671480583
51.650000000000006                                0.834285137030581
51.7                                              0.8337652180254758
51.75                                             0.8332478471163399
51.8                                              0.8327319300913647
51.85                                             0.8322163529077744
51.900000000000006                                0.8316999850747242
51.95                                             0.8311816858918225
52                                                0.8306603099088437
52.05                                             0.8301347125963928
52.1                                              0.8296037561191054
52.15                                             0.8290663151735492
52.199999999999996                                0.8285212828612374
52.25                                             0.8279675765686069
52.300000000000004                                0.8274041438275695
52.35                                             0.8268299681305714
52.4                                              0.8262440746668102
52.45                                             0.8256455359375137
52.50000000000001                                 0.8250334772112095
52.550000000000004                                0.8244070817929036
52.599999999999994                                0.8237655960873184
52.65                                             0.8231083344303318
52.7                                              0.8224346836590662
52.75                                             0.821744107392092
52.8                                              0.8210361499973678
52.85                                             0.8203104402336234
52.900000000000006                                0.8195666945497752
52.95                                             0.818804719968626
53                                                0.8180244163343402
53.050000000000004                                0.817225777860566
53.1                                              0.8164088946452841
53.15                                             0.8155739543343812
53.199999999999996                                0.8147212429704367
53.25                                             0.8138511448884024
53.300000000000004                                0.812964142101784
53.35                                             0.8120608132430971
53.4                                              0.8111418318870406
53.45                                             0.8102079641810399
53.50000000000001                                 0.8092600678708636
53.550000000000004                                0.8082990953146793
53.6                                              0.8073260798315257
53.65                                             0.8063421277427371
53.7                                              0.8053484241312137
53.75                                             0.8043462262342869
53.8                                              0.8033368556121077
53.849999999999994                                0.8023216994235834
53.900000000000006                                0.8013022059668204
53.95                                             0.8002798259068975
54                                                0.7992560931252244
54.05                                             0.7982325478078817
54.10000000000001                                 0.7972107813629008
54.150000000000006                                0.7961923713144806
54.2                                              0.7951789094036259
54.25                                             0.7941719844471491
54.300000000000004                                0.7931731805618816
54.35                                             0.792184047583688
54.4                                              0.7912061108065601
54.449999999999996                                0.7902408547748201
54.50000000000001                                 0.7892897137592971
54.550000000000004                                0.7883540626483645
54.6                                              0.7874352081030043
54.65                                             0.7865343794307312
54.70000000000001                                 0.7856527186437955
54.75000000000001                                 0.7847912728097534
54.800000000000004                                0.7839509862612257
54.849999999999994                                0.7831326927144562
54.900000000000006                                0.7823371081002737
54.95                                             0.7815648240532996
55                                                0.7808163020724024
55.05                                             0.7800918684123297
55.10000000000001                                 0.779391709751022
55.150000000000006                                0.7787158696371025
55.2                                              0.7780642457669625
55.25                                             0.7774365882559813
55.3                                              0.7768324989466783
55.35                                             0.7762514316667214
55.4                                              0.775692693443513
55.449999999999996                                0.7751554467258519
55.49999999999999                                 0.7746387126306258
55.550000000000004                                0.7741413752070342
55.6                                              0.773662186701184
55.65                                             0.7731997737962004
55.699999999999996                                0.7727526447957863
55.75000000000001                                 0.7723191977111057
55.800000000000004                                0.7718977292040515
55.85                                             0.7714864443333187
55.9                                              0.7710834670426878
55.95                                             0.7706868513239826
56                                                0.7702945929785263
56.05                                             0.7699046418985982
56.099999999999994                                0.769514914787234
56.150000000000006                                0.769123308232756
56.2                                              0.768727712051541
56.25                                             0.768326022809743
56.3                                              0.7679161574333895
56.35000000000001                                 0.767496066815724
56.400000000000006                                0.7670637493304924
56.45                                             0.7666172641549485
56.5                                              0.7661547443723861
56.550000000000004                                0.7656744096075142
56.6                                              0.7651745782512388
56.65                                             0.7646536792927513
56.699999999999996                                0.7641102633413386
56.75000000000001                                 0.7635430130625236
56.800000000000004                                0.7629507528289778
56.85                                             0.7623324575318251
56.9                                              0.7616872604834951
56.95000000000001                                 0.7610144603479786
57.00000000000001                                 0.7603135270380741
57.050000000000004                                0.7595841065239913
57.099999999999994                                0.7588260245004459
57.150000000000006                                0.7580392888670474
57.2                                              0.7572240909838124
57.25                                             0.7563808056701563
57.3                                              0.7555099899232255
57.35000000000001                                 0.7546123803398797
57.400000000000006                                0.7536888892359458
57.45                                             0.7527405994659936
57.5                                              0.7517687579584291
57.55000000000001                                 0.7507747679910447
57.6                                              0.7497601802447167
57.65                                             0.7487266826852313
57.699999999999996                                0.7476760893353409
57.74999999999999                                 0.7466103280120708
57.800000000000004                                0.7455314271172585
57.85                                             0.7444415015802072
57.9                                              0.7433427380646805
57.949999999999996                                0.7422373795609452
58.00000000000001                                 0.7411277094950676
58.050000000000004                                0.7400160354943218
58.1                                              0.7389046729549654
58.15                                             0.73779592856243
58.2                                              0.7366920839173468
58.25                                             0.7355953794209803
58.3                                              0.7345079985712333
58.349999999999994                                0.7334320528175527
58.400000000000006                                0.7323695671154601
58.45                                             0.7313224663136138
58.5                                              0.730292562495507
58.55                                             0.7292815433853643
58.60000000000001                                 0.7282909619139148
58.650000000000006                                0.7273222270239729
58.7                                              0.7263765957793178
58.75                                             0.7254551668236122
58.800000000000004                                0.7245588752176767
58.85                                             0.7236884886666684
58.9                                              0.7228446051307769
58.949999999999996                                0.7220276517968424
59.00000000000001                                 0.7212378853729288
59.050000000000004                                0.72047539365231
59.1                                              0.7197400982817198
59.15                                             0.7190317586568907
59.20000000000001                                 0.7183499768579961
59.25000000000001                                 0.7176942035314009
59.300000000000004                                0.717063744616968
59.349999999999994                                0.7164577688168599
59.400000000000006                                0.7158753156995262
59.45                                             0.7153153043320171
59.5                                              0.7147765423349682
59.55                                             0.7142577352578382
59.60000000000001                                 0.7137574961749831
59.650000000000006                                0.7132743554093417
59.7                                              0.7128067702960792
59.75                                             0.7123531349052367
59.80000000000001                                 0.7119117896507382
59.85                                             0.7114810307199715
59.9                                              0.7110591192672104
59.949999999999996                                0.710644290321983
59.99999999999999                                 0.7102347613717085
60.050000000000004                                0.7098287405866941
60.1                                              0.7094244346623488
60.15                                             0.7090200562626031
60.199999999999996                                0.7086138310539468
60.25000000000001                                 0.7082040043278653
60.300000000000004                                0.70778884721449
60.35                                             0.7073666624965895
60.4                                              0.7069357900379942
60.45                                             0.7064946118452242
60.5                                              0.7060415567854379
60.55                                             0.7055751049869544
60.599999999999994                                0.7050937919519127
60.650000000000006                                0.7045962124131723
60.7                                              0.7040810239691782
60.75                                             0.703546950531912
60.8                                              0.7029927856242489
60.85000000000001                                 0.7024173955622875
60.900000000000006                                0.7018197225589519
60.95                                             0.7011987877833465
61                                                0.7005536944091778
61.050000000000004                                0.6998836306833155
61.1                                              0.699187873042864
61.15                                             0.6984657893055282
61.199999999999996                                0.697716841955289
61.25000000000001                                 0.6969405915422452
61.300000000000004                                0.6961367002089452
61.35                                             0.6953049353471411
61.4                                              0.6944451733803223
61.45000000000001                                 0.693557403665595
61.50000000000001                                 0.6926417325020079
61.550000000000004                                0.6916983872228005
61.599999999999994                                0.6907277203395321
61.650000000000006                                0.6897302137008805
61.7                                              0.6887064827204799
61.75                                             0.6876572799622744
61.8                                              0.6865834995405932
61.85000000000001                                 0.6854861805929375
61.900000000000006                                0.6843665103180019
61.95                                             0.6832258269641995
62                                                0.6820656220893672
62.05000000000001                                 0.6808875421632747
62.1                                              0.6796933893696999
62.15                                             0.6784851214677756
62.199999999999996                                0.6772648505668096
62.24999999999999                                 0.6760348406633364
62.300000000000004                                0.6747975037868162
62.35                                             0.6735553945995916
62.4                                              0.672311203300709
62.449999999999996                                0.6710677466906735
62.50000000000001                                 0.6698279572653633
62.550000000000004                                0.6685948702198447
62.6                                              0.6673716082596727
62.65                                             0.6661613641377849
62.7                                              0.6649673808673162
62.75                                             0.6637929295998976
62.8                                              0.6626412852025885
62.849999999999994                                0.6615156996127607
62.900000000000006                                0.6604193731008776
62.95                                             0.6593554236245475
63                                                0.658326854514607
63.05                                             0.6573365207950345
63.10000000000001                                 0.6563870944981589
63.150000000000006                                0.6554810293975966
63.2                                              0.654620525635559
63.25                                             0.6538074947642858
63.300000000000004                                0.6530435257347333
63.35                                             0.6523298523582627
63.4                                              0.6516673228187349
63.449999999999996                                0.6510563719947877
63.50000000000001                                 0.6504969973879625
63.550000000000004                                0.649988739142251
63.6                                              0.649530664461682
63.65                                             0.6491213568692078
63.70000000000001                                 0.6487589108046153
63.75000000000001                                 0.6484409319353303
63.800000000000004                                0.6481645434083219
63.849999999999994                                0.6479263981469723
63.900000000000006                                0.6477226971889393
63.95                                             0.647549213971926
64                                                0.6474013245204556
64.05                                             0.6472740436545699
64.10000000000001                                 0.6471620657887553
64.15                                             0.647059807774777
64.2                                              0.6469614578741074
64.25                                             0.6468610298863589
64.30000000000001                                 0.6467524183323817
64.35000000000001                                 0.646629455318999
64.4                                              0.6464859690002447
64.45                                             0.6463158428307991
64.50000000000001                                 0.6461130752404436
64.55000000000001                                 0.6458718415367749
64.60000000000001                                 0.6455865425696607
64.65                                             0.645251870167519
64.7                                              0.6448628577888538
64.75                                             0.6444148479282633
64.8                                              0.6439040175584513
64.85                                             0.6433263936425256
64.89999999999999                                 0.6426789966813679
64.95                                             0.6419592915774734
65                                                0.6411653488552072
65.05                                             0.6402958762565777
65.1                                              0.6393502435272594
65.15                                             0.6383285011396997
65.2                                              0.6372314002070001
65.25                                             0.6360603996143732
65.3                                              0.6348176705915107
65.35000000000001                                 0.6335060946212345
65.4                                              0.6321292544822424
65.45                                             0.6306914181817546
65.5                                              0.6291975155335306
65.55000000000001                                 0.6276531071646272
65.60000000000001                                 0.6260643448153766
65.65                                             0.6244379224888542
65.7                                              0.622781020642493
65.75                                             0.6211012423862002
65.8                                              0.6194065408443798
65.85                                             0.617705138745375
65.89999999999999                                 0.6160054410454915
65.95                                             0.6143159413787155
66                                                0.6126451233697486
66.05                                             0.611001358092481
66.1                                              0.6093927991732754
66.15                                             0.6078272772199835
66.2                                              0.6063121954052862
66.25                                             0.60485442813153
66.3                                              0.6034602247587669
66.35000000000001                                 0.6021351203918619
66.4                                              0.6008838556547736
66.45                                             0.5997103072079302
66.5                                              0.5986174305324875
66.55000000000001                                 0.5976072162626409
66.60000000000001                                 0.5966806610696312
66.65                                             0.5958377537597717
66.7                                              0.5950774768813379
66.75000000000001                                 0.5943978237576355
66.80000000000001                                 0.5937958305031553
66.85000000000001                                 0.593267622241731
66.9                                              0.5928084724470868
66.95                                             0.5924128740703326
67                                                0.5920746209205855
67.05                                             0.5917868976262651
67.1                                              0.5915423764224982
67.14999999999999                                 0.5913333189913598
67.2                                              0.5911516816122754
67.25                                             0.5909892219589045
67.3                                              0.5908376059952409
67.35                                             0.590688513567329
67.4                                              0.5905337414475457
67.45                                             0.5903653027542146
67.5                                              0.5901755218325504
67.55                                             0.5899571238323755
67.60000000000001                                 0.5897033183483991
67.65                                             0.5894078765987592
67.7                                              0.589065201695092
67.75                                             0.5886703916104695
67.80000000000001                                 0.5882192944733362
67.85000000000001                                 0.5877085558103181
67.9                                              0.5871356573350437
67.95                                             0.5864989468357026
68                                                0.5857976586614624
68.05                                             0.5850319242540443
68.1                                              0.5842027721253092
68.14999999999999                                 0.5833121166566153
68.2                                              0.5823627350973071
68.25                                             0.5813582321819004
68.3                                              0.580302991859617
68.35                                             0.5792021159181366
68.4                                              0.5780613490603095
68.45                                             0.5768869909673999
68.5                                              0.5756857955329221
68.55                                             0.5744648582158014
68.60000000000001                                 0.5732314927771847
68.65                                             0.571993099118631
68.7                                              0.5707570243934083
68.75                                             0.569530419988502
68.80000000000001                                 0.5683200973538315
68.85000000000001                                 0.5671323859537977
68.9                                              0.5659729968137092
68.95                                             0.5648468952039848
69.00000000000001                                 0.5637581859368639
69.05000000000001                                 0.5627100145337877
69.10000000000001                                 0.5617044871607608
69.15                                             0.5607426117349877
69.2                                              0.5598242620027075
69.25                                             0.5589481657042144
69.3                                              0.5581119172125979
69.35                                             0.5573120143008099
69.39999999999999                                 0.5565439179913575
69.45                                             0.555802133814819
69.5                                              0.5550803122740184
69.55                                             0.5543713659061771
69.6                                              0.5536676000645392
69.65                                             0.552960854409088
69.7                                              0.5522426520979553
69.75                                             0.551504353788306
69.8                                              0.5507373137707078
69.85000000000001                                 0.5499330358484514
69.9                                              0.5490833269007319
69.95                                             0.54818044641561
70                                                0.5472172506106153
70.05000000000001                                 0.5461873300578354
70.10000000000001                                 0.5450851399733069
70.15                                             0.5439061225024824
70.2                                              0.5426468204248681
70.25                                             0.5413049817045634
70.3                                              0.5398796542284953
70.35                                             0.5383712699045149
70.39999999999999                                 0.5367817170477325
70.45                                             0.5351143996758614
70.5                                              0.5333742819817268
70.55                                             0.5315679158819553
70.6                                              0.529703449173677
70.65                                             0.5277906115126967
70.7                                              0.5258406751830772
70.75                                             0.5238663875069113
70.8                                              0.5218818717901277
70.85000000000001                                 0.5199024939536459
70.9                                              0.5179446924998033
70.95                                             0.5160257702426309
71                                                0.5141636473046018
71.05000000000001                                 0.5123765762441326
71.10000000000001                                 0.5106828218101762
71.15                                             0.5091003096557727
71.2                                              0.5076462503049313
71.25000000000001                                 0.5063367466415691
71.30000000000001                                 0.5051863950287322
71.35000000000001                                 0.5042078917275524
71.4                                              0.5034116574028074
71.45                                             0.502805493035749
71.5                                              0.5023942804047572
71.55                                             0.5021797393647442
71.6                                              0.5021602524663468
71.64999999999999                                 0.5023307650572615
71.7                                              0.5026827660335871
71.75                                             0.5032043510529685
71.8                                              0.5038803665094721
71.85                                             0.5046926291548137
71.9                                              0.5056202131793661
71.95                                             0.5066397940511329
72                                                0.50772603661023
72.05                                             0.508852013930038
72.10000000000001                                 0.5099896433000622
72.15                                             0.5111101263166532
72.2                                              0.5121843813748618
72.25                                             0.5131834586926421
72.30000000000001                                 0.5140789301910503
72.35000000000001                                 0.5148432489178425
72.4                                              0.5154500750792151
72.45                                             0.5158745679695473
72.5                                              0.516093645068873
72.55                                             0.5160862112042693
72.6                                              0.515833361913562
72.64999999999999                                 0.5153185659677776
72.7                                              0.5145278324065365
72.75                                             0.5134498674296886
72.8                                              0.5120762260844375
72.85                                             0.510401462918986
72.9                                              0.5084232846609537
72.95                                             0.506142706547723
73                                                0.503564212206637
73.05                                             0.5006959149827335
73.10000000000001                                 0.4975497163762483
73.15                                             0.4941414548249462
73.2                                              0.4904910355338845
73.25                                             0.4866225295048111
73.30000000000001                                 0.4825642275121708
73.35000000000001                                 0.4783486326967347
73.4                                              0.4740123739308257
73.45                                             0.4695960214515897
73.50000000000001                                 0.4651437867255268
73.55000000000001                                 0.46070309043858937
73.60000000000001                                 0.4563239861154669
73.65                                             0.4520584323506534
73.7                                              0.4479594139792598
73.75                                             0.44407992154841797
73.8                                              0.44047180872997205
73.85                                             0.4371845581606388
73.89999999999999                                 0.43426399668575677
73.95                                             0.4317510100096035
74                                                0.4296803132168495
74.05                                             0.42807933644776447
74.1                                              0.42696728347152735
74.15                                             0.42635441463439616
74.2                                              0.42624159488607355
74.25                                             0.42662013305493507
74.3                                              0.4274719215132466
74.35000000000001                                 0.42876986744346607
74.4                                              0.4304785898203696
74.45                                             0.43255534158156866
74.5                                              0.43495110555775224
74.55000000000001                                 0.4376118063752231
74.60000000000001                                 0.4404795789630671
74.65                                             0.44349403719239555
74.7                                              0.44659349280594757
74.75                                             0.44971608412654906
74.8                                              0.4528007849251583
74.85                                             0.4557882751630794
74.89999999999999                                 0.4586216661653166
74.95                                             0.46124708241233836
75                                                0.4636141101028569
