25                                                0.3064248940759705
25.05                                             0.3059880708197652
25.1                                              0.3055519022067874
25.150000000000002                                0.30511647512405027
25.2                                              0.30468186010243387
25.25                                             0.3042481102414341
25.3                                              0.30381526030526157
25.35                                             0.3033833259817482
25.400000000000002                                0.30295230330944206
25.45                                             0.30252216832122913
25.5                                              0.3020928769557026
25.55                                             0.3016643652574646
25.6                                              0.3012365498748092
25.650000000000002                                0.30080932887799927
25.700000000000003                                0.30038258299496207
25.75                                             0.29995617770747574
25.8                                              0.2995299556014909
25.85                                             0.29910376665015453
25.900000000000002                                0.29867743189526574
25.950000000000003                                0.29825077192762656
26                                                0.29782360238861505
26.05                                             0.29739573743353426
26.099999999999998                                0.2969669929030737
26.150000000000002                                0.2965371899050252
26.2                                              0.2961061583373623
26.25                                             0.29567373956874865
26.299999999999997                                0.29523979056718497
26.349999999999998                                0.29480418814691617
26.4                                              0.2943668316185463
26.45                                             0.2939276453940178
26.5                                              0.2934865809468122
26.55                                             0.293043624279983
26.599999999999998                                0.29259879234260955
26.65                                             0.29215213283123775
26.7                                              0.29170373063892524
26.75                                             0.2912537004632899
26.8                                              0.2908021991329701
26.85                                             0.29034940826909444
26.9                                              0.2898955432846527
26.95                                             0.28944084326986663
27                                                0.2889855702528026
27.05                                             0.2885300028734961
27.1                                              0.28807443030756946
27.15                                             0.2876191452406469
27.2                                              0.2871644360069813
27.25                                             0.28671057797539334
27.3                                              0.2862578242865355
27.35                                             0.2858063960700091
27.400000000000002                                0.28535647229606925
27.45                                             0.2849081794426564
27.5                                              0.2844615811886203
27.55                                             0.2840166684387975
27.6                                              0.28357334750486235
27.650000000000002                                0.28313143971294713
27.7                                              0.28269065959497036
27.75                                             0.28225062107579846
27.8                                              0.28181082522731016
27.85                                             0.2813706611111716
27.900000000000002                                0.2809294032514363
27.950000000000003                                0.2804862135859142
28                                                0.28004014587231757
28.05                                             0.2795901525386967
28.1                                              0.27913509468249587
28.150000000000002                                0.2786737550092355
28.200000000000003                                0.27820485374058057
28.25                                             0.27772706745772374
28.3                                              0.27723905072678956
28.349999999999998                                0.27673946024576546
28.400000000000002                                0.2762269807730399
28.45                                             0.27570035215247596
28.500000000000004                                0.27515839925365587
28.549999999999997                                0.27460006321647523
28.6                                              0.27402443043244007
28.65                                             0.27343075733412686
28.700000000000003                                0.2728185169224097
28.75                                             0.272187386997816
28.8                                              0.27153730537087134
28.849999999999998                                0.27086847378810996
28.900000000000002                                0.2701813712994031
28.95                                             0.2694767610025005
29.000000000000004                                0.2687556896501133
29.05                                             0.26801947972847134
29.1                                              0.2672697134117447
29.15                                             0.26650820791456414
29.200000000000003                                0.2657369819326407
29.25                                             0.2649582130653042
29.300000000000004                                0.26417418635464845
29.35                                             0.2633872343533421
29.400000000000002                                0.26259966944654395
29.45                                             0.2618137094979976
29.499999999999996                                0.2610313982619417
29.55                                             0.260254522393299
29.600000000000005                                0.25948452728533034
29.650000000000002                                0.258722434352489
29.699999999999996                                0.25796876273383706
29.75                                             0.25722345869670227
29.800000000000004                                0.25648583624448473
29.85                                             0.2557545325460533
29.9                                              0.2550274817800639
29.95                                             0.2543019107988625
29.999999999999996                                0.25357435964004443
30.05                                             0.2528407293378288
30.099999999999998                                0.2520963587079627
30.150000000000002                                0.2513361308051999
30.2                                              0.25055460861108353
30.25                                             0.24974619823264102
30.299999999999997                                0.24890533653604496
30.35                                             0.24802669875791664
30.4                                              0.2471054203017628
30.450000000000003                                0.24613732569665256
30.5                                              0.24511915663702555
30.55                                             0.24404879018005718
30.599999999999998                                0.24292543758981544
30.650000000000002                                0.24174981400259046
30.7                                              0.24052426905749075
30.750000000000004                                0.23925286888545177
30.799999999999997                                0.23794142037938046
30.85                                             0.2365974294744368
30.9                                              0.23522998627335878
30.950000000000003                                0.23384957129396478
31                                                0.2324677789725838
31.05                                             0.23109695693134608
31.099999999999998                                0.2297497625370725
31.150000000000002                                0.22843864208144765
31.2                                              0.22717524260487015
31.250000000000004                                0.22596977203335988
31.3                                              0.2248303298518449
31.35                                             0.22376223777773668
31.4                                              0.2227674073382199
31.450000000000003                                0.22184378817113284
31.5                                              0.22098494630705728
31.550000000000004                                0.22017982447187603
31.6                                              0.21941273529135513
31.650000000000002                                0.21866363204015907
31.7                                              0.21790868960154228
31.749999999999996                                0.21712119400945962
31.8                                              0.21627282378257784
31.850000000000005                                0.21533504764306088
31.900000000000002                                0.21428092241746732
31.949999999999996                                0.2130869042664048
32                                                0.21173471164755966
32.050000000000004                                0.21021308281791956
32.1                                              0.2085193079732344
32.15                                             0.20666041988117195
32.2                                              0.20465393703833046
32.25000000000001                                 0.2025280715367844
32.300000000000004                                0.2003213332615637
32.35                                             0.19808147256757458
32.4                                              0.1958637099437379
32.45                                             0.19372821197497947
32.5                                              0.19173678013900317
32.55                                             0.18994874818623592
32.6                                              0.18841612166995633
32.65                                             0.1871780488962809
32.7                                              0.18625496848198084
32.75                                             0.18564283975767043
32.800000000000004                                0.18530818063704402
32.85                                             0.18518491071707902
32.9                                              0.1851740350830325
32.949999999999996                                0.185147394095828
33                                                0.1849559763939296
33.05                                             0.1844430714958118
33.1                                              0.18346116469239362
33.15                                             0.1818906977685599
33.2                                              0.17965804044206646
33.25                                             0.17674992310352486
33.300000000000004                                0.17322218005604806
33.35                                             0.1692017694778674
33.400000000000006                                0.1648822423873372
33.45                                             0.16051362551207546
33.5                                              0.15638767655161911
33.55                                             0.1528185102541965
33.6                                              0.15011679429430413
33.65                                             0.1485535457346408
33.7                                              0.1483081766059569
33.75                                             0.14939734573703584
33.8                                              0.15159051543157454
33.85                                             0.15433892780317468
33.900000000000006                                0.15677255681283683
33.95                                             0.15783040378109525
34                                                0.1565429042894604
34.05                                             0.15237538865280817
34.1                                              0.14545399856145522
34.15                                             0.13654734730916548
34.199999999999996                                0.12684926271824434
34.25                                             0.11773572823316104
34.300000000000004                                0.1106517533681979
34.35                                             0.10717297027723438
34.4                                              0.10910435964547566
34.45                                             0.11792997720956619
34.50000000000001                                 0.1316242505768585
34.550000000000004                                0.13937773628503322
34.6                                              0.130216252957533
34.65                                             0.11079528175498546
34.7                                              0.09297338799916924
34.75                                             0.08109634482125268
34.8                                              0.08634339973994797
34.85                                             0.09771101715593052
34.9                                              0.07870153177572649
34.95                                             0.07757155285658619
35                                                0.08003038569252663
35.050000000000004                                0.08442646399704402
35.1                                              0.09022603693238
35.15                                             0.09716055781611986
35.199999999999996                                0.10506105323351568
35.25                                             0.11380663895177738
35.3                                              0.12330335792669038
35.35                                             0.13347381380433765
35.4                                              0.14425148487262793
35.45                                             0.1555773629148489
35.5                                              0.16739786318159222
35.550000000000004                                0.1796634792803492
35.6                                              0.19232789764218583
35.650000000000006                                0.20534740667839038
35.7                                              0.2186805004197074
35.75                                             0.23228761317339858
35.8                                              0.24613094360787796
35.85                                             0.2601743402123382
35.9                                              0.2743832287540952
35.95                                             0.2887245680824982
36                                                0.3031668245213608
36.050000000000004                                0.3176799578018562
36.1                                              0.3322354134188657
36.150000000000006                                0.34680611770424163
36.2                                              0.36136647295202157
36.25                                             0.3758923507174082
36.3                                              0.39036108201302167
36.35                                             0.40475144358292836
36.4                                              0.41904363979350734
36.449999999999996                                0.43321927995247467
36.5                                              0.4472613510784122
36.550000000000004                                0.4611541862989651
36.6                                              0.4748834291765724
36.65                                             0.4884359943398016
36.7                                              0.5018000248549609
36.75000000000001                                 0.5149648468083448
36.800000000000004                                0.5279209215788921
36.849999999999994                                0.5406597962874706
36.9                                              0.5531740528943687
36.95                                             0.5654572563989751
37                                                0.5775039025686719
37.05                                             0.5893093655921104
37.1                                              0.6008698460157414
37.150000000000006                                0.6121823192874252
37.2                                              0.6232444851904471
37.25                                             0.6340547184185216
37.300000000000004                                0.6446120205014392
37.35                                             0.6549159732615367
37.4                                              0.6649666939419288
37.449999999999996                                0.6747647921228764
37.5                                              0.6843113285077251
37.55                                             0.6936077756376939
37.6                                              0.7026559805691588
37.65                                             0.7114581295305037
37.7                                              0.7200167145576916
37.75                                             0.7283345020878152
37.800000000000004                                0.7364145034773236
37.85                                             0.7442599473970685
37.900000000000006                                0.7518742540509074
37.95                                             0.7592610111559988
38                                                0.7664239516151626
38.05                                             0.7733669328078633
38.1                                              0.7800939174272248
38.15                                             0.7866089557364904
38.2                                              0.7929161693151235
38.25                                             0.7990197362282841
38.300000000000004                                0.8049238770629678
38.35                                             0.8106328424484792
38.400000000000006                                0.8161509014947241
38.45                                             0.8214823312973356
38.5                                              0.8266314073951379
38.55                                             0.8316023951310416
38.6                                              0.8363995419121464
38.65                                             0.8410270700008564
38.699999999999996                                0.8454891694953267
38.75                                             0.84978999280876
38.800000000000004                                0.8539336499887898
38.85                                             0.8579242038008987
38.9                                              0.8617656650732803
38.95                                             0.8654619881448945
39.00000000000001                                 0.8690170734443601
39.050000000000004                                0.8724347662047375
39.099999999999994                                0.8757188306944349
39.15                                             0.8788729716317095
39.2                                              0.8819008249855673
39.25                                             0.8848059813063527
39.3                                              0.8875919150989293
39.35                                             0.8902620299902679
39.400000000000006                                0.8928197658650023
39.45                                             0.8952683181843354
39.5                                              0.8976109205678299
39.550000000000004                                0.899850703756463
39.6                                              0.9019907237369245
39.65                                             0.9040339616772056
39.699999999999996                                0.9059833240179338
39.75                                             0.9078416427007188
39.800000000000004                                0.9096116755237312
39.85                                             0.9112961066164569
39.9                                              0.912897547027685
39.95                                             0.9144185354204131
40.00000000000001                                 0.915861538868632
40.050000000000004                                0.9172289537510105
40.1                                              0.9185231067368291
40.15                                             0.9197462558595703
40.2                                              0.9209005916704145
40.25                                             0.9219882384488867
40.3                                              0.9230112557237992
40.349999999999994                                0.9239716392110057
40.4                                              0.9248713226414043
40.45                                             0.9257121791860888
40.5                                              0.9264960230223475
40.55                                             0.9272246109035387
40.6                                              0.927899643889898
40.650000000000006                                0.9285227690313055
40.7                                              0.9290955811593512
40.75                                             0.9296196247100634
40.8                                              0.9300963955075229
40.85                                             0.9305273426216414
40.9                                              0.9309138702379601
40.949999999999996                                0.9312573395417404
41                                                0.9315590706183746
41.050000000000004                                0.9318203443502491
41.1                                              0.9320424042936325
41.15                                             0.9322264585254129
41.2                                              0.9323736813862376
41.25000000000001                                 0.9324852152901391
41.300000000000004                                0.9325621727943441
41.349999999999994                                0.9326056384328302
41.4                                              0.9326166702573001
41.45                                             0.9325963013716861
41.5                                              0.9325455440492789
41.55                                             0.9324653821664933
41.6                                              0.9323567869565248
41.650000000000006                                0.9322207076523266
41.7                                              0.9320580764303674
41.75                                             0.9318698094686741
41.800000000000004                                0.9316568080803397
41.85                                             0.9314199597982741
41.9                                              0.931160139373041
41.949999999999996                                0.9308782096749776
42                                                0.9305750224963046
42.050000000000004                                0.9302514192500823
42.1                                              0.9299082315636216
42.15                                             0.9295462817642529
42.2                                              0.9291663832563961
42.25000000000001                                 0.9287693407895692
42.300000000000004                                0.9283559506173036
42.35                                             0.927927000547511
42.400000000000006                                0.9274832698846416
42.45                                             0.9270255292650741
42.5                                              0.9265545403877246
42.55                                             0.9260710556422891
42.599999999999994                                0.9255758176386147
42.65                                             0.9250695586405825
42.7                                              0.9245529999092024
42.75                                             0.9240268509592302
42.8                                              0.9234918087351397
42.85                                             0.9229485567119387
42.900000000000006                                0.9223977639272223
42.95                                             0.921840083951336
43                                                0.9212761538028599
43.05                                             0.9207065928169279
43.1                                              0.920132001474578
43.15                                             0.919552960201286
43.199999999999996                                0.918970028143307
43.25                                             0.9183837419308983
43.300000000000004                                0.9177946144373822
43.35                                             0.9172031335438457
43.4                                              0.9166097609185828
43.45                                             0.9160149308213815
43.50000000000001                                 0.9154190489420283
43.550000000000004                                0.9148224912827294
43.599999999999994                                0.9142256030941057
43.65                                             0.9136286978743489
43.7                                              0.9130320564410483
43.75                                             0.912435926085358
43.8                                              0.911840519817582
43.85                                             0.9112460157131299
43.900000000000006                                0.9106525563669023
43.95                                             0.9100602484636702
44                                                0.9094691624718185
44.050000000000004                                0.9088793324671063
44.1                                              0.9082907560929337
44.15                                             0.9077033946629096
44.199999999999996                                0.9071171734111048
44.25                                             0.90653198189471
44.300000000000004                                0.905947674553522
44.35                                             0.9053640714296707
44.4                                              0.9047809590493864
44.45                                             0.9041980914656652
44.50000000000001                                 0.9036151914569734
44.550000000000004                                0.9030319518782948
44.6                                              0.9024480371657746
44.650000000000006                                0.9018630850011524
44.7                                              0.9012767081379032
44.75                                             0.9006884963824039
44.8                                              0.9000980187196524
44.849999999999994                                0.8995048255734842
44.9                                              0.8989084511939276
44.95                                             0.8983084161637751
45                                                0.8977042300137401
45.05                                             0.8970953939294805
45.1                                              0.8964814035291131
45.150000000000006                                0.8958617517073011
45.2                                              0.8952359315397882
45.25                                             0.8946034394586282
45.3                                              0.8939637782583703
45.35                                             0.8933164602248009
45.4                                              0.8926610101491652
45.449999999999996                                0.891996968367979
45.5                                              0.8913238938125307
45.550000000000004                                0.890641367046672
45.6                                              0.8899489932992422
45.65                                             0.8892464055020586
45.7                                              0.8885332670546718
45.75000000000001                                 0.8878092738525958
45.800000000000004                                0.8870741568072955
45.849999999999994                                0.8863276852194412
45.9                                              0.8855696691279228
45.95                                             0.8847999610561968
46                                                0.884018457618308
46.05                                             0.8832251007003603
46.1                                              0.882419882028499
46.150000000000006                                0.8816028516591139
46.2                                              0.8807740956593528
46.25                                             0.8799337517490204
46.300000000000004                                0.8790820139450494
46.35                                             0.8782191263586957
46.4                                              0.8773454079606463
46.449999999999996                                0.8764611834415306
46.5                                              0.8755668571401981
46.550000000000004                                0.8746629079288655
46.6                                              0.8737498147259596
46.65                                             0.8728281389368008
46.7                                              0.8718984802043156
46.75000000000001                                 0.8709614835333017
46.800000000000004                                0.8700178370800186
46.85                                             0.8690682697114028
46.900000000000006                                0.8681135483032005
46.95                                             0.8671544747797376
47                                                0.8661918829038228
47.05                                             0.8652266348282311
47.1                                              0.8642596174221622
47.15                                             0.8632917383877167
47.2                                              0.8623239221829775
47.25                                             0.86135710576995
47.3                                              0.8603922342067496
47.35                                             0.8594302561042289
47.400000000000006                                0.8584721189645741
47.45                                             0.8575187643888448
47.5                                              0.8565711216352021
47.55                                             0.8556301133250558
47.6                                              0.8546966259485537
47.65                                             0.8537715311467092
47.699999999999996                                0.8528556745973512
47.75                                             0.8519498573290749
47.800000000000004                                0.8510548458072651
47.85                                             0.8501713625723217
47.9                                              0.849300081889364
47.95                                             0.8484416258068794
48.00000000000001                                 0.8475965597289057
48.050000000000004                                0.8467653892415821
48.099999999999994                                0.8459485567274475
48.15                                             0.8451464379730724
48.2                                              0.8443593393475166
48.25                                             0.8435874952978551
48.3                                              0.842831066181923
48.35                                             0.8420901364760408
48.400000000000006                                0.8413647133747526
48.45                                             0.8406547257486683
48.5                                              0.8399600234954948
48.550000000000004                                0.8392803773539144
48.6                                              0.8386154791704303
48.65                                             0.8379649425864235
48.699999999999996                                0.8373283040872475
48.75                                             0.8367050244690565
48.800000000000004                                0.8360944907939396
48.85                                             0.8354960187875063
48.9                                              0.8349088556977903
48.95                                             0.8343321826476275
49.00000000000001                                 0.8337651204676149
49.050000000000004                                0.8332067309535556
49.1                                              0.8326560226488581
49.150000000000006                                0.8321119552708307
49.2                                              0.8315734446262912
49.25                                             0.8310393678820834
49.3                                              0.8305085691055708
49.35                                             0.8299798650494222
49.400000000000006                                0.8294520511519483
49.45                                             0.8289239077231754
49.5                                              0.8283942062855602
49.55                                             0.8278617160364785
49.6                                              0.8273252103993234
49.650000000000006                                0.8267834736285864
49.7                                              0.8262353074339477
49.75                                             0.8256795375876964
49.8                                              0.8251150204794652
49.85                                             0.8245406495816667
49.9                                              0.8239553617887554
49.949999999999996                                0.8233581435941604
50                                                0.8227480370682643
50.050000000000004                                0.8221241456023277
50.1                                              0.8214856393832896
50.15                                             0.8208317605657235
50.2                                              0.8201618281080679
50.25000000000001                                 0.819475242242071
50.300000000000004                                0.8187714885455808
50.349999999999994                                0.8180501415906544
50.4                                              0.8173108681414609
50.45                                             0.8165534298779628
50.5                                              0.8157776856244425
50.55                                             0.814983593064257
50.6                                              0.8141712099251551
50.650000000000006                                0.8133406946227525
50.7                                              0.8124923063527819
50.75                                             0.8116264046261871
50.800000000000004                                0.810743448244593
50.85                                             0.8098439937170648
50.9                                              0.8089286931225691
50.949999999999996                                0.8079982914262411
51                                                0.8070536232605388
51.050000000000004                                0.8060956091864843
51.1                                              0.8051252514527091
51.15                                             0.8041436292737008
51.2                                              0.8031518936514916
51.25000000000001                                 0.8021512617675279
51.300000000000004                                0.8011430109744304
51.35                                             0.8001284724192564
51.400000000000006                                0.7991090243325002
51.45                                             0.7980860850188456
51.5                                              0.7970611055877239
51.55                                             0.7960355624628344
51.6                                              0.7950109497110758
51.650000000000006                                0.7939887712308459
51.7                                              0.7929705328407215
51.75                                             0.7919577343079031
51.8                                              0.7909518613573568
51.85                                             0.7899543777006417
51.900000000000006                                0.7889667171245883
51.95                                             0.7879902756781785
52                                                0.7870264039959467
52.05                                             0.7860763997946913
52.1                                              0.7851415005793886
52.15                                             0.7842228765927187
52.199999999999996                                0.7833216240423451
52.25                                             0.7824387586375118
52.300000000000004                                0.7815752094670607
52.35                                             0.7807318132478254
52.4                                              0.7799093089713397
52.45                                             0.7791083329743711
52.50000000000001                                 0.7783294144574151
52.550000000000004                                0.7775729714760526
52.599999999999994                                0.7768393074303206
52.65                                             0.7761286080760905
52.7                                              0.7754409390805614
52.75                                             0.7747762441415847
52.8                                              0.7741343436887944
52.85                                             0.7735149341830396
52.900000000000006                                0.7729175880287628
52.95                                             0.7723417541130634
53                                                0.7717867589807921
53.050000000000004                                0.7712518086545704
53.1                                              0.7707359911083999
53.15                                             0.7702382794137004
53.199999999999996                                0.7697575355771941
53.25                                             0.7692925149875618
53.300000000000004                                0.7688418716923371
53.35                                             0.7684041640651874
53.4                                              0.7679778612230383
53.45                                             0.7675613500348292
53.50000000000001                                 0.7671529427452591
53.550000000000004                                0.7667508851812085
53.6                                              0.7663533655139757
53.65                                             0.7659585235675443
53.7                                              0.7655644606919815
53.75                                             0.7651692501831772
53.8                                              0.7647709477606079
53.849999999999994                                0.7643676011899607
53.900000000000006                                0.7639572604419248
53.95                                             0.763537990455057
54                                                0.7631078837274189
54.05                                             0.7626650713977828
54.10000000000001                                 0.7622077342008708
54.150000000000006                                0.7617341136115289
54.2                                              0.7612425227459652
54.25                                             0.7607313569579148
54.300000000000004                                0.760199108947158
54.35                                             0.759644382914418
54.4                                              0.7590658862428349
54.449999999999996                                0.758462449455028
54.50000000000001                                 0.7578330395696247
54.550000000000004                                0.7571767643503242
54.6                                              0.7564928779841592
54.65                                             0.7557808307932845
54.70000000000001                                 0.7550401524761692
54.75000000000001                                 0.7542705971201569
54.800000000000004                                0.7534721041965111
54.849999999999994                                0.7526447315289937
54.900000000000006                                0.7517887653921392
54.95                                             0.7509046509943569
55                                                0.7499930148851635
55.05                                             0.7490546626813953
55.10000000000001                                 0.7480905771716558
55.150000000000006                                0.7471019154302849
55.2                                              0.7460900048310466
55.25                                             0.745056337935928
55.3                                              0.7440025662514713
55.35                                             0.7429304928532371
55.4                                              0.7418420638854001
55.449999999999996                                0.7407393589492485
55.49999999999999                                 0.7396245804012588
55.550000000000004                                0.738500041588318
55.6                                              0.7373681540562047
55.65                                             0.7362314137754759
55.699999999999996                                0.7350923864378095
55.75000000000001                                 0.7339536918852991
55.800000000000004                                0.7328179877430533
55.85                                             0.7316879523295831
55.9                                              0.7305662668797738
55.95                                             0.7294555963072467
56                                                0.7283585840248762
56.05                                             0.7272777901726422
56.099999999999994                                0.7262157346673199
56.150000000000006                                0.7251748282246853
56.2                                              0.724157397432822
56.25                                             0.7231656071309648
56.3                                              0.7222014938025548
56.35000000000001                                 0.7212669296962848
56.400000000000006                                0.7203636065439873
56.45                                             0.7194930210739713
56.5                                              0.7186564629059728
56.550000000000004                                0.7178549982720297
56.6                                              0.7170894556895925
56.65                                             0.7163604219803907
56.699999999999996                                0.7156682331392754
56.75000000000001                                 0.715012967142781
56.800000000000004                                0.7143944396994281
56.85                                             0.7138122021540636
56.9                                              0.7132655415177663
56.95000000000001                                 0.712753482684754
57.00000000000001                                 0.7122747927632223
57.050000000000004                                0.711827987302052
57.099999999999994                                0.7114113386038067
57.150000000000006                                0.711022886512681
57.2                                              0.7106604512849707
57.25                                             0.710321648140986
57.3                                              0.7100039035109966
57.35000000000001                                 0.7097044729446026
57.400000000000006                                0.7094204605347543
57.45                                             0.7091488396785531
57.5                                              0.7088864750016425
57.55000000000001                                 0.7086301452644571
57.6                                              0.7083765670546012
57.65                                             0.708122419060492
57.699999999999996                                0.7078643668120103
57.74999999999999                                 0.7075990868777753
57.800000000000004                                0.7073232928277458
57.85                                             0.707033758927879
57.9                                              0.7067273448134521
57.949999999999996                                0.7064010192766567
58.00000000000001                                 0.7060518832731966
58.050000000000004                                0.705677192019812
58.1                                              0.7052743760166476
58.15                                             0.7048410608434379
58.2                                              0.7043750855809866
58.25                                             0.7038745197152377
58.3                                              0.7033376783883265
58.349999999999994                                0.7027631358681021
58.400000000000006                                0.7021497371172726
58.45                                             0.7014966073521733
58.5                                              0.7008031594912135
58.55                                             0.7000690994051331
58.60000000000001                                 0.6992944288934048
58.650000000000006                                0.698479446325781
58.7                                              0.6976247449030806
58.75                                             0.6967312085088015
58.800000000000004                                0.6958000051419606
58.85                                             0.6948325779438944
58.9                                              0.6938306338548488
58.949999999999996                                0.6927961299622409
59.00000000000001                                 0.69173125762948
59.050000000000004                                0.6906384245210277
59.1                                              0.6895202346684572
59.15                                             0.6883794667494832
59.20000000000001                                 0.6872190507799916
59.25000000000001                                 0.6860420434444229
59.300000000000004                                0.6848516023145743
59.349999999999994                                0.6836509592276746
59.400000000000006                                0.6824433931114112
59.45                                             0.6812322025581682
59.5                                              0.6800206784579983
59.55                                             0.6788120770030727
59.60000000000001                                 0.6776095933749651
59.650000000000006                                0.6764163364157597
59.7                                              0.6752353045720517
59.75                                             0.6740693633800925
59.80000000000001                                 0.6729212247349112
59.85                                             0.6717934281581824
59.9                                              0.6706883242444537
59.949999999999996                                0.6696080604287574
59.99999999999999                                 0.6685545691800588
60.050000000000004                                0.6675295586831732
60.1                                              0.6665345060320005
60.15                                             0.6655706529155028
60.199999999999996                                0.6646390037395369
60.25000000000001                                 0.6637403260907858
60.300000000000004                                0.6628751534159605
60.35                                             0.6620437897592955
60.4                                              0.6612463163762631
60.45                                             0.660482600020713
60.5                                              0.659752302685861
60.55                                             0.6590548925699927
60.599999999999994                                0.6583896560298943
60.650000000000006                                0.6577557102849164
60.7                                              0.6571520166366743
60.75                                             0.6565773939771827
60.8                                              0.6560305323691171
60.85000000000001                                 0.65551000649587
60.900000000000006                                0.6550142887965139
60.95                                             0.6545417621204447
61                                                0.6540907317573091
61.050000000000004                                0.6536594367215572
61.1                                              0.653246060193293
61.15                                             0.652848739043917
61.199999999999996                                0.6524655723972564
61.25000000000001                                 0.6520946292042097
61.300000000000004                                0.6517339548318593
61.35                                             0.6513815766929801
61.4                                              0.6510355089637686
61.45000000000001                                 0.6506937564603203
61.50000000000001                                 0.6503543177630947
61.550000000000004                                0.6500151876971709
61.599999999999994                                0.6496743592917023
61.650000000000006                                0.6493298253551385
61.7                                              0.6489795798128734
61.75                                             0.6486216189618427
61.8                                              0.648253942800317
61.85000000000001                                 0.6478745565924972
61.900000000000006                                0.647481472824738
61.95                                             0.6470727137042812
62                                                0.6466463143424509
62.05000000000001                                 0.6462003267509413
62.1                                              0.6457328247648045
62.15                                             0.6452419099857162
62.199999999999996                                0.6447257188190603
62.24999999999999                                 0.6441824306549478
62.300000000000004                                0.6436102772207429
62.35                                             0.6430075531084771
62.4                                              0.6423726274562427
62.449999999999996                                0.6417039567395807
62.50000000000001                                 0.6410000986038128
62.550000000000004                                0.6402597266472673
62.6                                              0.6394816460432471
62.65                                             0.6386648098695278
62.7                                              0.6378083359969084
62.75                                             0.6369115243718724
62.8                                              0.6359738745139172
62.849999999999994                                0.634995103034616
62.900000000000006                                0.6339751609720873
62.95                                             0.6329142507221428
63                                                0.6318128423346646
63.05                                             0.6306716889341956
63.10000000000001                                 0.6294918410201787
63.150000000000006                                0.628274659367754
63.2                                              0.6270218263053061
63.25                                             0.6257353550275827
63.300000000000004                                0.6244175966349205
63.35                                             0.6230712445878563
63.4                                              0.6216993362322761
63.449999999999996                                0.6203052510688717
63.50000000000001                                 0.6188927054332878
63.550000000000004                                0.6174657432481316
63.6                                              0.6160287225194173
63.65                                             0.6145862972632308
63.70000000000001                                 0.6131433945825919
63.75000000000001                                 0.6117051866566665
63.800000000000004                                0.6102770574690983
63.849999999999994                                0.6088645641690001
63.900000000000006                                0.6074733930034378
63.95                                             0.606109309748685
64                                                0.6047781046921205
64.05                                             0.6034855327564098
64.10000000000001                                 0.6022372496781484
64.15                                             0.6010387446327102
64.2                                              0.5998952696069232
64.25                                             0.5988117664368363
64.30000000000001                                 0.5977927927611196
64.35000000000001                                 0.5968424481611406
64.4                                              0.5959643017883746
64.45                                             0.5951613228422178
64.50000000000001                                 0.5944358153204985
64.55000000000001                                 0.5937893586582474
64.60000000000001                                 0.5932227566654296
64.65                                             0.5927359955526049
64.7                                              0.5923282061660055
64.75                                             0.5919976398664314
64.8                                              0.5917416611591774
64.85                                             0.5915567491509437
64.89999999999999                                 0.5914385109788398
64.95                                             0.5913817085277128
65                                                0.5913802980406233
65.05                                             0.5914274859132856
65.1                                              0.5915157837943725
65.15                                             0.59163707962765
65.2                                              0.591782737994717
65.25                                             0.5919436570331065
65.3                                              0.5921105448544238
65.35000000000001                                 0.5922735227532825
65.4                                              0.5924229037214266
65.45                                             0.5925488389072688
65.5                                              0.5926415717080264
65.55000000000001                                 0.5926915339421394
65.60000000000001                                 0.5926894504823607
65.65                                             0.5926264416061753
65.7                                              0.5924941214918008
65.75                                             0.5922846919673292
65.8                                              0.5919910308258891
65.85                                             0.591606774149861
65.89999999999999                                 0.5911263921752078
65.95                                             0.5905452582893987
66                                                0.5898597107848179
66.05                                             0.5890671069913144
66.1                                              0.5881658693830171
66.15                                             0.5871555232056042
66.2                                              0.5860367250990479
66.25                                             0.584811282112832
66.3                                              0.5834821604262077
66.35000000000001                                 0.5820534830109981
66.4                                              0.5805305154154762
66.45                                             0.5789196388184166
66.5                                              0.5772283095111296
66.55000000000001                                 0.5754650040250655
66.60000000000001                                 0.5736391492408874
66.65                                             0.5717610369979518
66.7                                              0.5698417229790926
66.75000000000001                                 0.5678929099696093
66.80000000000001                                 0.5659268159817145
66.85000000000001                                 0.5639560281868934
66.9                                              0.561993344090042
66.95                                             0.5600516023828458
67                                                0.558143503587259
67.05                                             0.5562814278698625
67.1                                              0.5544772509941193
67.14999999999999                                 0.5527421580333234
67.2                                              0.5510864617812355
67.25                                             0.5495194604697948
67.3                                              0.5480492553644681
67.35                                             0.5466826169913211
67.4                                              0.5454248886257032
67.45                                             0.5442798893938116
67.5                                              0.5432498524177822
67.55                                             0.5423353917307789
67.60000000000001                                 0.5415354985849877
67.65                                             0.5408475673115214
67.7                                              0.5402674494288147
67.75                                             0.5397895328007055
67.80000000000001                                 0.5394068462067587
67.85000000000001                                 0.5391111879231679
67.9                                              0.5388932707119646
67.95                                             0.5387428806778436
68                                                0.5386490474615893
68.05                                             0.5386002218802298
68.1                                              0.5385844573603001
68.14999999999999                                 0.5385895918988282
68.2                                              0.5386034276583919
68.25                                             0.5386139056931568
68.3                                              0.5386092737139324
68.35                                             0.5385782452018232
68.4                                              0.5385101485537857
68.45                                             0.5383950652637617
68.5                                              0.53822395640292
68.55                                             0.5379887768581078
68.60000000000001                                 0.5376825769086881
68.65                                             0.5372995907495777
68.7                                              0.536835311520902
68.75                                             0.5362865523070397
68.80000000000001                                 0.5356514924279663
68.85000000000001                                 0.5349297081710497
68.9                                              0.5341221869285132
68.95                                             0.5332313235359334
69.00000000000001                                 0.5322608974807248
69.05000000000001                                 0.5312160295908572
69.10000000000001                                 0.5301031168487601
69.15                                             0.5289297441280915
69.2                                              0.5277045719459781
69.25                                             0.5264371997707501
69.3                                              0.5251380050335167
69.35                                             0.5238179587487302
69.39999999999999                                 0.5224884195423242
69.45                                             0.5211609088743683
69.5                                              0.5198468711457679
69.55                                             0.5185574238213432
69.6                                              0.5173031042368499
69.65                                             0.5160936155638923
69.7                                              0.5149375857794337
69.75                                             0.5138423413888753
69.8                                              0.5128137056197297
69.85000000000001                                 0.511855827501118
69.9                                              0.510971047806934
69.95                                             0.5101598066890904
70                                                0.5094205963860117
70.05000000000001                                 0.5087499607609467
70.10000000000001                                 0.5081425417112375
70.15                                             0.5075911708029769
70.2                                              0.507087002930497
70.25                                             0.5066196874770829
70.3                                              0.5061775714281989
70.35                                             0.5057479282148237
70.39999999999999                                 0.5053172057530211
70.45                                             0.5048712871872659
70.5                                              0.5043957582016516
70.55                                             0.5038761753735579
70.6                                              0.5032983308413306
70.65                                             0.5026485094625319
70.7                                              0.5019137355728217
70.75                                             0.501082007351516
70.8                                              0.5001425175913214
70.85000000000001                                 0.49908586031093477
70.9                                              0.4979042231033521
70.95                                             0.4965915653505086
71                                                0.4951437824554776
71.05000000000001                                 0.49355885603383515
71.10000000000001                                 0.49183698958321886
71.15                                             0.4899807285327185
71.2                                              0.48799506278547705
71.25000000000001                                 0.4858875089529027
71.30000000000001                                 0.48366816848261374
71.35000000000001                                 0.48134975687065096
71.4                                              0.4789475981928222
71.45                                             0.47647957838550103
71.5                                              0.4739660501555695
71.55                                             0.47142968220602266
71.6                                              0.4688952457678591
71.64999999999999                                 0.46638933231098834
71.7                                              0.4639399978942219
71.75                                             0.4615763319415402
71.8                                              0.45932795132260423
71.85                                             0.45722442440141514
71.9                                              0.45529463406260307
71.95                                             0.4535660933807223
72                                                0.45206423225611025
72.05                                             0.4508116775960456
72.10000000000001                                 0.4498275530331292
72.15                                             0.44912682632614903
72.2                                              0.44871973309005303
72.25                                             0.44861130411165545
72.30000000000001                                 0.44880102013003836
72.35000000000001                                 0.449282612703075
72.4                                              0.45004402297146623
72.45                                             0.4510675222664958
72.5                                              0.45232999022999393
72.55                                             0.45380333812477625
72.6                                              0.4554550579873093
72.64999999999999                                 0.45724887277912224
72.7                                              0.45914545913263494
72.75                                             0.4611032128443903
72.8                                              0.4630790279100941
72.85                                             0.46502906240853953
72.9                                              0.4669094685302074
72.95                                             0.46867706905809137
73                                                0.4702899681456391
73.05                                             0.4717080898295563
73.10000000000001                                 0.4728936429651741
73.15                                             0.47381151588244896
73.2                                              0.4744296078198956
73.25                                             0.4747191069998382
73.30000000000001                                 0.47465472703897404
73.35000000000001                                 0.47421491426752077
73.4                                              0.47338203853113314
73.45                                             0.4721425792526384
73.50000000000001                                 0.4704873170112837
73.55000000000001                                 0.46841153872615493
73.60000000000001                                 0.4659152617499137
73.65                                             0.46300347882071424
73.7                                              0.4596864219087359
73.75                                             0.45597983854954366
73.8                                              0.45190526934072317
73.85                                             0.4474903099813918
73.89999999999999                                 0.4427688357522125
73.95                                             0.4377811609271593
74                                                0.43257410070803864
74.05                                             0.42720089941568384
74.1                                              0.42172098653342766
74.15                                             0.41619952256432247
74.2                                              0.4107067003080361
74.25                                             0.4053167748126232
74.3                                              0.40010680735896065
74.35000000000001                                 0.39515512544651477
74.4                                              0.3905395213489815
74.45                                             0.38633523514600515
74.5                                              0.3826127922812264
74.55000000000001                                 0.3794357880183782
74.60000000000001                                 0.3768587287429728
74.65                                             0.37492504997475584
74.7                                              0.3736654308697061
74.75                                             0.3730965136293298
74.8                                              0.37322011377987924
74.85                                             0.3740229754923192
74.89999999999999                                 0.3754770882239377
74.95                                             0.3775405411678958
75                                                0.3801588548395643
