25                                                0.2900132989324181
25.05                                             0.2893522897346574
25.1                                              0.28868759436183444
25.150000000000002                                0.288019831034858
25.2                                              0.2873495817318972
25.25                                             0.2866773750552028
25.3                                              0.2860036688272502
25.35                                             0.28532883284404886
25.400000000000002                                0.28465313226265854
25.45                                             0.28397671214344195
25.5                                              0.28329958369992975
25.55                                             0.2826216128309963
25.6                                              0.2819425115158556
25.650000000000002                                0.2812618326429933
25.700000000000003                                0.28057896881566957
25.75                                             0.27989315562382394
25.8                                              0.2792034797931401
25.85                                             0.27850889252078953
25.900000000000002                                0.27780822818714646
25.950000000000003                                0.2771002284999531
26                                                0.27638357199550617
26.05                                             0.2756569089017298
26.099999999999998                                0.2749188988988019
26.150000000000002                                0.2741682579111986
26.2                                              0.2734037936366517
26.25                                             0.27262446481479674
26.299999999999997                                0.27182942301877255
26.349999999999998                                0.27101805897518333
26.4                                              0.27019006181261435
26.45                                             0.26934543634101166
26.5                                              0.2684845484935319
26.55                                             0.26760815718603376
26.599999999999998                                0.26671742565588313
26.65                                             0.26581392857390795
26.7                                              0.26489964519047043
26.75                                             0.26397693797922045
26.8                                              0.2630485160782193
26.85                                             0.262117382546272
26.9                                              0.26118676513860567
26.95                                             0.26026003084778704
27                                                0.2593405850340017
27.05                                             0.25843175667441576
27.1                                              0.25753667201932134
27.15                                             0.2566581197822318
27.2                                              0.25579841190322633
27.25                                             0.2549592447872533
27.3                                              0.2541415667379805
27.35                                             0.2533454580327859
27.400000000000002                                0.2525700306255952
27.45                                             0.25181335474814215
27.5                                              0.2510724196206895
27.55                                             0.25034313500017746
27.6                                              0.2496203793631439
27.650000000000002                                0.24889809912895372
27.7                                              0.24816946144353852
27.75                                             0.24742706067203127
27.8                                              0.24666317599907783
27.85                                             0.24587007455971557
27.900000000000002                                0.24504035147566275
27.950000000000003                                0.2441672952173898
28                                                0.24324526401260943
28.05                                             0.24227005673706137
28.1                                              0.24123926001999352
28.150000000000002                                0.24015255232601584
28.200000000000003                                0.23901194544133106
28.25                                             0.23782194396612993
28.3                                              0.23658960434576345
28.349999999999998                                0.23532447671964588
28.400000000000002                                0.2340384152407635
28.45                                             0.23274524561014714
28.500000000000004                                0.2314602826681792
28.549999999999997                                0.23019969649568384
28.6                                              0.22897973265848165
28.65                                             0.22781580028311751
28.700000000000003                                0.22672145336624655
28.75                                             0.2257073054887942
28.8                                              0.22477993276952424
28.849999999999998                                0.22394083627825093
28.900000000000002                                0.22318555212120317
28.95                                             0.22250300736418896
29.000000000000004                                0.221875219036938
29.05                                             0.22127745103873417
29.1                                              0.22067890285617556
29.15                                             0.22004396610312948
29.200000000000003                                0.2193341041853527
29.25                                             0.2185101969694833
29.300000000000004                                0.2175353391889566
29.35                                             0.21637787898730101
29.400000000000002                                0.21501447452750905
29.45                                             0.2134328833650934
29.499999999999996                                0.21163437553179995
29.55                                             0.20963536757719733
29.600000000000005                                0.20746820919337355
29.650000000000002                                0.20518091185561987
29.699999999999996                                0.2028356998041161
29.75                                             0.20050627487644407
29.800000000000004                                0.19827369879924692
29.85                                             0.19622081500909178
29.9                                              0.19442518260510255
29.95                                             0.19295061615188583
29.999999999999996                                0.19183766030282687
30.05                                             0.19109371040542084
30.099999999999998                                0.19068401296118137
30.150000000000002                                0.1905253590206745
30.2                                              0.19048472536492955
30.25                                             0.19038512669822158
30.299999999999997                                0.19002020906884703
30.35                                             0.18917750493665528
30.4                                              0.18766803103745094
30.450000000000003                                0.18535774452975032
30.5                                              0.18219521493936283
30.55                                             0.1782303828173945
30.599999999999998                                0.17362136721209395
30.650000000000002                                0.1686290093963878
30.7                                              0.1636008242528629
30.750000000000004                                0.15894610590520192
30.799999999999997                                0.1551015939039876
30.85                                             0.15248270627548546
30.9                                              0.15141055148044444
30.950000000000003                                0.15200416240464787
31                                                0.1540399819792876
31.05                                             0.15681903327106936
31.099999999999998                                0.15914435174966654
31.150000000000002                                0.15954330640856523
31.2                                              0.15676681735783168
31.250000000000004                                0.1503496677571398
31.3                                              0.1408690086591538
31.35                                             0.12974981880681352
31.4                                              0.11884849525480139
31.450000000000003                                0.11017823402181359
31.5                                              0.1059552411248863
31.550000000000004                                0.10874498180371084
31.6                                              0.12024513260453472
31.650000000000002                                0.1347476923723219
31.7                                              0.13439196843087794
31.749999999999996                                0.11489921930063347
31.8                                              0.09283989017313368
31.850000000000005                                0.07754779895041736
31.900000000000002                                0.0816743332064972
31.949999999999996                                0.08666240816382355
32                                                0.07168194500979296
32.050000000000004                                0.07155192611029958
32.1                                              0.07501942583903634
32.15                                             0.08063317933522379
32.2                                              0.08787426757240305
32.25000000000001                                 0.09646264162352346
32.300000000000004                                0.10621302931016453
32.35                                             0.11698734072625443
32.4                                              0.12867421993919906
32.45                                             0.14117877069211932
32.5                                              0.15441687333472653
32.55                                             0.16831184730975693
32.6                                              0.18279241911617597
32.65                                             0.19779146256117272
32.7                                              0.2132452164056361
32.75                                             0.22909280592953768
32.800000000000004                                0.2452759614653247
32.85                                             0.2617388654915031
32.9                                              0.2784280829404099
32.949999999999996                                0.29529254385649517
33                                                0.31228355702113764
33.05                                             0.329354839545963
33.1                                              0.3464625518720497
33.15                                             0.36356533077802416
33.2                                              0.380624315339748
33.25                                             0.39760316254221856
33.300000000000004                                0.41446805054602087
33.35                                             0.4311876685910554
33.400000000000006                                0.4477331932585736
33.45                                             0.4640782513782056
33.5                                              0.48019887029951885
33.55                                             0.4960734165446395
33.6                                              0.5116825240677336
33.65                                             0.5270090134604455
33.7                                              0.5420378034962703
33.75                                             0.5567558164317014
33.8                                              0.5711518784923394
33.85                                             0.5852166169105908
33.900000000000006                                0.5989423547177773
33.95                                             0.6123230043909
34                                                0.6253539613995225
34.05                                             0.6380319986084767
34.1                                              0.6503551623594911
34.15                                             0.662322670912433
34.199999999999996                                0.6739348157165358
34.25                                             0.6851928659103398
34.300000000000004                                0.696098976898453
34.35                                             0.7066561034201956
34.4                                              0.7168679165551978
34.45                                             0.7267387249117591
34.50000000000001                                 0.7362734004263299
34.550000000000004                                0.7454773089568693
34.6                                              0.7543562465794117
34.65                                             0.7629163792395901
34.7                                              0.7711641809581816
34.75                                             0.7791063856172493
34.8                                              0.7867499411922075
34.85                                             0.7941019634630342
34.9                                              0.8011696949701818
34.95                                             0.807960481414972
35                                                0.8144817107298477
35.050000000000004                                0.8207408001543568
35.1                                              0.826745152462226
35.15                                             0.8325022467800469
35.199999999999996                                0.8380193436835761
35.25                                             0.8433037738576001
35.3                                              0.8483627298819272
35.35                                             0.8532033254949252
35.4                                              0.8578325588141068
35.45                                             0.8622573064084175
35.5                                              0.8664843135394183
35.550000000000004                                0.8705201859562433
35.6                                              0.8743713830725627
35.650000000000006                                0.8780442124023521
35.7                                              0.881544825143752
35.75                                             0.8848792128069883
35.8                                              0.8880532047905748
35.85                                             0.8910724668161397
35.9                                              0.8939425001391131
35.95                                             0.8966686414589589
36                                                0.8992560634578665
36.050000000000004                                0.9017097759029108
36.1                                              0.9040346272504329
36.150000000000006                                0.9062353066975227
36.2                                              0.9083163466283125
36.25                                             0.9102821254073044
36.3                                              0.9121368704758036
36.35                                             0.9138846617103262
36.4                                              0.915529435005333
36.449999999999996                                0.9170749860456969
36.5                                              0.9185249742365331
36.550000000000004                                0.919882926761298
36.6                                              0.9211522427403017
36.65                                             0.9223361974647545
36.7                                              0.9234379466822815
36.75000000000001                                 0.9244605309119963
36.800000000000004                                0.9254068797680567
36.849999999999994                                0.9262798162729335
36.9                                              0.9270820611439063
36.95                                             0.9278162370406452
37                                                0.9284848727656195
37.05                                             0.9290904074088376
37.1                                              0.9296351944210435
37.150000000000006                                0.930121505589878
37.2                                              0.9305515348943985
37.25                                             0.9309274022271123
37.300000000000004                                0.931251156987015
37.35                                             0.9315247815505594
37.4                                              0.9317501946220259
37.449999999999996                                0.9319292544421011
37.5                                              0.9320637625242947
37.55                                             0.9321554626368133
37.6                                              0.9322060490298981
37.65                                             0.9322171660396218
37.7                                              0.9321904116400306
37.75                                             0.9321273395901536
37.800000000000004                                0.9320294606520543
37.85                                             0.9318982502460542
37.900000000000006                                0.9317351236184526
37.95                                             0.9315414863719316
38                                                0.931318692373467
38.05                                             0.9310680631769943
38.1                                              0.9307908865914977
38.15                                             0.9304884174586237
38.2                                              0.9301618783308353
38.25                                             0.9298124599591131
38.300000000000004                                0.9294413217810746
38.35                                             0.9290495922306937
38.400000000000006                                0.9286383688948657
38.45                                             0.9282087185561833
38.5                                              0.9277616771257393
38.55                                             0.9272982494559472
38.6                                              0.9268194090376889
38.65                                             0.9263260976413126
38.699999999999996                                0.9258192249070577
38.75                                             0.9252996678423546
38.800000000000004                                0.9247682702464745
38.85                                             0.9242258420924861
38.9                                              0.9236731588789983
38.95                                             0.9231109609604651
39.00000000000001                                 0.9225399528655496
39.050000000000004                                0.9219608026114945
39.099999999999994                                0.9213741410230308
39.15                                             0.9207805610711418
39.2                                              0.9201806172503594
39.25                                             0.9195748250058378
39.3                                              0.9189636602151923
39.35                                             0.9183475587337359
39.400000000000006                                0.9177269160142487
39.45                                             0.9171020868118533
39.5                                              0.9164733849833301
39.550000000000004                                0.9158410833898433
39.6                                              0.9152054139125637
39.65                                             0.9145665675915674
39.699999999999996                                0.9139246948988641
39.75                                             0.9132799061503002
39.800000000000004                                0.9126322720452289
39.85                                             0.9119818243203078
39.9                                              0.9113285565368997
39.95                                             0.9106724250421642
40.00000000000001                                 0.910013350108852
40.050000000000004                                0.9093512172317773
40.1                                              0.9086858785690387
40.15                                             0.9080171545302997
40.2                                              0.9073448355127299
40.25                                             0.9066686837670906
40.3                                              0.9059884353531031
40.349999999999994                                0.9053038022236686
40.4                                              0.9046144746041946
40.45                                             0.903920123545284
40.5                                              0.9032204034092989
40.55                                             0.9025149544113397
40.6                                              0.9018034053116858
40.650000000000006                                0.9010853762810214
40.7                                              0.9003604822810746
40.75                                             0.8996283370229688
40.8                                              0.8988885533626514
40.85                                             0.898140744853971
40.9                                              0.897384532948116
40.949999999999996                                0.8966195493951352
41                                                0.8958454376732264
41.050000000000004                                0.895061855230772
41.1                                              0.8942684924305098
41.15                                             0.893465046435036
41.2                                              0.8926512357420063
41.25000000000001                                 0.8918268113670507
41.300000000000004                                0.8909915611590511
41.349999999999994                                0.8901453061659879
41.4                                              0.8892878977880775
41.45                                             0.8884191982989175
41.5                                              0.8875391589050925
41.55                                             0.8866477434441553
41.6                                              0.8857449639700524
41.650000000000006                                0.8848308776325566
41.7                                              0.8839055878240435
41.75                                             0.882969245250552
41.800000000000004                                0.8820220487832066
41.85                                             0.8810642460627105
41.9                                              0.8800961338446485
41.949999999999996                                0.8791180580771318
42                                                0.8781304137045645
42.050000000000004                                0.8771336441928759
42.1                                              0.8761282407734123
42.15                                             0.8751147414037994
42.2                                              0.8740937294457329
42.25000000000001                                 0.8730658320610747
42.300000000000004                                0.872031718329251
42.35                                             0.8709920970907415
42.400000000000006                                0.8699477145227288
42.45                                             0.8688993514551703
42.5                                              0.8678478204366301
42.55                                             0.866793962561127
42.599999999999994                                0.8657386440686697
42.65                                             0.8646827527336176
42.7                                              0.8636271940565746
42.75                                             0.8625728872766868
42.8                                              0.8615207612228075
42.85                                             0.8604717500228422
42.900000000000006                                0.8594267886921884
42.95                                             0.8583868086228388
43                                                0.8573527329959404
43.05                                             0.8563254721413159
43.1                                              0.8553059188682111
43.15                                             0.8542949437921736
43.199999999999996                                0.8532933906830779
43.25                                             0.8523020718599169
43.300000000000004                                0.8513217636576077
43.35                                             0.850353201991634
43.4                                              0.8493970780460868
43.45                                             0.84845403411112
43.50000000000001                                 0.8475246595961647
43.550000000000004                                0.846609487243455
43.599999999999994                                0.8457089895658357
43.65                                             0.844823575530786
43.7                                              0.8439535875120194
43.75                                             0.8430992985280478
43.8                                              0.8422609097809601
43.85                                             0.8414385484462161
43.900000000000006                                0.8406322761264897
43.95                                             0.8398420393314051
44                                                0.8390677554059931
44.050000000000004                                0.8383092480762716
44.1                                              0.8375662465194675
44.15                                             0.8368384096378692
44.199999999999996                                0.8361253199855472
44.25                                             0.8354264822303491
44.300000000000004                                0.8347413249805856
44.35                                             0.8340692021399851
44.4                                              0.8334093960613179
44.45                                             0.8327611204747686
44.50000000000001                                 0.8321235229411484
44.550000000000004                                0.83149568854376
44.6                                              0.8308766438544479
44.650000000000006                                0.8302653610987313
44.7                                              0.829660762692473
44.75                                             0.8290617263615322
44.8                                              0.8284670904501559
44.849999999999994                                0.8278756594876351
44.9                                              0.82728621005611
44.95                                             0.8266974969171655
45                                                0.8261082593596014
45.05                                             0.825517227731391
45.1                                              0.8249231301246643
45.150000000000006                                0.8243246991960429
45.2                                              0.8237206790858066
45.25                                             0.8231098323820126
45.3                                              0.8224909470936755
45.35                                             0.8218628436028106
45.4                                              0.821224381557405
45.449999999999996                                0.8205744666650269
45.5                                              0.8199120573459581
45.550000000000004                                0.8192361712036418
45.6                                              0.8185458912684032
45.65                                             0.8178403719721822
45.7                                              0.8171188448202288
45.75000000000001                                 0.8163806237350327
45.800000000000004                                0.8156251100453215
45.849999999999994                                0.814851797082865
45.9                                              0.8140602743450842
45.95                                             0.8132502311851139
46                                                0.8124214599980345
46.05                                             0.8115738588779929
46.1                                              0.8107074337254262
46.150000000000006                                0.8098222997855643
46.2                                              0.8089186826023106
46.25                                             0.8079969183755534
46.300000000000004                                0.8070574537163498
46.35                                             0.8061008447966944
46.4                                              0.8051277558813964
46.449999999999996                                0.8041389572073977
46.5                                              0.8031353221812813
46.550000000000004                                0.802117823924374
46.6                                              0.8010875312340237
46.65                                             0.8000456039911104
46.7                                              0.7989932879980227
46.75000000000001                                 0.7979319092375188
46.800000000000004                                0.7968628675678486
46.85                                             0.7957876298799017
46.900000000000006                                0.7947077227352921
46.95                                             0.7936247244945048
47                                                0.792540256994346
47.05                                             0.7914559769880979
47.1                                              0.7903735674577651
47.15                                             0.7892947284303089
47.2                                              0.7882211672106793
47.25                                             0.787154588457085
47.3                                              0.7860966842420608
47.35                                             0.7850491240443864
47.400000000000006                                0.7840135448289307
47.45                                             0.7829915420261618
47.5                                              0.7819846618000741
47.55                                             0.7809943870997643
47.6                                              0.7800221215596265
47.65                                             0.779069188524831
47.699999999999996                                0.77813682419435
47.75                                             0.7772261660323374
47.800000000000004                                0.7763382429444718
47.85                                             0.7754739639542648
47.9                                              0.7746341243300061
47.95                                             0.7738193976018038
48.00000000000001                                 0.7730303020751634
48.050000000000004                                0.7722672209767995
48.099999999999994                                0.7715303788468596
48.15                                             0.7708199472101361
48.2                                              0.7701357831388993
48.25                                             0.7694776898424179
48.3                                              0.7688453282811323
48.35                                             0.7682381642411359
48.400000000000006                                0.7676555272912626
48.45                                             0.7670965935696471
48.5                                              0.766560390518407
48.550000000000004                                0.766045800893394
48.6                                              0.765551567642802
48.65                                             0.7650762997320572
48.699999999999996                                0.7646184789082089
48.75                                             0.7641764673796714
48.800000000000004                                0.7637485163774239
48.85                                             0.763332775556142
48.9                                              0.7629273031876032
48.95                                             0.7625300770914856
49.00000000000001                                 0.762139006243468
49.050000000000004                                0.7617519429943933
49.1                                              0.7613666958294256
49.150000000000006                                0.76098104259126
49.2                                              0.7605927440870536
49.25                                             0.7601995579955163
49.3                                              0.7597992529869432
49.35                                             0.7593896229669441
49.400000000000006                                0.7589685013522743
49.45                                             0.7585337752862484
49.5                                              0.7580833996997643
49.55                                             0.7576154111246857
49.6                                              0.7571279411657255
49.650000000000006                                0.7566192295386849
49.7                                              0.7560876365839209
49.75                                             0.7555316551661059
49.8                                              0.7549499218739336
49.85                                             0.7543412274364816
49.9                                              0.7537045262765267
49.949999999999996                                0.7530389451252594
50                                                0.7523437906274898
50.050000000000004                                0.7516185558715379
50.1                                              0.7508629257835528
50.15                                             0.7500767813322242
50.2                                              0.749260202496333
50.25000000000001                                 0.7484134699546215
50.300000000000004                                0.7475370654650078
50.349999999999994                                0.7466316709082542
50.4                                              0.7456981659794735
50.45                                             0.744737624520094
50.5                                              0.7437513094918378
50.55                                             0.742740666604183
50.6                                              0.7417073166162768
50.650000000000006                                0.7406530463439939
50.7                                              0.7395797984135641
50.75                                             0.7384896598128569
50.800000000000004                                0.737384849302619
50.85                                             0.7362677037595932
50.9                                              0.7351406635326856
50.949999999999996                                0.7340062568989447
51                                                0.7328670836850588
51.050000000000004                                0.7317257976429096
51.1                                              0.7305850975786522
51.15                                             0.7294476808631425
51.2                                              0.7283162665164271
51.25000000000001                                 0.7271935470033343
51.300000000000004                                0.7260821812472438
51.35                                             0.7249847692668764
51.400000000000006                                0.7239038402939243
51.45                                             0.7228418324213007
51.5                                              0.7218010795278984
51.55                                             0.7207837881117423
51.6                                              0.7197920185063182
51.650000000000006                                0.7188276817335245
51.7                                              0.7178925182433153
51.75                                             0.7169880860914626
51.8                                              0.7161157496240587
51.85                                             0.7152766695948558
51.900000000000006                                0.7144717941205946
51.95                                             0.7137018502223558
52                                                0.7129673385678529
52.05                                             0.7122685299807604
52.1                                              0.7116054624632244
52.15                                             0.7109779398569187
52.199999999999996                                0.7103855322772124
52.25                                             0.7098275781821708
52.300000000000004                                0.709303188021256
52.35                                             0.7088112494295177
52.4                                              0.708350433900443
52.45                                             0.7079192048370504
52.50000000000001                                 0.7075158269520768
52.550000000000004                                0.7071383770529867
52.599999999999994                                0.7067847561240651
52.65                                             0.7064527025426203
52.7                                              0.7061398063288771
52.75                                             0.7058435243609257
52.8                                              0.7055611964703349
52.85                                             0.705290062319762
52.900000000000006                                0.7050272789575316
52.95                                             0.7047699389396238
53                                                0.7045150889046196
53.050000000000004                                0.7042597484821576
53.1                                              0.7040009294156431
53.15                                             0.7037356547883482
53.199999999999996                                0.7034609782500555
53.25                                             0.7031740031356433
53.300000000000004                                0.7028719013537023
53.35                                             0.7025519319188018
53.4                                              0.7022114590054296
53.45                                             0.7018479694072544
53.50000000000001                                 0.7014590892879883
53.550000000000004                                0.7010426001131105
53.6                                              0.7005964536553855
53.65                                             0.7001187859712565
53.7                                              0.6996079302515815
53.75                                             0.6990624284560154
53.8                                              0.6984810416490802
53.849999999999994                                0.697862758965129
53.900000000000006                                0.6972068051394547
53.95                                             0.6965126465511292
54                                                0.6957799957267714
54.05                                             0.6950088142609101
54.10000000000001                                 0.6941993141254339
54.150000000000006                                0.6933519573711947
54.2                                              0.692467454245361
54.25                                             0.6915467597490442
54.300000000000004                                0.6905910686580394
54.35                                             0.689601809038284
54.4                                              0.6885806343031411
54.449999999999996                                0.6875294138737699
54.50000000000001                                 0.6864502225116126
54.550000000000004                                0.6853453283944322
54.6                                              0.6842171800025473
54.65                                             0.6830683918860181
54.70000000000001                                 0.6819017294420816
54.75000000000001                                 0.6807200929301712
54.800000000000004                                0.6795265008474787
54.849999999999994                                0.6783240725086437
54.900000000000006                                0.677116009785403
54.95                                             0.6759055782679182
55                                                0.674696088054524
55.05                                             0.673490874213939
55.10000000000001                                 0.6722932769430117
55.150000000000006                                0.6711066215430452
55.2                                              0.6699341987564028
55.25                                             0.6687792467773854
55.3                                              0.6676449330569737
55.35                                             0.6665343272643148
55.4                                              0.6654503767984169
55.449999999999996                                0.6643958947115186
55.49999999999999                                 0.6633735428596694
55.550000000000004                                0.6623858111710889
55.6                                              0.6614349981286252
55.65                                             0.660523192253516
55.699999999999996                                0.6596522524608984
55.75000000000001                                 0.6588237947929976
55.800000000000004                                0.658039184967852
55.85                                             0.6572995074090598
55.9                                              0.6566055586477303
55.95                                             0.655957835288595
56                                                0.6553565033771536
56.05                                             0.6548015123996783
56.099999999999994                                0.6542923313784993
56.150000000000006                                0.6538284421006928
56.2                                              0.6534080721405512
56.25                                             0.6530303655258545
56.3                                              0.6526933691625646
56.35000000000001                                 0.6523949696592095
56.400000000000006                                0.6521327369138068
56.45                                             0.6519039312080872
56.5                                              0.6517055154419154
56.550000000000004                                0.6515341704994463
56.6                                              0.6513863134916748
56.65                                             0.6512581187784894
56.699999999999996                                0.6511455416744295
56.75000000000001                                 0.6510443447151918
56.800000000000004                                0.6509501263286971
56.85                                             0.6508583517206981
56.9                                              0.6507643857525242
56.95000000000001                                 0.6506635275585938
57.00000000000001                                 0.6505510466246881
57.050000000000004                                0.6504222200248608
57.099999999999994                                0.6502723704973522
57.150000000000006                                0.6500969050248772
57.2                                              0.6498913535767363
57.25                                             0.6496514076648962
57.3                                              0.6493729583667259
57.35000000000001                                 0.6490521334712384
57.400000000000006                                0.6486853334133186
57.45                                             0.6482692656716471
57.5                                              0.6478009773195489
57.55000000000001                                 0.647277885433384
57.6                                              0.6466978050799901
57.65                                             0.6460589746219546
57.699999999999996                                0.64536007809749
57.74999999999999                                 0.644600264449123
57.800000000000004                                0.6437791633924854
57.85                                             0.6428968977333611
57.9                                              0.6419540919572948
57.949999999999996                                0.6409518769317109
58.00000000000001                                 0.6398918905771294
58.050000000000004                                0.6387762743800589
58.1                                              0.6376076656386251
58.15                                             0.6363891853510887
58.2                                              0.6351244216807763
58.25                                             0.6338174089558903
58.3                                              0.6324726021932465
58.349999999999994                                0.6310948471700327
58.400000000000006                                0.6296893461065979
58.45                                             0.628261619070341
58.5                                              0.6268174612610741
58.55                                             0.6253628963940455
58.60000000000001                                 0.6239041264600814
58.650000000000006                                0.6224474782052026
58.7                                              0.6209993467409627
58.75                                             0.6195661367660703
58.800000000000004                                0.6181542019464571
58.85                                             0.61676978306729
58.9                                              0.6154189456304986
58.949999999999996                                0.6141075176217903
59.00000000000001                                 0.6128410282166251
59.050000000000004                                0.6116246482211248
59.1                                              0.6104631330623551
59.15                                             0.6093607691406207
59.20000000000001                                 0.6083213243392094
59.25000000000001                                 0.6073480034516081
59.300000000000004                                0.606443409232354
59.349999999999994                                0.6056095097076942
59.400000000000006                                0.6048476122932546
59.45                                             0.604158345164528
59.5                                              0.6035416462026606
59.55                                             0.6029967596418331
59.60000000000001                                 0.6025222385645285
59.650000000000006                                0.602115976235926
59.7                                              0.6017751754202773
59.75                                             0.6014964396128067
59.80000000000001                                 0.6012757652902552
59.85                                             0.6011086187537985
59.9                                              0.600989925640247
59.949999999999996                                0.600914178135508
59.99999999999999                                 0.6008754692666703
60.050000000000004                                0.6008675556236741
60.1                                              0.6008839216718337
60.15                                             0.6009178458357072
60.199999999999996                                0.6009624658374914
60.25000000000001                                 0.6010108486567235
60.300000000000004                                0.6010560587379876
60.35                                             0.6010912243702875
60.4                                              0.6011096038007265
60.45                                             0.6011046491683245
60.5                                              0.6010700679331983
60.55                                             0.6009998812675311
60.599999999999994                                0.600888478672575
60.650000000000006                                0.6007306681493814
60.7                                              0.6005217224836346
60.75                                             0.6002574215255048
60.8                                              0.5999340887912284
60.85000000000001                                 0.5995486222082447
60.900000000000006                                0.599098519236329
60.95                                             0.5985818960962236
61                                                0.5979975007877006
61.050000000000004                                0.5973447196722753
61.1                                              0.5966235774611689
61.15                                             0.595834730507381
61.199999999999996                                0.5949794533613568
61.25000000000001                                 0.5940596186175975
61.300000000000004                                0.5930776701576455
61.35                                             0.5920365899946426
61.4                                              0.5909398590407563
61.45000000000001                                 0.5897914122282184
61.50000000000001                                 0.5885955885073749
61.550000000000004                                0.5873570763521404
61.599999999999994                                0.5860808555165984
61.650000000000006                                0.5847721358939181
61.7                                              0.5834362944122832
61.75                                             0.5820788109722287
61.8                                              0.5807052044739643
61.85000000000001                                 0.5793209700045218
61.900000000000006                                0.5779315182493643
61.95                                             0.5765421181571896
62                                                0.5751578438230137
62.05000000000001                                 0.5737835264632862
62.1                                              0.5724237122407182
62.15                                             0.5710826265605995
62.199999999999996                                0.5697641453056854
62.24999999999999                                 0.5684717733098518
62.300000000000004                                0.5672086301928649
62.35                                             0.5659774435011475
62.4                                              0.5647805489313139
62.449999999999996                                0.5636198972538738
62.50000000000001                                 0.5624970674134614
62.550000000000004                                0.5614132851520609
62.6                                              0.5603694463973335
62.65                                             0.5593661445715994
62.7                                              0.5584037009160926
62.75                                             0.5574821968880806
62.8                                              0.5566015076736055
62.849999999999994                                0.5557613358639654
62.900000000000006                                0.5549612443709492
62.95                                             0.5542006876968242
63                                                0.5534790407351659
63.05                                             0.5527956243492232
63.10000000000001                                 0.5521497270593713
63.150000000000006                                0.5515406222653164
63.2                                              0.5509675805318699
63.25                                             0.5504298765800831
63.300000000000004                                0.5499267907446617
63.35                                             0.5494576047896945
63.4                                              0.54902159211301
63.449999999999996                                0.5486180025146675
63.50000000000001                                 0.5482460418523302
63.550000000000004                                0.5479048470489046
63.6                                              0.5475934570616345
63.65                                             0.5473107805607031
63.70000000000001                                 0.5470555612022664
63.75000000000001                                 0.5468263415061259
63.800000000000004                                0.5466214264531941
63.849999999999994                                0.5464388480020452
63.900000000000006                                0.5462763317752247
63.95                                             0.5461312671860311
64                                                0.546000682257877
64.05                                             0.5458812243284147
64.10000000000001                                 0.5457691477303209
64.15                                             0.5456603093971605
64.2                                              0.5455501731719304
64.25                                             0.5454338234081143
64.30000000000001                                 0.5453059882577372
64.35000000000001                                 0.545161072791763
64.4                                              0.5449932017780823
64.45                                             0.5447962716424761
64.50000000000001                                 0.5445640109563107
64.55000000000001                                 0.5442900486603657
64.60000000000001                                 0.5439679890702864
64.65                                             0.543591492543509
64.7                                              0.5431543605743794
64.75                                             0.5426506240272312
64.8                                              0.5420746332058956
64.85                                             0.5414211484891759
64.89999999999999                                 0.5406854303368136
64.95                                             0.5398633276010315
65                                                0.5389513631615646
65.05                                             0.5379468155225916
65.1                                              0.5368477945630131
65.15                                             0.535653311288894
65.2                                              0.5343633424422445
65.25                                             0.5329788882099662
65.3                                              0.5315020210451151
65.35000000000001                                 0.5299359250005773
65.4                                              0.528284924966471
65.45                                             0.5265545048015189
65.5                                              0.5247513131253931
65.55000000000001                                 0.5228831554623151
65.60000000000001                                 0.520958972545255
65.65                                             0.5189888073414755
65.7                                              0.5169837436687613
65.75                                             0.5149558236925091
65.8                                              0.5129179636919216
65.85                                             0.5108838390297545
65.89999999999999                                 0.5088677459527724
65.95                                             0.5068844428199666
66                                                0.5049489727770842
66.05                                             0.5030765194734339
66.1                                              0.5012820151882073
66.15                                             0.49958013348224306
66.2                                              0.4979849499114561
66.25                                             0.4965095339961262
66.3                                              0.4951661726048044
66.35000000000001                                 0.49396551752053725
66.4                                              0.49291674814251424
66.45                                             0.4920272322295919
66.5                                              0.49130233772036147
66.55000000000001                                 0.49074526680013936
66.60000000000001                                 0.4903569247019133
66.65                                             0.49013582857746774
66.7                                              0.49007806025920386
66.75000000000001                                 0.4901772653599458
66.80000000000001                                 0.4904246996897962
66.85000000000001                                 0.4908093224558751
66.9                                              0.49131793421948844
66.95                                             0.49193535620555595
67                                                0.492644646360279
67.05                                             0.49342734659925347
67.1                                              0.49426375501996517
67.14999999999999                                 0.4951332164944451
67.2                                              0.4960144250049429
67.25                                             0.4968857313207218
67.3                                              0.4977254500940299
67.35                                             0.49851216112941643
67.4                                              0.49922500038677103
67.45                                             0.4998439371549135
67.5                                              0.5003500347112139
67.55                                             0.5007256926107296
67.60000000000001                                 0.5009548694691848
67.65                                             0.5010232856879887
67.7                                              0.5009186059801205
67.75                                             0.5006306017828421
67.80000000000001                                 0.5001512936841486
67.85000000000001                                 0.49947507384673495
67.9                                              0.49859880810999346
67.95                                             0.4975219170111802
68                                                0.4962464344276191
68.05                                             0.4947770419499159
68.1                                              0.4931210764995556
68.14999999999999                                 0.4912885081656735
68.2                                              0.4892918848129602
68.25                                             0.487146239775688
68.3                                              0.4848689589624719
68.35                                             0.4824796040118207
68.4                                              0.47999968880851535
68.45                                             0.4774524077231175
68.5                                              0.47486231538008333
68.55                                             0.4722549595666845
68.60000000000001                                 0.46965647100710367
68.65                                             0.46709311604705767
68.7                                              0.4645908206905305
68.75                                             0.4621746767364458
68.80000000000001                                 0.45986844280539463
68.85000000000001                                 0.4576940546269021
68.9                                              0.45567115991516194
68.95                                             0.45381669335547875
69.00000000000001                                 0.4521445065646616
69.05000000000001                                 0.4506650663688082
69.10000000000001                                 0.44938523240856376
69.15                                             0.4483081220699494
69.2                                              0.4474330672428608
69.25                                             0.4467556636654505
69.3                                              0.44626790988441783
69.35                                             0.44595842940666586
69.39999999999999                                 0.44581276666027436
69.45                                             0.4458137450979239
69.5                                              0.445941874272966
69.55                                             0.446175792035011
69.6                                              0.44649272808926577
69.65                                             0.4468689759612803
69.7                                              0.44728036175660907
69.75                                             0.44770269985015687
69.8                                              0.4481122276009349
69.85000000000001                                 0.4484860132024976
69.9                                              0.4488023326937815
69.95                                             0.44904101384853995
70                                                0.44918374604033146
70.05000000000001                                 0.44921435618143757
70.10000000000001                                 0.4491190514299024
70.15                                             0.4488866295442254
70.2                                              0.4485086575565054
70.25                                             0.44797961888208115
70.3                                              0.44729702813442745
70.35                                             0.4464615118562444
70.39999999999999                                 0.4454768521972766
70.45                                             0.44434998937742765
70.5                                              0.4430909776989801
70.55                                             0.4417128890452199
70.6                                              0.4402316573801372
70.65                                             0.43866585788388984
70.7                                              0.4370364151666181
70.75                                             0.4353662365985092
70.8                                              0.4336797692477538
70.85000000000001                                 0.43200248221314724
70.9                                              0.43036028018947237
70.95                                             0.42877885870660953
71                                                0.42728301634245874
71.05000000000001                                 0.42589594392334146
71.10000000000001                                 0.4246385148380334
71.15                                             0.42352860361308536
71.2                                              0.4225804613882795
71.25000000000001                                 0.42180417651472
71.30000000000001                                 0.42120524527449377
71.35000000000001                                 0.4207842864331419
71.4                                              0.42053686275540514
71.45                                             0.42045353051713186
71.5                                              0.4205199737852821
71.55                                             0.4207173270276055
71.6                                              0.42102257776267094
71.64999999999999                                 0.42140918346522444
71.7                                              0.4218476904764512
71.75                                             0.42230638159024797
71.8                                              0.4227520379335743
71.85                                             0.42315066312984245
71.9                                              0.4234681958135308
71.95                                             0.42367118972248025
72                                                0.4237274484927233
72.05                                             0.42360660786435006
72.10000000000001                                 0.42328066269121906
72.15                                             0.42272444081430777
72.2                                              0.42191602848073273
72.25                                             0.4208371540932451
72.30000000000001                                 0.4194735356223222
72.35000000000001                                 0.41781520233916514
72.4                                              0.41585679677160214
72.45                                             0.41359786036497814
72.5                                              0.4110431049376266
72.55                                             0.4082026677451836
72.6                                              0.40509234371352204
72.64999999999999                                 0.4017337836012492
72.7                                              0.39815464179090393
72.75                                             0.39438865236140036
72.8                                              0.39047560744731746
72.85                                             0.38646120811913987
72.9                                              0.38239675568696607
72.95                                             0.37833865123373506
73                                                0.3743476742454671
73.05                                             0.3704880179286063
73.10000000000001                                 0.366826069159834
73.15                                             0.36342893532442305
73.2                                              0.36036273870946345
73.25                                             0.3576907204527976
73.30000000000001                                 0.35547121833707984
73.35000000000001                                 0.3537556036402309
73.4                                              0.352586279148945
73.45                                             0.35199485054682383
73.50000000000001                                 0.35200058432723647
73.55000000000001                                 0.3526092556978429
73.60000000000001                                 0.35381246950085166
73.65                                             0.35558750739739586
73.7                                              0.3578977183369435
73.75                                             0.36069343064571474
73.8                                              0.36391332737647025
73.85                                             0.3674861960695623
73.89999999999999                                 0.3713329430224518
73.95                                             0.37536875236988043
74                                                0.3795052719197711
74.05                                             0.38365271946944857
74.1                                              0.38772182281826134
74.15                                             0.3916255308789223
74.2                                              0.3952804591201399
74.25                                             0.3986080573247916
74.3                                              0.40153550933557813
74.35000000000001                                 0.4039963917982964
74.4                                              0.4059311314221304
74.45                                             0.4072873080125003
74.5                                              0.40801985401553753
74.55000000000001                                 0.4080912012046566
74.60000000000001                                 0.4074714222087268
74.65                                             0.40613840942456
74.7                                              0.40407812696449263
74.75                                             0.4012849628815304
74.8                                              0.3977621990298381
74.85                                             0.39352260440151715
74.89999999999999                                 0.38858914436790776
74.95                                             0.3829957826728046
75                                                0.37678833511932097
