25                                                0.25749797372460603
25.05                                             0.25734813655576966
25.1                                              0.25719678652010347
25.150000000000002                                0.2570439438020271
25.2                                              0.2568896303525365
25.25                                             0.2567338698949426
25.3                                              0.25657668792510213
25.35                                             0.2564181117058375
25.400000000000002                                0.2562581702574727
25.45                                             0.2560968943449333
25.5                                              0.2559343164613535
25.55                                             0.2557704708081937
25.6                                              0.25560539327232057
25.650000000000002                                0.25543912140056063
25.700000000000003                                0.25527169436998987
25.75                                             0.2551031529610939
25.8                                              0.254933539322715
25.85                                             0.25476289747683817
25.900000000000002                                0.2545912725432577
25.950000000000003                                0.2544187109875611
26                                                0.2542452611309983
26.05                                             0.25407097215915636
26.099999999999998                                0.253895894538557
26.150000000000002                                0.25372007987648515
26.2                                              0.2535435809563789
26.25                                             0.25336645168952315
26.299999999999997                                0.25318874671516717
26.349999999999998                                0.25301052147927644
26.4                                              0.2528318321890258
26.45                                             0.2526527354342164
26.5                                              0.25247328969225336
26.55                                             0.2522935526813398
26.599999999999998                                0.2521135825364558
26.65                                             0.2519334359842941
26.7                                              0.2517531753642854
26.75                                             0.25157285755463415
26.8                                              0.25139254164049757
26.85                                             0.2512122863561134
26.9                                              0.2510321501584012
26.95                                             0.2508521911365767
27                                                0.25067246690774636
27.05                                             0.25049303451019395
27.1                                              0.250313950296077
27.15                                             0.25013526982400847
27.2                                              0.24995704775175565
27.25                                             0.2497793377297921
27.3                                              0.24960219229638436
27.35                                             0.24942566277477077
27.400000000000002                                0.24924979917298806
27.45                                             0.2490746500873015
27.5                                              0.2489002626115056
27.55                                             0.24872668225664293
27.6                                              0.24855395287676424
27.650000000000002                                0.24838211656313516
27.7                                              0.24821121350737863
27.75                                             0.24804128194733022
27.8                                              0.2478723581537826
27.85                                             0.24770447635203122
27.900000000000002                                0.24753766839756464
27.950000000000003                                0.24737196273508716
28                                                0.24720739306130055
28.05                                             0.24704397894705962
28.1                                              0.2468817451778942
28.150000000000002                                0.24672071269605475
28.200000000000003                                0.24656089997907463
28.25                                             0.24640232309131277
28.3                                              0.24624499567498834
28.349999999999998                                0.24608892893706955
28.400000000000002                                0.24593413163846836
28.45                                             0.24578061008680754
28.500000000000004                                0.2456283681327245
28.549999999999997                                0.24547740716938096
28.6                                              0.24532772613502823
28.65                                             0.2451793215179972
28.700000000000003                                0.24503218736380933
28.75                                             0.24488631528376692
28.8                                              0.24474169446481672
28.849999999999998                                0.24459831167971094
28.900000000000002                                0.24445615129716963
28.95                                             0.24431519529146978
29.000000000000004                                0.2441754232507519
29.05                                             0.24403681238349773
29.1                                              0.24389933752253934
29.15                                             0.24376297112605838
29.200000000000003                                0.24362768327497225
29.25                                             0.24349344166600573
29.300000000000004                                0.24336021160013774
29.35                                             0.24322795596573565
29.400000000000002                                0.2430966352160021
29.45                                             0.24296620734018906
29.499999999999996                                0.2428366278284907
29.55                                             0.24270784962994774
29.600000000000005                                0.2425798231035294
29.650000000000002                                0.24245249596197968
29.699999999999996                                0.24232581320854102
29.75                                             0.24219971706653698
29.800000000000004                                0.24207414690207765
29.85                                             0.24194903914002264
29.9                                              0.2418243271737786
29.95                                             0.2416999412692685
29.999999999999996                                0.24157580846392265
30.05                                             0.24145185246133843
30.099999999999998                                0.24132799352259926
30.150000000000002                                0.24120414835538959
30.2                                              0.24108023000205492
30.25                                             0.2409561477280376
30.299999999999997                                0.2408318069122862
30.35                                             0.24070710894113848
30.4                                              0.2405819511077513
30.450000000000003                                0.24045622651888973
30.5                                              0.24032982401132588
30.55                                             0.2402026280799136
30.599999999999998                                0.24007451881985384
30.650000000000002                                0.23994537188558343
30.7                                              0.23981505846851445
30.750000000000004                                0.23968344529649346
30.799999999999997                                0.23955039465735492
30.85                                             0.23941576444913495
30.9                                              0.23927940825973806
30.950000000000003                                0.23914117547837285
31                                                0.2390009114415186
31.05                                             0.23885845761576704
31.099999999999998                                0.23871365181985177
31.150000000000002                                0.23856632848810355
31.2                                              0.23841631897721105
31.250000000000004                                0.2382634519180377
31.3                                              0.23810755361408759
31.35                                             0.23794844848780816
31.4                                              0.2377859595758376
31.450000000000003                                0.237619909075113
31.5                                              0.23745011894467724
31.550000000000004                                0.2372764115892159
31.6                                              0.23709861083074577
31.650000000000002                                0.2369165379358775
31.7                                              0.23673002582799407
31.749999999999996                                0.23653890481720874
31.8                                              0.23634300894994742
31.850000000000005                                0.23614217892125317
31.900000000000002                                0.23593626134847773
31.949999999999996                                0.23572510980545308
32                                                0.23550858574482592
32.050000000000004                                0.23528655943437737
32.1                                              0.23505891100870926
32.15                                             0.23482553149175456
32.2                                              0.23458632372526236
32.25000000000001                                 0.23434120327889507
32.300000000000004                                0.2340900993525681
32.35                                             0.23383295564838216
32.4                                              0.2335697311942208
32.45                                             0.2333004011066568
32.5                                              0.23302495728293918
32.55                                             0.23274340901373305
32.6                                              0.23245578350790302
32.65                                             0.23216212631897232
32.7                                              0.23186250166252229
32.75                                             0.23155699261370322
32.800000000000004                                0.23124570117665685
32.85                                             0.23092874821870085
32.9                                              0.23060627326098787
32.949999999999996                                0.23027843410833757
33                                                0.22994540630542445
33.05                                             0.22960738211027634
33.1                                              0.22926457070768855
33.15                                             0.22891719559021992
33.2                                              0.22856549465293782
33.25                                             0.22820971859825995
33.300000000000004                                0.22785012895956924
33.35                                             0.22748699676636674
33.400000000000006                                0.22712060068615364
33.45                                             0.2267512251831426
33.5                                              0.22637915837565986
33.55                                             0.22600468921099495
33.6                                              0.22562810567991431
33.65                                             0.2252496927324972
33.7                                              0.22486972964051893
33.75                                             0.22448848757373083
33.8                                              0.2241062261718108
33.85                                             0.22372319335676702
33.900000000000006                                0.22333962199062812
33.95                                             0.22295571511714488
34                                                0.22257169388915704
34.05                                             0.22218770901838017
34.1                                              0.22180391570379587
34.15                                             0.2214204387727972
34.199999999999996                                0.2210373766804885
34.25                                             0.2206548007509692
34.300000000000004                                0.2202727546222646
34.35                                             0.21989125404214388
34.4                                              0.21951028705596842
34.45                                             0.21912981461224443
34.50000000000001                                 0.2187497716055022
34.550000000000004                                0.21837006836983727
34.6                                              0.21799059263104176
34.65                                             0.21761121191803393
34.7                                              0.21723177642698077
34.75                                             0.21685212232352616
34.8                                              0.21647207546098676
34.85                                             0.2160914554835162
34.9                                              0.21571008027366004
34.95                                             0.21532777069091624
35                                                0.214944355541385
35.050000000000004                                0.2145596767481608
35.1                                              0.21417359470386318
35.15                                             0.21378599363722062
35.199999999999996                                0.2133967868358978
35.25                                             0.21300592174625851
35.3                                              0.21261338489500473
35.35                                             0.21221920631480837
35.4                                              0.2118234632766543
35.45                                             0.2114262872234287
35.5                                              0.21102786062765402
35.550000000000004                                0.21062842439032475
35.6                                              0.2102282774833199
35.650000000000006                                0.20982777767440144
35.7                                              0.209427341133298
35.75                                             0.20902744095963685
35.8                                              0.20862860457770283
35.85                                             0.2082314099444166
35.9                                              0.2078364805281306
35.95                                             0.20744447903014596
36                                                0.20705609983720977
36.050000000000004                                0.20667206021207782
36.1                                              0.20629309024945
36.150000000000006                                0.20591992164775333
36.2                                              0.20555327537176019
36.25                                             0.20519384830766865
36.3                                              0.20484229904134593
36.35                                             0.20449923292000616
36.4                                              0.2041651865893401
36.449999999999996                                0.20384061223008593
36.5                                              0.20352586174984835
36.550000000000004                                0.20322117121728864
36.6                                              0.20292664585535425
36.65                                             0.20264224593625918
36.7                                              0.20236777394321082
36.75000000000001                                 0.20210286338004732
36.800000000000004                                0.20184696961943552
36.849999999999994                                0.201599363180419
36.9                                              0.2013591258165199
36.95                                             0.2011251497751427
37                                                0.20089614055495883
37.05                                             0.20067062344268813
37.1                                              0.20044695405039412
37.150000000000006                                0.20022333300293838
37.2                                              0.19999782484038822
37.25                                             0.19976838110612666
37.300000000000004                                0.19953286748756022
37.35                                             0.19928909476825413
37.4                                              0.19903485323801373
37.449999999999996                                0.19876795009683215
37.5                                              0.19848624928163622
37.55                                             0.19818771304529517
37.6                                              0.19787044452926675
37.65                                             0.19753273049525877
37.7                                              0.1971730833229247
37.75                                             0.1967902813370391
37.800000000000004                                0.19638340650288322
37.85                                             0.19595187852100224
37.900000000000006                                0.19549548436005246
37.95                                             0.19501440229068748
38                                                0.19450921951856504
38.05                                             0.193980942562299
38.1                                              0.19343099957872756
38.15                                             0.19286123390383836
38.2                                              0.19227388815212867
38.25                                             0.19167157830288573
38.300000000000004                                0.19105725730180384
38.35                                             0.19043416782403208
38.400000000000006                                0.18980578399052156
38.45                                             0.1891757420064448
38.5                                              0.18854775991298847
38.55                                             0.1879255469175088
38.6                                              0.18731270310367357
38.65                                             0.1867126107257919
38.699999999999996                                0.18612831876782612
38.75                                             0.18556242298958187
38.800000000000004                                0.18501694428299145
38.85                                             0.18449320879821093
38.9                                              0.18399173394181106
38.95                                             0.18351212495243346
39.00000000000001                                 0.18305298727099073
39.050000000000004                                0.18261186027355894
39.099999999999994                                0.1821851780619419
39.15                                             0.18176826283548447
39.2                                              0.18135535584207596
39.25                                             0.18093968998712784
39.3                                              0.18051360685918694
39.35                                             0.18006871927573215
39.400000000000006                                0.17959611727982377
39.45                                             0.17908660693569742
39.5                                              0.1785310354731275
39.550000000000004                                0.17792053493568458
39.6                                              0.17724690283526695
39.65                                             0.17650292147792995
39.699999999999996                                0.1756826899151132
39.75                                             0.17478193722224802
39.800000000000004                                0.17379830572895555
39.85                                             0.17273159318644832
39.9                                              0.17158394421482265
39.95                                             0.17035998249570902
40.00000000000001                                 0.16906687662149159
40.050000000000004                                0.16771433412047218
40.1                                              0.16631451905070097
40.15                                             0.1648818888308906
40.2                                              0.16343294580972328
40.25                                             0.16198589850825995
40.3                                              0.16056022672448705
40.349999999999994                                0.15917614417335735
40.4                                              0.1578539526249765
40.45                                             0.1566132833373709
40.5                                              0.1554722258160372
40.55                                             0.15444635147816688
40.6                                              0.15354765144357077
40.650000000000006                                0.152783423860981
40.7                                              0.1521551666583873
40.75                                             0.1516575550398228
40.8                                              0.1512776066365582
40.85                                             0.15099415649276357
40.9                                              0.1507777731330364
40.949999999999996                                0.15059123962785248
41                                                0.15039069115217327
41.050000000000004                                0.15012745658098298
41.1                                              0.14975055257917755
41.15                                             0.14920972106773983
41.2                                              0.14845878871614657
41.25000000000001                                 0.1474590788934351
41.300000000000004                                0.14618257504401927
41.349999999999994                                0.1446145572018215
41.4                                              0.14275550056268907
41.45                                             0.1406221233680919
41.5                                              0.13824757811424165
41.55                                             0.135680871423731
41.6                                              0.13298565812411214
41.650000000000006                                0.13023855593647735
41.7                                              0.1275270755037967
41.75                                             0.12494715627008561
41.800000000000004                                0.12260014281829495
41.85                                             0.12058883725828597
41.9                                              0.11901209448228653
41.949999999999996                                0.11795719086799042
42                                                0.11748930252772143
42.050000000000004                                0.11763755293851659
42.1                                              0.11837828960506577
42.15                                             0.11961766378485324
42.2                                              0.12117830591740981
42.25000000000001                                 0.12279727995086415
42.300000000000004                                0.12414315467354663
42.35                                             0.12485653502699637
42.400000000000006                                0.12460990231731946
42.45                                             0.12317210850909213
42.5                                              0.12045703423739404
42.55                                             0.11654038990543236
42.599999999999994                                0.11164215040709119
42.65                                             0.10608645635320185
42.7                                              0.10025777046167986
42.75                                             0.09456988634956559
42.8                                              0.08945727108437436
42.85                                             0.08539091571495411
42.900000000000006                                0.08291333894644688
42.95                                             0.08267015123389597
43                                                0.08536165713966826
43.05                                             0.09140534837074644
43.1                                              0.09997348534997112
43.15                                             0.10769885891904929
43.199999999999996                                0.10955508685683693
43.25                                             0.10346963437046336
43.300000000000004                                0.09240159335325202
43.35                                             0.0805427068534597
43.4                                              0.07026819912476422
43.45                                             0.062333799920333985
43.50000000000001                                 0.0577666229850955
43.550000000000004                                0.08549322631789219
43.599999999999994                                0.07673830722642114
43.65                                             0.059991747709058824
43.7                                              0.056702260377592566
43.75                                             0.05648291690685755
43.8                                              0.05780168130681474
43.85                                             0.0602035202385906
43.900000000000006                                0.06349210351750116
43.95                                             0.06756162829912923
44                                                0.07234638578622797
44.050000000000004                                0.0778013807501316
44.1                                              0.08389343581820347
44.15                                             0.09059653170647851
44.199999999999996                                0.09788911081387049
44.25                                             0.10575239462310246
44.300000000000004                                0.11416927183982206
44.35                                             0.123123531291825
44.4                                              0.1325993157218227
44.45                                             0.1425807244929485
44.50000000000001                                 0.1530515213303082
44.550000000000004                                0.1639949192701428
44.6                                              0.17539342455341003
44.650000000000006                                0.1872287271063506
44.7                                              0.19948162898217855
44.75                                             0.21213200455802725
44.8                                              0.22515878784798868
44.849999999999994                                0.2385399833347249
44.9                                              0.25225269738628875
44.95                                             0.2662731877682937
45                                                0.2805769290304202
45.05                                             0.2951386917173905
45.1                                              0.3099326334522262
45.150000000000006                                0.3249324000000335
45.2                                              0.3401112344541696
45.25                                             0.35544209271603094
45.3                                              0.37089776347001674
45.35                                             0.38645099089306667
45.4                                              0.4020745983937655
45.449999999999996                                0.41774161174491264
45.5                                              0.43342538006384895
45.550000000000004                                0.4490996931972349
45.6                                              0.4647388941954291
45.65                                             0.48031798569439615
45.7                                              0.4958127291754834
45.75000000000001                                 0.5111997362298921
45.800000000000004                                0.5264565511203663
45.849999999999994                                0.5415617240951838
45.9                                              0.556494875076779
45.95                                             0.571236747504607
46                                                0.585769252263278
46.05                                             0.6000755017713062
46.1                                              0.6141398344303368
46.150000000000006                                0.6279478297565866
46.2                                              0.6414863146089874
46.25                                             0.6547433610214793
46.300000000000004                                0.6677082762085566
46.35                                             0.6803715853715052
46.4                                              0.6927250079682123
46.449999999999996                                0.7047614281342166
46.5                                              0.7164748599531524
46.550000000000004                                0.7278604082722631
46.6                                              0.7389142257497663
46.65                                             0.7496334667954884
46.7                                              0.7600162390415829
46.75000000000001                                 0.7700615529425497
46.800000000000004                                0.779769270066411
46.85                                             0.7891400505935481
46.900000000000006                                0.7981753004967983
46.95                                             0.8068771188283287
47                                                0.8152482454930533
47.05                                             0.8232920098416204
47.1                                              0.8310122803726528
47.15                                             0.8384134157883121
47.2                                              0.8455002176109224
47.25                                             0.8522778845255347
47.3                                              0.8587519685822986
47.35                                             0.8649283333577461
47.400000000000006                                0.8708131141468137
47.45                                             0.8764126802293686
47.5                                              0.8817335992338995
47.55                                             0.8867826035998629
47.6                                              0.8915665591221182
47.65                                             0.8960924355473333
47.699999999999996                                0.9003672791786235
47.75                                             0.9043981874347361
47.800000000000004                                0.9081922853015365
47.85                                             0.911756703607694
47.9                                              0.915098559050459
47.95                                             0.9182249358951129
48.00000000000001                                 0.9211428692684296
48.050000000000004                                0.923859329966236
48.099999999999994                                0.9263812106949051
48.15                                             0.9287153136707762
48.2                                              0.9308683394572499
48.25                                             0.9328468770709011
48.3                                              0.9346573952093395
48.35                                             0.9363062343888934
48.400000000000006                                0.9377996002474919
48.45                                             0.9391435576697229
48.5                                              0.9403440257825529
48.550000000000004                                0.9414067737455798
48.6                                              0.9423374172792063
48.65                                             0.9431414158774843
48.699999999999996                                0.943824070654408
48.75                                             0.9443905227765618
48.800000000000004                                0.9448457524393351
48.85                                             0.9451945783465409
48.9                                              0.9454416576546136
48.95                                             0.9455914863458624
49.00000000000001                                 0.9456483999981394
49.050000000000004                                0.9456165749209806
49.1                                              0.9455000296299747
49.150000000000006                                0.9453026266326077
49.2                                              0.9450280745000067
49.25                                             0.944679930200868
49.3                                              0.9442616016764336
49.35                                             0.9437763506376755
49.400000000000006                                0.9432272955673608
49.45                                             0.9426174149106312
49.5                                              0.9419495504381052
49.55                                             0.941226410766463
49.6                                              0.9404505750223279
49.650000000000006                                0.9396244966362056
49.7                                              0.9387505072541342
49.75                                             0.9378308207549885
49.8                                              0.9368675373601949
49.85                                             0.935862647819884
49.9                                              0.9348180376616583
49.949999999999996                                0.933735491556613
50                                                0.9326166964821471
50.050000000000004                                0.9314632502313035
50.1                                              0.9302766595893797
50.15                                             0.9290583496896259
50.2                                              0.9278096668870627
50.25000000000001                                 0.9265318830530118
50.300000000000004                                0.9252261998239616
50.349999999999994                                0.923893753737249
50.4                                              0.92253562015442
50.45                                             0.9211528176905999
50.5                                              0.9197463127854291
50.55                                             0.9183170244425315
50.6                                              0.9168658277093994
50.650000000000006                                0.9153935564513664
50.7                                              0.9139010083974545
50.75                                             0.9123889498112921
50.800000000000004                                0.910858119017265
50.85                                             0.9093092298588807
50.9                                              0.9077429752323226
50.949999999999996                                0.9061600313217952
51                                                0.9045610593014505
51.050000000000004                                0.9029467066090624
51.1                                              0.90131761605375
51.15                                             0.8996744204504865
51.2                                              0.8980177654835338
51.25000000000001                                 0.8963482712928265
51.300000000000004                                0.8946665760501498
51.35                                             0.8929733186439908
51.400000000000006                                0.891269143085287
51.45                                             0.8895547005793157
51.5                                              0.8878306509290875
51.55                                             0.8860976637083972
51.6                                              0.8843564192130089
51.650000000000006                                0.8826076091892895
51.7                                              0.8808519373381672
51.75                                             0.8790901195943129
51.8                                              0.8773228841807856
51.85                                             0.8755509714404013
51.900000000000006                                0.873775133446077
51.95                                             0.8719961333937153
52                                                0.8702147447821156
52.05                                             0.8684317503850529
52.1                                              0.8666479410227139
52.15                                             0.8648641141396597
52.199999999999996                                0.8630810721989247
52.25                                             0.8612996209013044
52.300000000000004                                0.8595205672418978
52.35                                             0.8577447174154493
52.4                                              0.8559728745838407
52.45                                             0.8542058365203007
52.50000000000001                                 0.8524443931445292
52.550000000000004                                0.8506893239645319
52.599999999999994                                0.8489413954404893
52.65                                             0.8472013582900414
52.7                                              0.8454699447580154
52.75                                             0.8437478658693401
52.8                                              0.8420358086769043
52.85                                             0.8403344335210174
52.900000000000006                                0.8386443713236874
52.95                                             0.8369662209394297
53                                                0.8353005465798836
53.050000000000004                                0.8336478753295744
53.1                                              0.8320086950683101
53.15                                             0.8303834512210222
53.199999999999996                                0.8287725461134096
53.25                                             0.8271763361039666
53.300000000000004                                0.8255951300588313
53.35                                             0.8240291878193855
53.4                                              0.8224787188532084
53.45                                             0.8209438811267163
53.50000000000001                                 0.8194247802072859
53.550000000000004                                0.8179214686038017
53.6                                              0.8164339453522917
53.65                                             0.8149621558525597
53.7                                              0.8135059919601507
53.75                                             0.8120652923355003
53.8                                              0.8106398430517985
53.849999999999994                                0.8092293784598349
53.900000000000006                                0.8078335823080603
53.95                                             0.8064520891129724
54                                                0.8050844857745643
54.05                                             0.8037303134294073
54.10000000000001                                 0.802389069532632
54.150000000000006                                0.8010602101584692
54.2                                              0.7997431525084472
54.25                                             0.7984372776141391
54.300000000000004                                0.7971419332209148
54.35                                             0.7958564368379127
54.4                                              0.7945800789385052
54.449999999999996                                0.7933121262948054
54.50000000000001                                 0.7920518254288125
54.550000000000004                                0.7907984061626347
54.6                                              0.7895510852490849
54.65                                             0.7883090700641414
54.70000000000001                                 0.7870715623421235
54.75000000000001                                 0.7858377619341641
54.800000000000004                                0.7846068705707976
54.849999999999994                                0.7833780956090357
54.900000000000006                                0.7821506537447834
54.95                                             0.780923774671349
55                                                0.7796967046652378
55.05                                             0.778468710080607
55.10000000000001                                 0.7772390807346671
55.150000000000006                                0.7760071331661871
55.2                                              0.7747722137506168
55.25                                             0.7735337016557373
55.3                                              0.7722910116225683
55.35                                             0.771043596557569
55.4                                              0.769790949922717
55.449999999999996                                0.7685326079119145
55.49999999999999                                 0.7672681514025463
55.550000000000004                                0.7659972076733264
55.6                                              0.7647194518801627
55.65                                             0.7634346082838878
55.699999999999996                                0.7621424512251074
55.75000000000001                                 0.7608428058429391
55.800000000000004                                0.7595355485363974
55.85                                             0.7582206071688808
55.9                                              0.7568979610178431
55.95                                             0.7555676404737712
56                                                0.7542297264943038
56.05                                             0.7528843498210149
56.099999999999994                                0.7515316899681422
56.150000000000006                                0.750171973994482
56.2                                              0.748805475070546
56.25                                             0.747432510855363
56.3                                              0.7460534416977814
56.35000000000001                                 0.7446686686789882
56.400000000000006                                0.7432786315134635
56.45                                             0.741883806326301
56.5                                              0.7404847033259123
56.550000000000004                                0.7390818643906577
56.6                                              0.7376758605888926
56.65                                             0.7362672896508377
56.699999999999996                                0.7348567734113404
56.75000000000001                                 0.7334449552408078
56.800000000000004                                0.7320324974816784
56.85                                             0.7306200789061552
56.9                                              0.7292083922098541
56.95000000000001                                 0.7277981415542023
57.00000000000001                                 0.7263900401692647
57.050000000000004                                0.724984808026277
57.099999999999994                                0.7235831695876509
57.150000000000006                                0.7221858516398648
57.2                                              0.7207935812126708
57.25                                             0.7194070835862132
57.3                                              0.718027080384642
57.35000000000001                                 0.7166542877539548
57.400000000000006                                0.7152894146186402
57.45                                             0.7139331610105188
57.5                                              0.712586216461293
57.55000000000001                                 0.7112492584482021
57.6                                              0.7099229508817105
57.65                                             0.7086079426222286
57.699999999999996                                0.7073048660125189
57.74999999999999                                 0.7060143354112727
57.800000000000004                                0.7047369457136614
57.85                                             0.7034732708443153
57.9                                              0.702223862208464
57.949999999999996                                0.7009892470880286
58.00000000000001                                 0.6997699269699517
58.050000000000004                                0.6985663757958305
58.1                                              0.6973790381236324
58.15                                             0.6962083271936577
58.2                                              0.6950546228941992
58.25                                             0.693918269624139
58.3                                              0.6927995740529921
58.349999999999994                                0.6916988027821789
58.400000000000006                                0.6906161799137761
58.45                                             0.6895518845378156
58.5                                              0.6885060481510964
58.55                                             0.687478752025835
58.60000000000001                                 0.6864700245483569
58.650000000000006                                0.6854798385529787
58.7                                              0.68450810867844
58.75                                             0.6835546887786845
58.800000000000004                                0.682619369421758
58.85                                             0.6817018755381369
58.9                                              0.6808018641170072
58.949999999999996                                0.6799189223278307
59.00000000000001                                 0.6790525656753679
59.050000000000004                                0.6782022365419782
59.1                                              0.677367303046915
59.15                                             0.6765470582747033
59.20000000000001                                 0.6757407199164299
59.25000000000001                                 0.6749474303623257
59.300000000000004                                0.6741662572813041
59.349999999999994                                0.6733961947198717
59.400000000000006                                0.6726361647492577
59.45                                             0.6718850196846461
59.5                                              0.6711415448955899
59.55                                             0.6704044622204545
59.60000000000001                                 0.6696724339929807
59.650000000000006                                0.6689440676826259
59.7                                              0.6682179211440293
59.75                                             0.6674925084645607
59.80000000000001                                 0.6667663063926011
59.85                                             0.6660377613227231
59.9                                              0.6653052968084524
59.949999999999996                                0.6645673215672355
59.99999999999999                                 0.6638222379365797
60.050000000000004                                0.6630684507359205
60.1                                              0.6623043764834102
60.15                                             0.6615284529133959
60.199999999999996                                0.6607391487368436
60.25000000000001                                 0.6599349735843886
60.300000000000004                                0.6591144880692393
60.35                                             0.6582763139057208
60.4                                              0.6574191440175653
60.45                                             0.6565417525688036
60.5                                              0.6556430048498663
60.55                                             0.6547218669505219
60.599999999999994                                0.6537774151515853
60.650000000000006                                0.6528088449672433
60.7                                              0.6518154797699132
60.75                                             0.6507967789302348
60.8                                              0.6497523454047485
60.85000000000001                                 0.6486819327045562
60.900000000000006                                0.6475854511778824
60.95                                             0.6464629735392712
61                                                0.6453147395762849
61.050000000000004                                0.6441411599645752
61.1                                              0.6429428191303073
61.15                                             0.6417204771854563
61.199999999999996                                0.6404750689657269
61.25000000000001                                 0.6392077095997456
61.300000000000004                                0.6379196838424982
61.35                                             0.6366124503914266
61.4                                              0.6352876351635885
61.45000000000001                                 0.6339470262705154
61.50000000000001                                 0.632592567198094
61.550000000000004                                0.6312263478399766
61.599999999999994                                0.6298505958548127
61.650000000000006                                0.6284676652237857
61.7                                              0.6270800236185459
61.75                                             0.6256902385160952
61.8                                              0.624300961919982
61.85000000000001                                 0.6229149137833272
61.900000000000006                                0.6215348642630331
61.95                                             0.6201636148920012
62                                                0.6188039785462726
62.05000000000001                                 0.6174587582933152
62.1                                              0.6161307257390803
62.15                                             0.6148225990646081
62.199999999999996                                0.6135370206353107
62.24999999999999                                 0.6122765343728184
62.300000000000004                                0.611043563199646
62.35                                             0.6098403868324241
62.4                                              0.6086691202085466
62.449999999999996                                0.6075316929655865
62.50000000000001                                 0.606429829962078
62.550000000000004                                0.6053650289912723
62.6                                              0.6043385494439353
62.65                                             0.6033513974785855
62.7                                              0.6024043094091648
62.75                                             0.6014977412701377
62.8                                              0.6006318316430418
62.849999999999994                                0.5998065619829533
62.900000000000006                                0.5990214091385738
62.95                                             0.5982756922815684
63                                                0.5975684038752326
63.05                                             0.5968982472783905
63.10000000000001                                 0.5962636451280642
63.150000000000006                                0.5956627499764818
63.2                                              0.5950934574412317
63.25                                             0.5945534217681117
63.300000000000004                                0.5940400736525279
63.35                                             0.5935506401343108
63.4                                              0.5930821663610937
63.449999999999996                                0.5926315389968126
63.50000000000001                                 0.5921955110404422
63.550000000000004                                0.5917707278115132
63.6                                              0.5913537538541694
63.65                                             0.5909411005123695
63.70000000000001                                 0.5905292539298589
63.75000000000001                                 0.5901147032358346
63.800000000000004                                0.5896939686834506
63.849999999999994                                0.5892636295194372
63.900000000000006                                0.588820351372519
63.95                                             0.5883609129604633
64                                                0.5878822319268197
64.05                                             0.5873813896288639
64.10000000000001                                 0.5868556547095295
64.15                                             0.5863025052940584
64.2                                              0.5857196496610072
64.25                                             0.5851050452430646
64.30000000000001                                 0.5844569158186307
64.35000000000001                                 0.5837737667594962
64.4                                              0.583054398202259
64.45                                             0.5822979160142837
64.50000000000001                                 0.5815037404273246
64.55000000000001                                 0.5806716122141595
64.60000000000001                                 0.5798015962883931
64.65                                             0.5788940826120377
64.7                                              0.5779497843045499
64.75                                             0.576969732857057
64.8                                              0.5759552703705633
64.85                                             0.5749080387547333
64.89999999999999                                 0.5738299658476137
64.95                                             0.5727232484454544
65                                                0.5715903322673546
65.05                                             0.5704338889174441
65.1                                              0.5692567899509625
65.15                                             0.5680620781967733
65.2                                              0.5668529365412011
65.25                                             0.5656326544305212
65.3                                              0.564404592405417
65.35000000000001                                 0.5631721450337136
65.4                                              0.5619387026625523
65.45                                             0.560707612458197
65.5                                              0.5594821387710375
65.55000000000001                                 0.5582654254326312
65.60000000000001                                 0.5570604567273607
65.65                                             0.555870020903094
65.7                                              0.5546966760554898
65.75                                             0.5535427180616346
65.8                                              0.5524101517715825
65.85                                             0.5513006658177539
65.89999999999999                                 0.550215611476614
65.95                                             0.5491559859596856
66                                                0.5481224204383972
66.05                                             0.5471151730266695
66.1                                              0.5461341268601367
66.15                                             0.5451787933218576
66.2                                              0.5442483203781908
66.25                                             0.5433415059007675
66.3                                              0.5424568157726111
66.35000000000001                                 0.5415924065012631
66.4                                              0.5407461519984488
66.45                                             0.5399156741319071
66.5                                              0.5390983766105708
66.55000000000001                                 0.5382914817341501
66.60000000000001                                 0.5374920695159445
66.65                                             0.5366971186792707
66.7                                              0.5359035490258767
66.75000000000001                                 0.5351082646837771
66.80000000000001                                 0.5343081977553693
66.85000000000001                                 0.533500351907567
66.9                                              0.5326818454665907
66.95                                             0.5318499536055469
67                                                0.5310021492359036
67.05                                             0.530136142237158
67.1                                              0.5292499166761447
67.14999999999999                                 0.5283417656854736
67.2                                              0.5274103236789767
67.25                                             0.5264545955896257
67.3                                              0.5254739828147623
67.35                                             0.5244683055548425
67.4                                              0.5234378212198822
67.45                                             0.5223832385759846
67.5                                              0.5213057272919316
67.55                                             0.5202069225422105
67.60000000000001                                 0.519088924318366
67.65                                             0.5179542911070176
67.7                                              0.5168060276034924
67.75                                             0.5156475661573778
67.80000000000001                                 0.5144827416835079
67.85000000000001                                 0.5133157598289879
67.9                                              0.5121511582592374
67.95                                             0.5109937610214254
68                                                0.5098486260547599
68.05                                             0.5087209860528596
68.1                                              0.5076161830322276
68.14999999999999                                 0.5065395971286727
68.2                                              0.5054965703204055
68.25                                             0.5044923259590192
68.3                                              0.503531885172672
68.35                                             0.5026199813794705
68.4                                              0.5017609743051406
68.45                                             0.5009587650323486
68.5                                              0.5002167137061548
68.55                                             0.4995375615774375
68.60000000000001                                 0.4989233590751278
68.65                                             0.4983754015548549
68.7                                              0.4978941742737178
68.75                                             0.49747930798842205
68.80000000000001                                 0.4971295463708638
68.85000000000001                                 0.4968427261860331
68.9                                              0.496615770891815
68.95                                             0.49644469800934543
69.00000000000001                                 0.49632464028797835
69.05000000000001                                 0.49624988036456225
69.10000000000001                                 0.49621389830682017
69.15                                             0.496209431146833
69.2                                              0.49622854326492977
69.25                                             0.496262706285732
69.3                                              0.4963028870047773
69.35                                             0.4963396417756181
69.39999999999999                                 0.4963632157595462
69.45                                             0.4963636454663934
69.5                                              0.4963308630906486
69.55                                             0.4962548012703928
69.6                                              0.49612549704740866
69.65                                             0.49593319398953994
69.7                                              0.49566844162660145
69.75                                             0.4953221915495613
69.8                                              0.49488588971198644
69.85000000000001                                 0.4943515646487934
69.9                                              0.49371191147806337
69.95                                             0.49296037167706513
70                                                0.49209120870896383
70.05000000000001                                 0.4910995796294045
70.10000000000001                                 0.4899816028111406
70.15                                             0.4887344218935695
70.2                                              0.4873562659912626
70.25                                             0.4858465060836779
70.3                                              0.4842057073579757
70.35                                             0.48243567709345136
70.39999999999999                                 0.4805395074647435
70.45                                             0.4785216124053259
70.5                                              0.47638775742538325
70.55                                             0.4741450810248808
70.6                                              0.47180210609421736
70.65                                             0.4693687394725003
70.7                                              0.46685625763995003
70.75                                             0.4642772763873607
70.8                                              0.461645702237338
70.85000000000001                                 0.45897666342127497
70.9                                              0.4562864183477279
70.95                                             0.45359223976298035
71                                                0.4509122732030716
71.05000000000001                                 0.448265368889946
71.10000000000001                                 0.44567088692448875
71.15                                             0.44314847646780975
71.2                                              0.44071783057356806
71.25000000000001                                 0.43839841938865987
71.30000000000001                                 0.43620920554997183
71.35000000000001                                 0.43416834671147303
71.4                                              0.4322928911751022
71.45                                             0.43059847350550523
71.5                                              0.4290990177082988
71.55                                             0.42780645598448
71.6                                              0.42673047117946017
71.64999999999999                                 0.42587827079428164
71.7                                              0.42525439979096247
71.75                                             0.4248605984256602
71.8                                              0.4246957100088603
71.85                                             0.42475564188801895
71.9                                              0.42503338115543626
71.95                                             0.42551906470567136
72                                                0.42620010140529785
72.05                                             0.42706134240394794
72.10000000000001                                 0.42808529410296137
72.15                                             0.4292523670884296
72.2                                              0.43054115348390254
72.25                                             0.4319287247134379
72.30000000000001                                 0.43339094159356606
72.35000000000001                                 0.43490276896533
72.4                                              0.43643858769600774
72.45                                             0.43797249775661895
72.5                                              0.4394786071556707
72.55                                             0.4409313026954181
72.6                                              0.4423054997552079
72.64999999999999                                 0.44357686952313186
72.7                                              0.44472204324096354
72.75                                             0.4457187940550284
72.8                                              0.4465461979441235
72.85                                             0.4471847759080689
72.9                                              0.44761662013191705
72.95                                             0.44782550719697944
73                                                0.4477970015870069
73.05                                             0.44751855274953506
73.10000000000001                                 0.44697958882279515
73.15                                             0.44617160984221965
73.2                                              0.4450882827998106
73.25                                             0.4437255403541702
73.30000000000001                                 0.44208168428380573
73.35000000000001                                 0.4401574939423228
73.4                                              0.4379563390191311
73.45                                             0.43548429483740614
73.50000000000001                                 0.43275025724421073
73.55000000000001                                 0.42976605288597913
73.60000000000001                                 0.42654653934456405
73.65                                             0.4231096882806528
73.7                                              0.41947664345119623
73.75                                             0.41567174432197973
73.8                                              0.41172250507618907
73.85                                             0.40765953825790496
73.89999999999999                                 0.40351641219931317
73.95                                             0.3993294319191704
74                                                0.39513733445931104
74.05                                             0.39098089176081174
74.1                                              0.3869024172311437
74.15                                             0.3829451761093153
74.2                                              0.37915270451075245
74.25                                             0.37556804743989003
74.3                                              0.3722329317909576
74.35000000000001                                 0.3691868960325686
74.4                                              0.366466403408801
74.45                                             0.36410396958994123
74.5                                              0.36212733827269245
74.55000000000001                                 0.3605587388617367
74.60000000000001                                 0.3594142587864543
74.65                                             0.3587033591497993
74.7                                              0.35842855641504034
74.75                                             0.35858528509382576
74.8                                              0.3591619474637301
74.85                                             0.36014014694097846
74.89999999999999                                 0.36149509261040164
74.95                                             0.36319615431464064
75                                                0.36520754123003957
