25                                                0.25481378364747165
25.05                                             0.2546191070092011
25.1                                              0.2544217994675113
25.150000000000002                                0.25422186177612416
25.2                                              0.2540192964990364
25.25                                             0.2538141081421765
25.3                                              0.25360630206250634
25.35                                             0.25339588829217796
25.400000000000002                                0.25318287582856325
25.45                                             0.25296727734233476
25.5                                              0.252749107302737
25.55                                             0.252528382271807
25.6                                              0.2523051209565358
25.650000000000002                                0.2520793420165305
25.700000000000003                                0.251851078730149
25.75                                             0.2516203483111439
25.8                                              0.25138718235325547
25.85                                             0.251151612797629
25.900000000000002                                0.25091367430594563
25.950000000000003                                0.2506734044657512
26                                                0.2504308439058993
26.05                                             0.2501860364001029
26.099999999999998                                0.24993902896452622
26.150000000000002                                0.2496898719508702
26.2                                              0.24943861913876628
26.25                                             0.2491853278228075
26.299999999999997                                0.2489300588914711
26.349999999999998                                0.24867287689744175
26.4                                              0.2484138501184537
26.45                                             0.24815305060673085
26.5                                              0.24789055422504983
26.55                                             0.24762644066723158
26.599999999999998                                0.24736079346140208
26.65                                             0.24709369995474875
26.7                                              0.24682525127884677
26.75                                             0.24655554229370988
26.8                                              0.24628467150880462
26.85                                             0.2460127409791721
26.9                                              0.24573985617512697
26.95                                             0.24546612582396324
27                                                0.24519166172250167
27.05                                             0.24491657851895285
27.1                                              0.24464099346333604
27.15                                             0.24436502612591318
27.2                                              0.24408879808315348
27.25                                             0.2438124325718611
27.3                                              0.2435360541115954
27.35                                             0.24325978809593615
27.400000000000002                                0.2429837603526843
27.45                                             0.24270809667220053
27.5                                              0.24243292230444274
27.55                                             0.24215836142734187
27.6                                              0.2418845365902242
27.650000000000002                                0.2416115681362317
27.7                                              0.2413395736070612
27.75                                             0.24106866713261083
27.8                                              0.24079895880891158
27.85                                             0.24053055406812549
27.900000000000002                                0.2402635530457605
27.950000000000003                                0.23999804994890808
28                                                0.23973413243124517
28.05                                             0.23947188097979458
28.1                                              0.23921136832219475
28.150000000000002                                0.23895265886290012
28.200000000000003                                0.23869580815321045
28.25                                             0.23844086239763126
28.3                                              0.23818785800322548
28.349999999999998                                0.23793682117986292
28.400000000000002                                0.23768776759916407
28.45                                             0.23744070212223564
28.500000000000004                                0.23719561862055047
28.549999999999997                                0.23695249992153464
28.6                                              0.23671131778565194
28.65                                             0.23647203276131745
28.700000000000003                                0.23623459426023263
28.75                                             0.23599894095876853
28.8                                              0.23576500118548838
28.849999999999998                                0.2355326933202598
28.900000000000002                                0.23530192633063016
28.95                                             0.23507260102632388
29.000000000000004                                0.23484460408838337
29.05                                             0.23461783043153625
29.1                                              0.23439215239759661
29.15                                             0.23416744359305786
29.200000000000003                                0.23394357334158022
29.25                                             0.23372040721123966
29.300000000000004                                0.2334978090439745
29.35                                             0.23327564197687836
29.400000000000002                                0.23305376425465746
29.45                                             0.23283205205879334
29.499999999999996                                0.23261036794469547
29.55                                             0.23238858549853306
29.600000000000005                                0.2321665835554271
29.650000000000002                                0.23194424771994107
29.699999999999996                                0.2317214715224642
29.75                                             0.2314981574469229
29.800000000000004                                0.23127421783696497
29.85                                             0.23104957566595039
29.9                                              0.23082416515131443
29.95                                             0.23059793219398428
29.999999999999996                                0.23037083462297248
30.05                                             0.23014284222816436
30.099999999999998                                0.22991393656572728
30.150000000000002                                0.22968411052277415
30.2                                              0.22945336762963334
30.25                                             0.22922172111029054
30.299999999999997                                0.22898919266445567
30.35                                             0.22875581097796427
30.4                                              0.2285216099624414
30.450000000000003                                0.2282866267289854
30.5                                              0.22805089930552752
30.55                                             0.22781446411216472
30.599999999999998                                0.22757735321393735
30.650000000000002                                0.22733959137596185
30.7                                              0.2271011929512002
30.750000000000004                                0.22686215863714054
30.799999999999997                                0.22662247214293682
30.85                                             0.22638209681468913
30.9                                              0.22614097227159216
30.950000000000003                                0.22589901111110006
31                                                0.2256560957457078
31.05                                             0.22541207543853226
31.099999999999998                                0.22516676360745644
31.150000000000002                                0.22491993547115924
31.2                                              0.2246713261108819
31.250000000000004                                0.22442062902289342
31.3                                              0.224167495235251
31.35                                             0.22391153305945133
31.4                                              0.22365230854272006
31.450000000000003                                0.22338934667854599
31.5                                              0.2231221334247318
31.550000000000004                                0.22285011856896741
31.6                                              0.22257271947134685
31.650000000000002                                0.22228932570126264
31.7                                              0.22199930457082587
31.749999999999996                                0.2217020075489797
31.8                                              0.22139677752414905
31.850000000000005                                0.22108295686966561
31.900000000000002                                0.2207598963309703
31.949999999999996                                0.22042696222385588
32                                                0.22008355390232356
32.050000000000004                                0.21972910178087218
32.1                                              0.2193630879327672
32.15                                             0.21898505222995937
32.2                                              0.21859460475545853
32.25000000000001                                 0.21819143424116336
32.300000000000004                                0.21777531759167912
32.35                                             0.21734613069880587
32.4                                              0.21690385390643332
32.45                                             0.2164485784252689
32.5                                              0.21598051341339755
32.55                                             0.21549998816508814
32.6                                              0.21500745385439587
32.65                                             0.21450348302989566
32.7                                              0.21398876683998544
32.75                                             0.2134641098417087
32.800000000000004                                0.21293042226474454
32.85                                             0.21238870964054776
32.9                                              0.21184005974555864
32.949999999999996                                0.21128562684790464
33                                                0.21072661330516138
33.05                                             0.2101642486243864
33.1                                              0.20959976616119708
33.15                                             0.20903437770883282
33.2                                              0.20846924630912242
33.25                                             0.20790545770290453
33.300000000000004                                0.20734399092658307
33.35                                             0.20678568865260155
33.400000000000006                                0.20623122796034196
33.45                                             0.20568109230607792
33.5                                              0.2051355455332697
33.55                                             0.20459460882292896
33.6                                              0.2040580415245665
33.65                                             0.20352532682119093
33.7                                              0.20299566316669382
33.75                                             0.20246796238175657
33.8                                              0.20194085520511668
33.85                                             0.2014127049657286
33.900000000000006                                0.2008816298689095
33.95                                             0.20034553417650447
34                                                0.19980214831223797
34.05                                             0.1992490776448928
34.1                                              0.19868385940131303
34.15                                             0.19810402684999961
34.199999999999996                                0.19750717958603986
34.25                                             0.19689105845095173
34.300000000000004                                0.1962536233527173
34.35                                             0.19559313201925213
34.4                                              0.1949082175316297
34.45                                             0.19419796234712106
34.50000000000001                                 0.1934619664401702
34.550000000000004                                0.1927004071633325
34.6                                              0.1919140884576388
34.65                                             0.19110447711592662
34.7                                              0.19027372391943764
34.75                                             0.18942466761952353
34.8                                              0.18856081992025014
34.85                                             0.1876863298354629
34.9                                              0.18680592605370663
34.95                                             0.18592483625861753
35                                                0.18504868272594438
35.050000000000004                                0.18418335397468033
35.1                                              0.18333485283295575
35.15                                             0.1825091220365046
35.199999999999996                                0.18171184941451535
35.25                                             0.18094825585209023
35.3                                              0.1802228705667591
35.35                                             0.17953929978933236
35.4                                              0.17889999665333037
35.45                                             0.17830604185424018
35.5                                              0.17775694617180238
35.550000000000004                                0.1772504873175275
35.6                                              0.17678259495167215
35.650000000000006                                0.17634729772554164
35.7                                              0.17593674503321627
35.75                                             0.17554131447934573
35.8                                              0.17514981296514007
35.85                                             0.17474977496718522
35.9                                              0.17432785126358208
35.95                                             0.17387030288489377
36                                                0.17336354528982897
36.050000000000004                                0.17279473796687192
36.1                                              0.1721524367733592
36.150000000000006                                0.17142721340641714
36.2                                              0.17061225337967387
36.25                                             0.16970388126240749
36.3                                              0.168702013079457
36.35                                             0.16761048844143092
36.4                                              0.16643727226553395
36.449999999999996                                0.1651944898357041
36.5                                              0.16389833935562456
36.550000000000004                                0.16256880862757905
36.6                                              0.16122922082195124
36.65                                             0.1599055889123555
36.7                                              0.15862576551178706
36.75000000000001                                 0.15741837301183834
36.800000000000004                                0.15631150034834385
36.849999999999994                                0.15533115977981404
36.9                                              0.15449951292582179
36.95                                             0.1538329030836056
37                                                0.1533397726635796
37.05                                             0.15301860020492902
37.1                                              0.1528560564170314
37.150000000000006                                0.15282564268684945
37.2                                              0.1528871214763663
37.25                                             0.15298705388003922
37.300000000000004                                0.15306070309388906
37.35                                             0.15303542997801345
37.4                                              0.15283550326188938
37.449999999999996                                0.15238800302144287
37.5                                              0.15162926679378966
37.55                                             0.15051117849060647
37.6                                              0.1490065837601881
37.65                                             0.14711324808002416
37.7                                              0.1448560243284815
37.75                                             0.14228719327462186
37.800000000000004                                0.13948519496269338
37.85                                             0.13655210387590885
37.900000000000006                                0.1336101679785592
37.95                                             0.1307975158606181
38                                                0.12826274745766889
38.05                                             0.12615759533131896
38.1                                              0.12462625314905584
38.15                                             0.12378950511323207
38.2                                              0.1237218718583523
38.25                                             0.12442136926653108
38.300000000000004                                0.12577514051283548
38.35                                             0.12753063339656917
38.400000000000006                                0.12928938581344282
38.45                                             0.1305430796851556
38.5                                              0.1307611307388093
38.55                                             0.1295134402400807
38.6                                              0.12658462701478912
38.65                                             0.12203150041259428
38.699999999999996                                0.11616412524001807
38.75                                             0.10947256931237664
38.800000000000004                                0.10254510650730213
38.85                                             0.09601866952505686
38.9                                              0.09058222829012903
38.95                                             0.08703233079532756
39.00000000000001                                 0.08634434367635566
39.050000000000004                                0.08960063324741677
39.099999999999994                                0.09726837091731085
39.15                                             0.1070799726413293
39.2                                              0.1123563806017208
39.25                                             0.10734702052964273
39.3                                              0.09459100201025193
39.35                                             0.08039790693732224
39.400000000000006                                0.06835352541360601
39.45                                             0.05952643862787386
39.5                                              0.06051474536094655
39.550000000000004                                0.09141769755346592
39.6                                              0.058974737143155466
39.65                                             0.05400967049533082
39.699999999999996                                0.05328772094152669
39.75                                             0.05452880501282826
39.800000000000004                                0.05715106923733896
39.85                                             0.060918801610451746
39.9                                              0.06570909113113864
39.95                                             0.07144718176693271
40.00000000000001                                 0.07808246073771537
40.050000000000004                                0.08557754586431893
40.1                                              0.0939025564069149
40.15                                             0.10303177364340153
40.2                                              0.11294154059778037
40.25                                             0.12360886720162323
40.3                                              0.1350104693540343
40.349999999999994                                0.14712209334729923
40.4                                              0.15991803960865886
40.45                                             0.17337083350553156
40.5                                              0.18745101013618495
40.55                                             0.2021269912743512
40.6                                              0.2173650393849301
40.650000000000006                                0.23312927769038908
40.7                                              0.24938176769767492
40.75                                             0.2660826370061895
40.8                                              0.2831902509821876
40.85                                             0.300661422260522
40.9                                              0.3184516521685683
40.949999999999996                                0.33651539819074805
41                                                0.3548063615690218
41.050000000000004                                0.37327778913366394
41.1                                              0.3918827835056897
41.15                                             0.41057461594284544
41.2                                              0.42930703632065415
41.25000000000001                                 0.4480345750565337
41.300000000000004                                0.4667128321950972
41.349999999999994                                0.4852987493672531
41.4                                              0.5037508609009724
41.45                                             0.5220295209802417
41.5                                              0.540097104400445
41.55                                             0.5579181791370357
41.6                                              0.5754596496077612
41.650000000000006                                0.5926908701452036
41.7                                              0.6095837288012947
41.75                                             0.6261127021479709
41.800000000000004                                0.6422548822284894
41.85                                             0.6579899772231201
41.9                                              0.6733002877327046
41.949999999999996                                0.6881706608486358
42                                                0.7025884243605799
42.050000000000004                                0.7165433035736567
42.1                                              0.730027323254341
42.15                                             0.7430346972163905
42.2                                              0.7555617079984095
42.25000000000001                                 0.7676065789804694
42.300000000000004                                0.7791693411524576
42.35                                             0.7902516965801297
42.400000000000006                                0.800856880431045
42.45                                             0.8109895232243363
42.5                                              0.8206555147665623
42.55                                             0.8298618710435449
42.599999999999994                                0.838616605142006
42.65                                             0.8469286030879576
42.7                                              0.8548075053075149
42.75                                             0.8622635942523177
42.8                                              0.8693076885868779
42.85                                             0.8759510442037413
42.900000000000006                                0.8822052622114113
42.95                                             0.8880822039007034
43                                                0.8935939125336188
43.05                                             0.8987525418600292
43.1                                              0.9035702915615039
43.15                                             0.9080593493424072
43.199999999999996                                0.9122318389059201
43.25                                             0.9160997735842967
43.300000000000004                                0.9196750155174432
43.35                                             0.9229692400357665
43.4                                              0.9259939048584762
43.45                                             0.9287602242438563
43.50000000000001                                 0.931279148789777
43.550000000000004                                0.9335613445379761
43.599999999999994                                0.935617176342012
43.65                                             0.9374567001575163
43.7                                              0.9390896539516806
43.75                                             0.9405254510184946
43.8                                              0.9417731798226353
43.85                                             0.942841593605208
43.900000000000006                                0.9437391177294754
43.95                                             0.9444738373228432
44                                                0.9450535817742928
44.050000000000004                                0.9454857535799776
44.1                                              0.9457775172115864
44.15                                             0.9459357120815542
44.199999999999996                                0.9459668796269368
44.25                                             0.9458772716510242
44.300000000000004                                0.9456728592486658
44.35                                             0.9453593421829931
44.4                                              0.9449421586094069
44.45                                             0.9444264950555499
44.50000000000001                                 0.9438172965758046
44.550000000000004                                0.9431192770070003
44.6                                              0.9423369292595344
44.650000000000006                                0.9414745355850088
44.7                                              0.9405361777677117
44.75                                             0.9395257471929391
44.8                                              0.938446954750676
44.849999999999994                                0.9373033405375424
44.9                                              0.9360982833247554
44.95                                             0.9348350097635764
45                                                0.9335166033036524
45.05                                             0.9321460128028142
45.1                                              0.9307260608103443
45.150000000000006                                0.9292594515081901
45.2                                              0.9277487782976869
45.25                                             0.926196531021459
45.3                                              0.9246051028126746
45.35                                             0.9229767965657734
45.4                                              0.921313831024823
45.449999999999996                                0.9196183464875897
45.5                                              0.9178924101248561
45.550000000000004                                0.9161380209165089
45.6                                              0.9143571142070901
45.65                                             0.9125515658850061
45.7                                              0.9107231961912208
45.75000000000001                                 0.9088737731640111
45.800000000000004                                0.9070050157280161
45.849999999999994                                0.9051185964366915
45.9                                              0.9032161438783052
45.95                                             0.901299244756841
46                                                0.899369445659606
46.05                                             0.8974282545249153
46.1                                              0.8954771418231564
46.150000000000006                                0.8935175414660279
46.2                                              0.8915508514587894
46.25                                             0.8895784343114415
46.300000000000004                                0.8876016172246903
46.35                                             0.8856216920679221
46.4                                              0.8836399151657339
46.449999999999996                                0.8816575069106508
46.5                                              0.8796756512197411
46.550000000000004                                0.8776954948523825
46.6                                              0.8757181466071144
46.65                                             0.873744676415167
46.7                                              0.8717761143480126
46.75000000000001                                 0.8698134495567226
46.800000000000004                                0.8678576291603721
46.85                                             0.8659095571006196
46.900000000000006                                0.8639700929795084
46.95                                             0.8620400508969698
47                                                0.8601201983058321
47.05                                             0.8582112549121012
47.1                                              0.856313891919113
47.15                                             0.8544287283546387
47.2                                              0.8525563371145285
47.25                                             0.8506972352264102
47.3                                              0.8488518895372116
47.35                                             0.8470207120802243
47.400000000000006                                0.8452040623065804
47.45                                             0.8434022457975886
47.5                                              0.8416155135423601
47.55                                             0.8398440620425848
47.6                                              0.8380880337717798
47.65                                             0.8363475159778981
47.699999999999996                                0.8346225429488582
47.75                                             0.8329130952949353
47.800000000000004                                0.8312191006764577
47.85                                             0.8295404348771481
47.9                                              0.8278769227711669
47.95                                             0.8262283394832034
48.00000000000001                                 0.8245944117315332
48.050000000000004                                0.8229748193446517
48.099999999999994                                0.8213691969461765
48.15                                             0.819777135798141
48.2                                              0.8181981857957984
48.25                                             0.8166318576246124
48.3                                              0.8150776250827046
48.35                                             0.8135349275457526
48.400000000000006                                0.8120031725594969
48.45                                             0.8104817385590734
48.5                                              0.8089699777104051
48.550000000000004                                0.8074672188646597
48.6                                              0.8059727706157211
48.65                                             0.8044859244501
48.699999999999996                                0.8030059579782527
48.75                                             0.8015321382355827
48.800000000000004                                0.8000637250402771
48.85                                             0.7985999743954412
48.9                                              0.7971401419236746
48.95                                             0.7956834863235703
49.00000000000001                                 0.7942292728366404
49.050000000000004                                0.7927767767098312
49.1                                              0.7913252866381683
49.150000000000006                                0.7898741081725416
49.2                                              0.788422567078994
49.25                                             0.7869700126364899
49.3                                              0.7855158208595412
49.35                                             0.78405939763246
49.400000000000006                                0.7826001817420395
49.45                                             0.7811376477949978
49.5                                              0.7796713090078925
49.55                                             0.7782007198566899
49.6                                              0.7767254785741983
49.650000000000006                                0.7752452294836266
49.7                                              0.7737596651577391
49.75                                             0.7722685283927622
49.8                                              0.770771613987588
49.85                                             0.7692687703187087
49.9                                              0.7677599007021307
49.949999999999996                                0.7662449645338825
50                                                0.7647239782021003
50.050000000000004                                0.7631970157642557
50.1                                              0.7616642093844673
50.15                                             0.7601257495271946
50.2                                              0.758581884903863
50.25000000000001                                 0.7570329221691647
50.300000000000004                                0.7554792253652668
50.349999999999994                                0.7539212151111733
50.4                                              0.7523593675371854
50.45                                             0.750794212963812
50.5                                              0.7492263343265706
50.55                                             0.7476563653478862
50.6                                              0.7460849884594346
50.650000000000006                                0.7445129324775355
50.7                                              0.7429409700351931
50.75                                             0.7413699147757714
50.800000000000004                                0.7398006183121795
50.85                                             0.7382339669602753
50.9                                              0.736670878256874
50.949999999999996                                0.735112297275507
51                                                0.7335591927503414
51.050000000000004                                0.7320125530132563
51.1                                              0.7304733817504033
51.15                                             0.7289426935898292
51.2                                              0.727421509536233
51.25000000000001                                 0.7259108522711524
51.300000000000004                                0.7244117413354602
51.35                                             0.7229251882127261
51.400000000000006                                0.7214521913324434
51.45                                             0.7199937310151374
51.5                                              0.718550764383038
51.55                                             0.7171242202530275
51.6                                              0.7157149940059573
51.650000000000006                                0.7143239424249853
51.7                                              0.7129518785925835
51.75                                             0.7115995669795878
51.8                                              0.7102677186879952
51.85                                             0.7089569867615699
51.900000000000006                                0.7076679616089957
51.95                                             0.7064011666101923
52                                                0.705157053932713
52.05                                             0.7039360005572788
52.1                                              0.7027383046091437
52.15                                             0.7015641828710012
52.199999999999996                                0.7004137702693514
52.25                                             0.6992871137331071
52.300000000000004                                0.6981841660842887
52.35                                             0.6971047897527621
52.4                                              0.6960487560184143
52.45                                             0.695015742968299
52.50000000000001                                 0.6940053347745969
52.550000000000004                                0.6930170263887739
52.599999999999994                                0.6920502154985301
52.65                                             0.6911041993272016
52.7                                              0.6901781972829966
52.75                                             0.6892713597672604
52.8                                              0.688382691741655
52.85                                             0.6875111783258969
52.900000000000006                                0.6866557010902704
52.95                                             0.6858150701917285
53                                                0.6849880276704983
53.050000000000004                                0.6841732524388872
53.1                                              0.683369366007091
53.15                                             0.6825749386875001
53.199999999999996                                0.6817884962134692
53.25                                             0.6810085267322176
53.300000000000004                                0.6802334881346042
53.35                                             0.6794618156832413
53.4                                              0.6786919298980072
53.45                                             0.6779222446570751
53.50000000000001                                 0.6771511754683265
53.550000000000004                                0.676377147865891
53.6                                              0.6755986058842148
53.65                                             0.674814020561409
53.7                                              0.6740218984229842
53.75                                             0.6732207898964276
53.8                                              0.672409297606903
53.849999999999994                                0.6715860845044126
53.900000000000006                                0.6707498817733193
53.95                                             0.6698994964750644
54                                                0.6690338188763816
54.05                                             0.6681518294157929
54.10000000000001                                 0.6672526052627133
54.150000000000006                                0.6663353264245654
54.2                                              0.6653992813592858
54.25                                             0.6644438720521408
54.300000000000004                                0.6634686185180056
54.35                                             0.6624731626923788
54.4                                              0.6614572716769884
54.449999999999996                                0.6604208403085845
54.50000000000001                                 0.659363893022149
54.550000000000004                                0.6582865849838405
54.6                                              0.6571892024713452
54.65                                             0.6560721624841122
54.70000000000001                                 0.6549360115695319
54.75000000000001                                 0.6537814238555939
54.800000000000004                                0.6526091982856949
54.849999999999994                                0.6514202550552793
54.900000000000006                                0.6502156312568196
54.95                                             0.6489964757437885
55                                                0.6477640432308058
55.05                                             0.6465196876534999
55.10000000000001                                 0.6452648548168284
55.150000000000006                                0.6440010743681448
55.2                                              0.6427299511364944
55.25                                             0.6414531558867049
55.3                                              0.6401724155430825
55.35                                             0.6388895029426198
55.4                                              0.6376062261844997
55.449999999999996                                0.6363244176470936
55.49999999999999                                 0.6350459227488584
55.550000000000004                                0.6337725885336132
55.6                                              0.6325062521641308
55.65                                             0.6312487294105706
55.699999999999996                                0.6300018032228024
55.75000000000001                                 0.6287672124752756
55.800000000000004                                0.62754664097435
55.85                                             0.6263417068163485
55.9                                              0.6251539521822042
55.95                                             0.6239848336513989
56                                                0.6228357131150085
56.05                                             0.6217078493601458
56.099999999999994                                0.6206023903943784
56.150000000000006                                0.619520366569955
56.2                                              0.6184626845612331
56.25                                             0.6174301222397478
56.3                                              0.6164233244823496
56.35000000000001                                 0.615442799939831
56.400000000000006                                0.6144889187829023
56.45                                             0.6135619114360324
56.5                                              0.6126618683134213
56.550000000000004                                0.6117887407826368
56.6                                              0.6109423392091166
56.65                                             0.6101223467359258
56.699999999999996                                0.6093283065627916
56.75000000000001                                 0.6085596379705246
56.800000000000004                                0.6078156379884473
56.85                                             0.6070954862708441
56.9                                              0.6063982520038912
56.95000000000001                                 0.60572290213828
57.00000000000001                                 0.6050683078392513
57.050000000000004                                0.6044332527895152
57.099999999999994                                0.6038164416596694
57.150000000000006                                0.6032165088727707
57.2                                              0.602632027645263
57.25                                             0.602061518741514
57.3                                              0.6015034603417195
57.35000000000001                                 0.6009562968073034
57.400000000000006                                0.600418448031408
57.45                                             0.599888318483201
57.5                                              0.599364306088772
57.55000000000001                                 0.5988448108745736
57.6                                              0.5983282433136164
57.65                                             0.5978130323243873
57.699999999999996                                0.5972976328777564
57.74999999999999                                 0.5967805331720772
57.800000000000004                                0.5962602613429958
57.85                                             0.5957353916724868
57.9                                              0.5952045502578293
57.949999999999996                                0.59466642011286
58.00000000000001                                 0.5941197457043909
58.050000000000004                                0.5935633369305856
58.1                                              0.5929960725285072
58.15                                             0.5924169028971931
58.2                                              0.5918248523401662
58.25                                             0.5912190207407724
58.3                                              0.5905985846896091
58.349999999999994                                0.5899627980872155
58.400000000000006                                0.5893109922487516
58.45                                             0.5886425755437381
58.5                                              0.5879570326074469
58.55                                             0.5872539231655297
58.60000000000001                                 0.5865328805175788
58.650000000000006                                0.5857936097291184
58.7                                              0.5850358855846035
58.75                                             0.584259550355737
58.800000000000004                                0.5834645114416869
58.85                                             0.5826507389375858
58.9                                              0.5818182631884794
58.949999999999996                                0.5809671723853272
59.00000000000001                                 0.5800976102585297
59.050000000000004                                0.5792097739216656
59.1                                              0.5783039119145412
59.15                                             0.5773803224900986
59.20000000000001                                 0.5764393521838553
59.25000000000001                                 0.5754813946991069
59.300000000000004                                0.5745068901337499
59.349999999999994                                0.5735163245673436
59.400000000000006                                0.5725102300185939
59.45                                             0.5714891847754873
59.5                                              0.5704538140906381
59.55                                             0.5694047912255885
59.60000000000001                                 0.5683428388188871
59.650000000000006                                0.5672687305422848
59.7                                              0.5661832930015919
59.75                                             0.5650874078291191
59.80000000000001                                 0.5639820139057803
59.85                                             0.5628681096439473
59.9                                              0.5617467552533962
59.949999999999996                                0.5606190749071672
59.99999999999999                                 0.559486258716571
60.050000000000004                                0.5583495644219006
60.1                                              0.557210318698231
60.15                                             0.556069917975943
60.199999999999996                                0.5549298286714397
60.25000000000001                                 0.5537915867254054
60.300000000000004                                0.5526567963455268
60.35                                             0.5515271278552957
60.4                                              0.5504043145536165
60.45                                             0.5492901484979018
60.5                                              0.5481864751295469
60.55                                             0.5470951866736704
60.599999999999994                                0.5460182142547322
60.650000000000006                                0.5449575186862387
60.7                                              0.543915079908143
60.75                                             0.5428928850663283
60.8                                              0.5418929152470565
60.85000000000001                                 0.5409171309048687
60.900000000000006                                0.5399674560455238
60.95                                             0.5390457612519416
61                                                0.5381538456687547
61.050000000000004                                0.5372934180880332
61.1                                              0.5364660773077008
61.15                                             0.5356732919598113
61.199999999999996                                0.534916380034636
61.25000000000001                                 0.5341964883483601
61.300000000000004                                0.5335145722260204
61.35                                             0.5328713756882564
61.4                                              0.5322674124449708
61.45000000000001                                 0.5317029480053485
61.50000000000001                                 0.5311779832189669
61.550000000000004                                0.5306922395595541
61.599999999999994                                0.5302451464558212
61.650000000000006                                0.5298358309608879
61.7                                              0.5294631100286522
61.75                                             0.5291254856392484
61.8                                              0.5288211429801967
61.85000000000001                                 0.528547951851463
61.900000000000006                                0.5283034714183074
61.95                                             0.5280849583899002
62                                                0.5278893786520056
62.05000000000001                                 0.5277134223320971
62.1                                              0.527553522225128
62.15                                             0.5274058754588402
62.199999999999996                                0.5272664682290767
62.24999999999999                                 0.5271311033856713
62.300000000000004                                0.5269954306004598
62.35                                             0.5268549788188394
62.4                                              0.5267051907059228
62.449999999999996                                0.5265414588160423
62.50000000000001                                 0.5263591631633381
62.550000000000004                                0.5261537097847111
62.6                                              0.5259205698832852
62.65                                             0.5256553191983965
62.7                                              0.5253536772810737
62.75                                             0.5250115463551833
62.8                                              0.5246250494456253
62.849999999999994                                0.524190567464561
62.900000000000006                                0.5237047749620171
62.95                                             0.5231646742633285
63                                                0.5225676277446956
63.05                                             0.5219113880724596
63.10000000000001                                 0.5211941262918324
63.150000000000006                                0.5204144571642081
63.2                                              0.5195714610462823
63.25                                             0.5186647031093271
63.300000000000004                                0.5176942501069394
63.35                                             0.516660683313421
63.4                                              0.5155651075907298
63.449999999999996                                0.514409156583077
63.50000000000001                                 0.5131949938132152
63.550000000000004                                0.5119253094727602
63.6                                              0.5106033140056241
63.65                                             0.5092327263493562
63.70000000000001                                 0.5078177459525454
63.75000000000001                                 0.5063630457316097
63.800000000000004                                0.5048737373694464
63.849999999999994                                0.5033553385167612
63.900000000000006                                0.501813713181438
63.95                                             0.5002551070334893
64                                                0.49868597534678805
64.05                                             0.49711302483447606
64.10000000000001                                 0.4955431203652304
64.15                                             0.49398322579155207
64.2                                              0.4924403377074468
64.25                                             0.4909214159173187
64.30000000000001                                 0.48943331154877523
64.35000000000001                                 0.48798269369469
64.4                                              0.4865759755413521
64.45                                             0.4852192410168162
64.50000000000001                                 0.48391817304899054
64.55000000000001                                 0.4826779845650429
64.60000000000001                                 0.4815033533709059
64.65                                             0.48039836203678965
64.7                                              0.4793664438669386
64.75                                             0.47841033595691634
64.8                                              0.47753204023720036
64.85                                             0.4767327932711239
64.89999999999999                                 0.4760130454220958
64.95                                             0.47537244983230803
65                                                0.47480986147114596
65.05                                             0.47432334631951806
65.1                                              0.47391020056367544
65.15                                             0.4735669794865509
65.2                                              0.4732895355695399
65.25                                             0.47307306516019204
65.3                                              0.4729121629265063
65.35000000000001                                 0.47280088320616626
65.4                                              0.4727328072784013
65.45                                             0.4727011155284819
65.5                                              0.47269866345036265
65.55000000000001                                 0.47271806043007686
65.60000000000001                                 0.4727517502777596
65.65                                             0.4727920925187161
65.7                                              0.47283144351502404
65.75                                             0.47286223656125187
65.8                                              0.47287706017831616
65.85                                             0.4728687339129682
65.89999999999999                                 0.4728303810317326
65.95                                             0.47275549757620366
66                                                0.4726380173155211
66.05                                             0.472472372189797
66.1                                              0.4722535478854693
66.15                                             0.471977134215591
66.2                                              0.4716393699976239
66.25                                             0.47123718212861265
66.3                                              0.47076821855224366
66.35000000000001                                 0.4702308748004675
66.4                                              0.469624313771579
66.45                                             0.46894847838692016
66.5                                              0.4682040967481566
66.55000000000001                                 0.46739267940434864
66.60000000000001                                 0.46651650833698094
66.65                                             0.4655786172845256
66.7                                              0.4645827630636896
66.75000000000001                                 0.4635333876050979
66.80000000000001                                 0.4624355705066511
66.85000000000001                                 0.46129497202893827
66.9                                              0.4601177666049834
66.95                                             0.45891056711698053
67                                                0.45768034040284217
67.05                                             0.45643431468543383
67.1                                              0.4551798798680683
67.14999999999999                                 0.4539244818955601
67.2                                              0.4526755126361053
67.25                                             0.4514401969783212
67.3                                              0.4502254790520866
67.35                                             0.4490379096548872
67.4                                              0.44788353708771356
67.45                                             0.44676780366329827
67.5                                              0.44569545013936585
67.55                                             0.44467043024297465
67.60000000000001                                 0.44369583729048173
67.65                                             0.44277384467177167
67.7                                              0.441905661666757
67.75                                             0.4410915057055164
67.80000000000001                                 0.44033059178783684
67.85000000000001                                 0.43962113935681457
67.9                                              0.43896039649634544
67.95                                             0.43834468090952255
68                                                0.4377694367520013
68.05                                             0.43722930605801225
68.1                                              0.43671821321776977
68.14999999999999                                 0.436229460750772
68.2                                              0.435755834478987
68.25                                             0.4352897161322494
68.3                                              0.4348232014145675
68.35                                             0.4343482216177727
68.4                                              0.4338566669780482
68.45                                             0.4333405101172127
68.5                                              0.43279192808621836
68.55                                             0.4322034217153283
68.60000000000001                                 0.43156793116408104
68.65                                             0.4308789467408294
68.7                                              0.4301306142157172
68.75                                             0.42931783397957995
68.80000000000001                                 0.4284363534840252
68.85000000000001                                 0.4274828524523097
68.9                                              0.42645502034987187
68.95                                             0.42535162556963385
69.00000000000001                                 0.4241725757091172
69.05000000000001                                 0.42291896820481606
69.10000000000001                                 0.4215931304509624
69.15                                             0.42019864837275617
69.2                                              0.4187403822605665
69.25                                             0.41722446851743245
69.3                                              0.4156583058415684
69.35                                             0.4140505242851477
69.39999999999999                                 0.4124109356731003
69.45                                             0.4107504650036566
69.5                                              0.4090810366619799
69.55                                             0.4074155320908452
69.6                                              0.4057675438531719
69.65                                             0.40415129316931464
69.7                                              0.4025814159798875
69.75                                             0.40107275644187623
69.8                                              0.39964013847259217
69.85000000000001                                 0.3982981191849044
69.9                                              0.3970607201018956
69.95                                             0.39594116431041204
70                                                0.3949516017032313
70.05000000000001                                 0.39410283603969065
70.10000000000001                                 0.393404064406479
70.15                                             0.3928626339891766
70.2                                              0.3924838235851167
70.25                                             0.39227065695878593
70.3                                              0.39222375440927953
70.35                                             0.39234122790017467
70.39999999999999                                 0.39261862385771074
70.45                                             0.39304891625929794
70.5                                              0.3936225490394096
70.55                                             0.39432753217389543
70.6                                              0.3951495814150527
70.65                                             0.396072302927491
70.7                                              0.39707741555877885
70.75                                             0.39814500432276345
70.8                                              0.3992537980042289
70.85000000000001                                 0.40038146343830244
70.9                                              0.40150490910538134
70.95                                             0.40260059108644547
71                                                0.40364481512389216
71.05000000000001                                 0.40461402944852126
71.10000000000001                                 0.4054851041066074
71.15                                             0.406235593669645
71.2                                              0.4068439813681525
71.25000000000001                                 0.4072899037917083
71.30000000000001                                 0.407554356297996
71.35000000000001                                 0.40761988011701905
71.4                                              0.4074707328121024
71.45                                             0.40709304423310255
71.5                                              0.4064749603705385
71.55                                             0.4056067775852632
71.6                                              0.4044810695542569
71.64999999999999                                 0.403092808941965
71.7                                              0.4014394852935829
71.75                                             0.39952121995734713
71.8                                              0.39734087799987583
71.85                                             0.3949041760929561
71.9                                              0.3922197842466037
71.95                                             0.38929941806842827
72                                                0.3861579169736217
72.05                                             0.3828133025094014
72.10000000000001                                 0.3792868097438351
72.15                                             0.3756028835845978
72.2                                              0.37178913102377525
72.25                                             0.367876219763471
72.30000000000001                                 0.36389771357235945
72.35000000000001                                 0.3598898351827694
72.4                                              0.35589114866774485
72.45                                             0.35194215514118693
72.5                                              0.34808479834188594
72.55                                             0.34436188021524367
72.6                                              0.3408163909007455
72.64999999999999                                 0.33749076243293485
72.7                                              0.3344260607031331
72.75                                             0.3316611354763344
72.8                                              0.32923175310452457
72.85                                             0.32716974056937037
72.9                                              0.32550217217789174
72.95                                             0.32425063123174175
73                                                0.32343057802238667
73.05                                             0.32305085242544646
73.10000000000001                                 0.3231133342869274
73.15                                             0.3236127779512944
73.2                                              0.32453682916661863
73.25                                             0.3258662238127849
73.30000000000001                                 0.3275751591275532
73.35000000000001                                 0.32963182004136127
73.4                                              0.33199903649148266
73.45                                             0.3346350426382087
73.50000000000001                                 0.33749430603435904
73.55000000000001                                 0.34052839407906627
73.60000000000001                                 0.34368684639397723
73.65                                             0.34691802480768535
73.7                                              0.3501699170227747
73.75                                             0.3533908752987573
73.8                                              0.3565302771582061
73.85                                             0.3595391007793391
73.89999999999999                                 0.36237041302472356
73.95                                             0.3649797727216539
74                                                0.36732555567810943
74.05                                             0.3693692109224389
74.1                                              0.3710754597917798
74.15                                             0.37241245080286667
74.2                                              0.37335188382016365
74.25                                             0.3738691169715127
74.3                                              0.3739432691598182
74.35000000000001                                 0.37355732995202373
74.4                                              0.372698287163639
74.45                                             0.3713572806241887
74.5                                              0.36952978841855433
74.55000000000001                                 0.3672158493289477
74.60000000000001                                 0.3644203222239416
74.65                                             0.36115317970180694
74.7                                              0.3574298293731023
74.75                                             0.3532714517320372
74.8                                              0.34870533866684067
74.85                                             0.34376521138781485
74.89999999999999                                 0.33849149111171956
74.95                                             0.3329314905568574
75                                                0.3271394896317421
