25                                                0.24942852245434446
25.05                                             0.24917266076028355
25.1                                              0.24891235815870413
25.150000000000002                                0.24864763458313466
25.2                                              0.24837851755730844
25.25                                             0.24810504180679074
25.3                                              0.24782725729592528
25.35                                             0.2475452108059353
25.400000000000002                                0.24725895926836283
25.45                                             0.24696857637530076
25.5                                              0.24667413216530584
25.55                                             0.24637570786917073
25.6                                              0.24607339036162004
25.650000000000002                                0.24576727060448908
25.700000000000003                                0.24545744514909673
25.75                                             0.24514401456372922
25.8                                              0.24482708273401715
25.85                                             0.2445067563567227
25.900000000000002                                0.2441831440340258
25.950000000000003                                0.2438563555120712
26                                                0.24352650091524802
26.05                                             0.24319368996492555
26.099999999999998                                0.2428580312156044
26.150000000000002                                0.24251963129621024
26.2                                              0.2421785941664419
26.25                                             0.24183502044494748
26.299999999999997                                0.24148900679105526
26.349999999999998                                0.24114064534455087
26.4                                              0.24079002324394752
26.45                                             0.24043722223588998
26.5                                              0.24008231838658375
26.55                                             0.23972538190644388
26.599999999999998                                0.23936647709869915
26.65                                             0.2390056624390397
26.7                                              0.23864299079334866
26.75                                             0.2382785097820113
26.8                                              0.23791226230471982
26.85                                             0.23754428727904156
26.9                                              0.2371746211835203
26.95                                             0.2368032901666033
27                                                0.23643033711224828
27.05                                             0.2360557882346311
27.1                                              0.2356796772454591
27.15                                             0.23530204034572122
27.2                                              0.23492291806421844
27.25                                             0.23454235688373265
27.3                                              0.23416041081840894
27.35                                             0.2337771431523014
27.400000000000002                                0.23339262816646852
27.45                                             0.233006952750466
27.5                                              0.23262021793459745
27.55                                             0.23223254031962412
27.6                                              0.2318440533604448
27.650000000000002                                0.23145490846295766
27.7                                              0.23106527585510878
27.75                                             0.23067534519312116
27.8                                              0.23028532586457973
27.85                                             0.22989544695031736
27.900000000000002                                0.22950595681062436
27.950000000000003                                0.2291171222649029
28                                                0.22872922733891002
28.05                                             0.22834257155784904
28.1                                              0.22795746776800868
28.150000000000002                                0.2275742394762486
28.200000000000003                                0.2271932177039835
28.25                                             0.22681473736036525
28.3                                              0.2264391331499009
28.349999999999998                                0.22606673503848543
28.400000000000002                                0.22569786331359049
28.45                                             0.22533282328444487
28.500000000000004                                0.22497189968063083
28.549999999999997                                0.22461535081849884
28.6                                              0.2242634026170359
28.65                                             0.22391624255700884
28.700000000000003                                0.2235740136884521
28.75                                             0.22323680880193686
28.8                                              0.22290466488870495
28.849999999999998                                0.22257755802251913
28.900000000000002                                0.22225539880163195
28.95                                             0.22193802849275138
29.000000000000004                                0.22162521602030452
29.05                                             0.22131665594250483
29.1                                              0.22101196755046917
29.15                                             0.22071069521764577
29.200000000000003                                0.22041231010958598
29.25                                             0.22011621334280895
29.300000000000004                                0.21982174065829432
29.35                                             0.21952816865155944
29.400000000000002                                0.2192347225758665
29.45                                             0.21894058570220395
29.499999999999996                                0.2186449101859246
29.55                                             0.21834682935309077
29.600000000000005                                0.21804547127724713
29.650000000000002                                0.21773997338225545
29.699999999999996                                0.2174294975195596
29.75                                             0.2171132455930686
29.800000000000004                                0.21679047679060895
29.85                                             0.216460524471545
29.9                                              0.21612281150404564
29.95                                             0.21577686445732247
29.999999999999996                                0.21542233176211406
30.05                                             0.2150589883571487
30.099999999999998                                0.21468675196952208
30.150000000000002                                0.2143056902557489
30.2                                              0.21391602467632617
30.25                                             0.21351813265957417
30.299999999999997                                0.21311254578878383
30.35                                             0.2126999440409366
30.4                                              0.21228114581696036
30.450000000000003                                0.21185709355597607
30.5                                              0.21142883482030841
30.55                                             0.2109974988328452
30.599999999999998                                0.21056426852365204
30.650000000000002                                0.21013034826712604
30.7                                              0.20969692764165818
30.750000000000004                                0.20926514169954344
30.799999999999997                                0.20883602840253152
30.85                                             0.20841048407198004
30.9                                              0.20798921785667698
30.950000000000003                                0.2075727062906223
31                                                0.2071611494486999
31.05                                             0.20675443033239088
31.099999999999998                                0.2063520789915821
31.150000000000002                                0.20595324316079605
31.2                                              0.20555666731469294
31.250000000000004                                0.2051606821176181
31.3                                              0.20476320458447508
31.35                                             0.20436175267627535
31.4                                              0.20395347390688598
31.450000000000003                                0.2035351860917796
31.5                                              0.2031034580726944
31.550000000000004                                0.20265463958838015
31.6                                              0.20218498515779668
31.650000000000002                                0.2016907651268103
31.7                                              0.20116834502576214
31.749999999999996                                0.20061432832540305
31.8                                              0.20002567976046962
31.850000000000005                                0.1993998467532208
31.900000000000002                                0.19873488761484392
31.949999999999996                                0.19802958547219843
32                                                0.19728355179675802
32.050000000000004                                0.1964973128976389
32.1                                              0.19567237505592014
32.15                                             0.19481126362723744
32.2                                              0.1939175323811468
32.25000000000001                                 0.1929957392311141
32.300000000000004                                0.19205138504400818
32.35                                             0.19109081275490114
32.4                                              0.19012106467060966
32.45                                             0.18914969665735132
32.5                                              0.18818454903754225
32.55                                             0.18723347551391797
32.6                                              0.18630403331841758
32.65                                             0.18540314020428147
32.7                                              0.18453670687359994
32.75                                             0.18370925690977297
32.800000000000004                                0.18292355014159065
32.85                                             0.18218022934884673
32.9                                              0.18147751393429196
32.949999999999996                                0.18081096709244762
33                                                0.1801733644575005
33.05                                             0.17955469155924547
33.1                                              0.17894229406861265
33.15                                             0.17832119840750427
33.2                                              0.17767461086406017
33.25                                             0.17698457789376376
33.300000000000004                                0.17623286401562924
33.35                                             0.1754018253782431
33.400000000000006                                0.17447550438007559
33.45                                             0.1734406621752439
33.5                                              0.1722878001386026
33.55                                             0.17101208168948964
33.6                                              0.1696140995333086
33.65                                             0.1681004396460389
33.7                                              0.1664840006035717
33.75                                             0.16478403594003996
33.8                                              0.16302589430132572
33.85                                             0.1612404340536595
33.900000000000006                                0.15946308723931893
33.95                                             0.15773254350814778
34                                                0.1560890208420335
34.05                                             0.15457209184238171
34.1                                              0.1532180494543422
34.15                                             0.15205683313806398
34.199999999999996                                0.1511086044131441
34.25                                             0.15038016483018984
34.300000000000004                                0.14986154679934896
34.35                                             0.14952326069683625
34.4                                              0.14931481284551054
34.45                                             0.1491651616395024
34.50000000000001                                 0.14898568894829053
34.550000000000004                                0.14867598461206488
34.6                                              0.14813227896182343
34.65                                             0.14725779554376867
34.7                                              0.14597379038966055
34.75                                             0.1442297757383527
34.8                                              0.14201151845894533
34.85                                             0.13934585202983707
34.9                                              0.1363019979901572
34.95                                             0.13298972151578756
35                                                0.12955501263692965
35.050000000000004                                0.12617393463572218
35.1                                              0.12304476100414043
35.15                                             0.12037756358564146
35.199999999999996                                0.118379136224136
35.25                                             0.11722985473452324
35.3                                              0.11704858168874356
35.35                                             0.11784370786646353
35.4                                              0.11945546283282218
35.45                                             0.12150844029519874
35.5                                              0.1234096844335768
35.550000000000004                                0.12443096964558828
35.6                                              0.1238830054430004
35.650000000000006                                0.12132641281719757
35.7                                              0.11671860769091287
35.75                                             0.11042432019488346
35.8                                              0.10310690461202314
35.85                                             0.09558756403541009
35.9                                              0.08876019592878041
35.95                                             0.08360526648321857
36                                                0.08129186596724977
36.050000000000004                                0.08324011406081917
36.1                                              0.09058821078291308
36.150000000000006                                0.10168321244470925
36.2                                              0.10855875243437706
36.25                                             0.10301208670079476
36.3                                              0.08853749227323439
36.35                                             0.0735036868003906
36.4                                              0.06184316195667755
36.449999999999996                                0.055362834827017336
36.5                                              0.11617094665282122
36.550000000000004                                0.06076540430904937
36.6                                              0.05395927464087945
36.65                                             0.053694244021588386
36.7                                              0.055903036349329874
36.75000000000001                                 0.0597846651036882
36.800000000000004                                0.06504279044019516
36.849999999999994                                0.07152737678192736
36.9                                              0.07914725199165216
36.95                                             0.08783955842838544
37                                                0.09755626664796228
37.05                                             0.10825719485573693
37.1                                              0.11990597766834657
37.150000000000006                                0.13246755767900026
37.2                                              0.1459065481584546
37.25                                             0.1601861385468874
37.300000000000004                                0.17526736438248422
37.35                                             0.19110863874368553
37.4                                              0.20766548249933042
37.449999999999996                                0.22489041292543577
37.5                                              0.24273296314992485
37.55                                             0.26113981264339703
37.6                                              0.28005501169683933
37.65                                             0.299420285057583
37.7                                              0.3191754022506152
37.75                                             0.33925860171230937
37.800000000000004                                0.3596070560492502
37.85                                             0.38015736884335294
37.900000000000006                                0.40084608280984274
37.95                                             0.421610184151124
38                                                0.44238762143503735
38.05                                             0.46311779016619625
38.1                                              0.48374199362621917
38.15                                             0.5042038666012444
38.2                                              0.5244497481856565
38.25                                             0.5444290247248882
38.300000000000004                                0.564094416096759
38.35                                             0.5834021877025235
38.400000000000006                                0.602312323526395
38.45                                             0.6207886464351687
38.5                                              0.6387988781035352
38.55                                             0.6563146555786062
38.6                                              0.6733114943293084
38.65                                             0.6897687146063533
38.699999999999996                                0.7056693299863838
38.75                                             0.7209999035938943
38.800000000000004                                0.7357503788480589
38.85                                             0.749913889108052
38.9                                              0.7634865510786472
38.95                                             0.7764672471317042
39.00000000000001                                 0.7888574008482407
39.050000000000004                                0.8006607497227297
39.099999999999994                                0.8118831184629158
39.15                                             0.8225321959602012
39.2                                              0.8326173185910676
39.25                                             0.8421492617915833
39.3                                              0.8511400415212107
39.35                                             0.8596027269059119
39.400000000000006                                0.8675512649358615
39.45                                             0.8750003177546279
39.5                                              0.8819651127999143
39.550000000000004                                0.8884613058124267
39.6                                              0.894504856530546
39.65                                             0.900111916725433
39.699999999999996                                0.9052987301054329
39.75                                             0.910081543515189
39.800000000000004                                0.9144765287796688
39.85                                             0.9184997145003763
39.9                                              0.9221669270846015
39.95                                             0.925493740280299
40.00000000000001                                 0.9284954324898737
40.050000000000004                                0.9311869512128714
40.1                                              0.9335828836195977
40.15                                             0.935697433356049
40.2                                              0.9375444019382471
40.25                                             0.939137174969916
40.3                                              0.9404887122788977
40.349999999999994                                0.941611541549272
40.4                                              0.9425177549930532
40.45                                             0.9432190086469522
40.5                                              0.9437265239109289
40.55                                             0.944051090987202
40.6                                              0.9442030739201825
40.650000000000006                                0.9441924169662954
40.7                                              0.94402865205251
40.75                                             0.9437209071118591
40.8                                              0.9432779151109635
40.85                                             0.9427080236083749
40.9                                              0.9420192047046914
40.949999999999996                                0.9412190652649102
41                                                0.9403148573113304
41.050000000000004                                0.9393134885013679
41.1                                              0.9382215326184691
41.15                                             0.9370452400173205
41.2                                              0.935790547975513
41.25000000000001                                 0.934463090913253
41.300000000000004                                0.9330682104518844
41.349999999999994                                0.9316109652886564
41.4                                              0.9300961408721209
41.45                                             0.9285282588676219
41.5                                              0.926911586407228
41.55                                             0.9252501451221883
41.6                                              0.9235477199592114
41.650000000000006                                0.9218078677845772
41.7                                              0.9200339257820492
41.75                                             0.9182290196524742
41.800000000000004                                0.9163960716234638
41.85                                             0.9145378082795791
41.9                                              0.9126567682229182
41.949999999999996                                0.910755309575018
42                                                0.9088356173305634
42.050000000000004                                0.9068997105739214
42.1                                              0.9049494495682096
42.15                                             0.9029865427269205
42.2                                              0.9010125534770237
42.25000000000001                                 0.8990289070219962
42.300000000000004                                0.8970368970119396
42.35                                             0.8950376921276794
42.400000000000006                                0.8930323425841189
42.45                                             0.8910217865577644
42.5                                              0.8890068565421336
42.55                                             0.8869882856338679
42.599999999999994                                0.8849667137519194
42.65                                             0.8829426937898652
42.7                                              0.8809166977013599
42.75                                             0.878889122516012
42.8                                              0.8768602962830222
42.85                                             0.8748304839389165
42.900000000000006                                0.8727998930954595
42.95                                             0.8707686797431591
43                                                0.868736953865064
43.05                                             0.86670478495466
43.1                                              0.8646722074312742
43.15                                             0.8626392259455399
43.199999999999996                                0.8606058205629712
43.25                                             0.8585719518022588
43.300000000000004                                0.8565375655053145
43.35                                             0.8545025975997453
43.4                                              0.852466978817429
43.45                                             0.850430639175209
43.50000000000001                                 0.8483935121490453
43.550000000000004                                0.8463555386860535
43.599999999999994                                0.8443166710518722
43.65                                             0.8422768780014003
43.7                                              0.8402361425424527
43.75                                             0.8381944742481403
43.8                                              0.8361519052232049
43.85                                             0.8341084952866749
43.900000000000006                                0.8320643342823032
43.95                                             0.8300195442810571
44                                                0.8279742815315865
44.050000000000004                                0.8259287381274983
44.1                                              0.8238831433904523
44.15                                             0.8218377650021604
44.199999999999996                                0.819792909914749
44.25                                             0.8177489249866147
44.300000000000004                                0.815706197258889
44.35                                             0.8136651538820264
44.4                                              0.8116262617566046
44.45                                             0.8095900269120984
44.50000000000001                                 0.8075569936154545
44.550000000000004                                0.8055277432055282
44.6                                              0.8035028926803278
44.650000000000006                                0.8014830931001938
44.7                                              0.7994690277420957
44.75                                             0.7974614095298517
44.8                                              0.795460978016865
44.849999999999994                                0.7934684970335626
44.9                                              0.7914847521676991
44.95                                             0.7895105475134322
45                                                0.7875467020995088
45.05                                             0.7855940460050663
45.1                                              0.7836534163615109
45.150000000000006                                0.7817256581596422
45.2                                              0.7798116192404251
45.25                                             0.77791213380765
45.3                                              0.7760280305187486
45.35                                             0.7741601272449642
45.4                                              0.77230922378004
45.449999999999996                                0.7704761164527356
45.5                                              0.7686615420324764
45.550000000000004                                0.7668662351989289
45.6                                              0.7650908746453741
45.65                                             0.7633361449012401
45.7                                              0.7616026403356797
45.75000000000001                                 0.759890934117624
45.800000000000004                                0.7582015477252224
45.849999999999994                                0.7565349496468023
45.9                                              0.7548915515612143
45.95                                             0.7532717072451518
46                                                0.7516757088441478
46.05                                             0.7501037843970862
46.1                                              0.748556095599695
46.150000000000006                                0.7470327355480033
46.2                                              0.7455337272372495
46.25                                             0.7440590222360121
46.300000000000004                                0.7426084996192857
46.35                                             0.7411819652903446
46.4                                              0.7397791516656027
46.449999999999996                                0.7383997177191971
46.5                                              0.7370432493899152
46.550000000000004                                0.7357092603753468
46.6                                              0.7343971933183667
46.65                                             0.7331064213422964
46.7                                              0.7318362499411968
46.75000000000001                                 0.7305859192436813
46.800000000000004                                0.7293546066376194
46.85                                             0.7281414297416027
46.900000000000006                                0.7269454497108142
46.95                                             0.7257656748647263
47                                                0.724601064621238
47.05                                             0.7234505337205791
47.1                                              0.7223129567191744
47.15                                             0.7211871727346453
47.2                                              0.7200719904211147
47.25                                             0.718966193152664
47.3                                              0.717868544389122
47.35                                             0.7167777931977566
47.400000000000006                                0.7156926799047343
47.45                                             0.7146119418492468
47.5                                              0.713534319212394
47.55                                             0.7124585608922157
47.6                                              0.711383430397143
47.65                                             0.7103077117155577
47.699999999999996                                0.7092302151679241
47.75                                             0.7081497831558201
47.800000000000004                                0.7070652958266315
47.85                                             0.7059756766006952
47.9                                              0.70487989753605
47.95                                             0.7037769845021518
48.00000000000001                                 0.7026660221342715
48.050000000000004                                0.7015461585410445
48.099999999999994                                0.700416609738696
48.15                                             0.6992766637867864
48.2                                              0.6981256846009032
48.25                                             0.6969631154199415
48.3                                              0.6957884819062705
48.35                                             0.6946013948598406
48.400000000000006                                0.6934015525278426
48.45                                             0.6921887424952271
48.5                                              0.6909628431416618
48.550000000000004                                0.6897238246544789
48.6                                              0.6884717495878904
48.65                                             0.6872067729627015
48.699999999999996                                0.6859291419019098
48.75                                             0.6846391948012276
48.800000000000004                                0.6833373600355144
48.85                                             0.6820241542049745
48.9                                              0.6807001799278937
48.95                                             0.6793661231886879
49.00000000000001                                 0.6780227502535929
49.050000000000004                                0.6766709041679124
49.1                                              0.6753115008520381
49.150000000000006                                0.6739455248152509
49.2                                              0.6725740245090455
49.25                                             0.6711981073433005
49.3                                              0.6698189343909077
49.35                                             0.6684377148082705
49.400000000000006                                0.6670557000001102
49.45                                             0.6656741775588971
49.5                                              0.6642944650102056
49.55                                             0.6629179033958149
49.6                                              0.6615458507275709
49.650000000000006                                0.6601796753447108
49.7                                              0.6588207492085278
49.75                                             0.6574704411668955
49.8                                              0.6561301102220404
49.85                                             0.654801098833468
49.9                                              0.6534847262880973
49.949999999999996                                0.6521822821679248
50                                                0.6508950199449944
50.050000000000004                                0.6496241507325445
50.1                                              0.6483708372184742
50.15                                             0.6471361878081271
50.2                                              0.6459212509994949
50.25000000000001                                 0.644727010014341
50.300000000000004                                0.6435543777058786
50.349999999999994                                0.6424041917629351
50.4                                              0.6412772102285197
50.45                                             0.6401741073495051
50.5                                              0.6390954697725119
50.55                                             0.6380417931001051
50.6                                              0.6370134788196133
50.650000000000006                                0.6360108316160559
50.7                                              0.6350340570790276
50.75                                             0.6340832598127095
50.800000000000004                                0.6331584419565585
50.85                                             0.6322595021239826
50.9                                              0.6313862347648383
50.949999999999996                                0.6305383299571116
51                                                0.6297153736317249
51.050000000000004                                0.628916848235005
51.1                                              0.6281421338302767
51.15                                             0.6273905096412813
51.2                                              0.6266611560378078
51.25000000000001                                 0.6259531569621889
51.300000000000004                                0.6252655027971152
51.35                                             0.6245970936784871
51.400000000000006                                0.6239467432597716
51.45                                             0.623313182906962
51.5                                              0.6226950662902249
51.55                                             0.6220909743830259
51.6                                              0.6214994208819064
51.650000000000006                                0.6209188580285375
51.7                                              0.6203476828276508
51.75                                             0.6197842438492042
51.8                                              0.6192268466574016
51.85                                             0.6186737641066569
51.900000000000006                                0.6181232409138425
51.95                                             0.617573502799638
52                                                0.6170227643612893
52.05                                             0.6164692373277432
52.1                                              0.6159111390117592
52.15                                             0.6153467009095595
52.199999999999996                                0.6147741774098809
52.25                                             0.6141918545754317
52.300000000000004                                0.6135980589616249
52.35                                             0.6129911664340824
52.4                                              0.6123696109322202
52.45                                             0.6117318931163063
52.50000000000001                                 0.6110765888482655
52.550000000000004                                0.6104023574733481
52.599999999999994                                0.6097079498701533
52.65                                             0.6089922162231414
52.7                                              0.6082541134676278
52.75                                             0.6074927123617456
52.8                                              0.6067072041474976
52.85                                             0.6058969067729747
52.900000000000006                                0.6050612706413406
52.95                                             0.6041998837576786
53                                                0.6033124759466141
53.050000000000004                                0.6023989221601241
53.1                                              0.601459245896476
53.15                                             0.6004936226197657
53.199999999999996                                0.5995023817567734
53.25                                             0.5984860074174241
53.300000000000004                                0.5974451384516266
53.35                                             0.5963805678130821
53.4                                              0.5952932409623732
53.45                                             0.5941842530851184
53.50000000000001                                 0.5930548474158236
53.550000000000004                                0.5919064191181017
53.6                                              0.5907404993520177
53.65                                             0.5895587441246681
53.7                                              0.5883629395214292
53.75                                             0.5871549927302168
53.8                                              0.5859369214302347
53.849999999999994                                0.5847108530201194
53.900000000000006                                0.5834790110221387
53.95                                             0.582243662248062
54                                                0.581007188005061
54.05                                             0.5797719878242075
54.10000000000001                                 0.5785405674777331
54.150000000000006                                0.5773154012176371
54.2                                              0.5760990038850414
54.25                                             0.5748938898581163
54.300000000000004                                0.5737025678650826
54.35                                             0.5725275034816024
54.4                                              0.5713711244919564
54.449999999999996                                0.5702357966819741
54.50000000000001                                 0.5691238078110844
54.550000000000004                                0.5680373516839562
54.6                                              0.5669785123655037
54.65                                             0.5659492486447012
54.70000000000001                                 0.5649513778601831
54.75000000000001                                 0.5639865614058744
54.800000000000004                                0.563056290961699
54.849999999999994                                0.5621618750501567
54.900000000000006                                0.5613044266230632
54.95                                             0.5604848517768888
55                                                0.5597038396895275
55.05                                             0.5589618539018406
55.10000000000001                                 0.5582591250479937
55.150000000000006                                0.5575956450775064
55.2                                              0.5569711630303456
55.25                                             0.5563851825936946
55.3                                              0.5558369615548535
55.35                                             0.5553255130483896
55.4                                              0.5548496085921285
55.449999999999996                                0.5544077829736359
55.49999999999999                                 0.5539983410030794
55.550000000000004                                0.553619366106079
55.6                                              0.5532687307109148
55.65                                             0.5529441083670082
55.699999999999996                                0.552642987517123
55.75000000000001                                 0.5523626868287771
55.800000000000004                                0.5521003719776798
55.85                                             0.5518530737623071
55.9                                              0.5516177074168805
55.95                                             0.5513910929758961
56                                                0.5511699765327052
56.05                                             0.5509510522299145
56.099999999999994                                0.5507309848160721
56.150000000000006                                0.5505064326009276
56.2                                              0.5502740706380838
56.25                                             0.5500306139611012
56.3                                              0.5497728407002754
56.35000000000001                                 0.5494976149093823
56.400000000000006                                0.5492019089334217
56.45                                             0.5488828251494694
56.5                                              0.5485376170014523
56.550000000000004                                0.5481637088881101
56.6                                              0.5477587152112369
56.65                                             0.5473204581423842
56.699999999999996                                0.5468469839225698
56.75000000000001                                 0.5463365777741921
56.800000000000004                                0.5457877771855926
56.85                                             0.5451993834800902
56.9                                              0.5445704715664785
56.95000000000001                                 0.5439003977784739
57.00000000000001                                 0.5431888057197994
57.050000000000004                                0.5424356300418433
57.099999999999994                                0.5416410980897534
57.150000000000006                                0.5408057293686976
57.2                                              0.5399303327967924
57.25                                             0.539016001725637
57.3                                              0.5380641067253205
57.35000000000001                                 0.5370762861493839
57.400000000000006                                0.536054434513556
57.45                                             0.5350006887441779
57.5                                              0.533917412372517
57.55000000000001                                 0.5328071777748754
57.6                                              0.5316727465806629
57.65                                             0.5305170483943766
57.699999999999996                                0.5293431580001622
57.74999999999999                                 0.5281542712405015
57.800000000000004                                0.5269536797813618
57.85                                             0.5257447449956316
57.9                                              0.5245308712145882
57.949999999999996                                0.5233154786104653
58.00000000000001                                 0.5221019759852213
58.050000000000004                                0.5208937337477134
58.1                                              0.5196940573647897
58.15                                             0.518506161570241
58.2                                              0.5173331456104859
58.25                                             0.5161779697954901
58.3                                              0.5150434336068647
58.349999999999994                                0.5139321555980602
58.400000000000006                                0.5128465552958468
58.45                                             0.51178883728557
58.5                                              0.5107609776330775
58.55                                             0.5097647127613433
58.60000000000001                                 0.5088015308663965
58.650000000000006                                0.5078726659200112
58.7                                              0.5069790942702298
58.75                                             0.5061215338153253
58.800000000000004                                0.5053004456902276
58.85                                             0.5045160383722727
58.9                                              0.5037682740817818
58.949999999999996                                0.5030568773242666
59.00000000000001                                 0.5023813453974019
59.050000000000004                                0.5017409606633404
59.1                                              0.5011348043712361
59.15                                             0.5005617718005578
59.20000000000001                                 0.5000205884863744
59.25000000000001                                 0.4995098272840407
59.300000000000004                                0.4990279260270137
59.349999999999994                                0.4985732055356286
59.400000000000006                                0.4981438877385293
59.45                                             0.49773811367819276
59.5                                              0.49735396118136543
59.55                                             0.49698946199049165
59.60000000000001                                 0.49664261816621685
59.650000000000006                                0.4963114175886401
59.7                                              0.4959938484039032
59.75                                             0.495687912281441
59.80000000000001                                 0.4953916363694648
59.85                                             0.49510308385533414
59.9                                              0.4948203630620764
59.949999999999996                                0.4945416350323401
59.99999999999999                                 0.49426511957537556
60.050000000000004                                0.4939890997744808
60.1                                              0.4937119249757161
60.15                                             0.49343201230085204
60.199999999999996                                0.49314784675027395
60.25000000000001                                 0.4928579799831302
60.300000000000004                                0.49256102788267164
60.35                                             0.49225566703566864
60.4                                              0.4919406302724407
60.45                                             0.49161470143187874
60.5                                              0.4912767095308413
60.55                                             0.49092552253002386
60.599999999999994                                0.4905600408982011
60.650000000000006                                0.49017919118477954
60.7                                              0.4897819198131072
60.75                                             0.489367187307581
60.8                                              0.48893396316365423
60.85000000000001                                 0.4884812215621763
60.900000000000006                                0.4880079381175415
60.95                                             0.48751308783335495
61                                                0.4869956444205017
61.050000000000004                                0.486454581109248
61.1                                              0.48588887306167355
61.15                                             0.48529750146245704
61.199999999999996                                0.48467945933773093
61.25000000000001                                 0.48403375912110036
61.300000000000004                                0.4833594419512073
61.35                                             0.48265558864987856
61.4                                              0.48192133229935896
61.45000000000001                                 0.4811558723104873
61.50000000000001                                 0.48035848984364493
61.550000000000004                                0.47952856441634906
61.599999999999994                                0.47866559150579513
61.650000000000006                                0.4777692009363754
61.7                                              0.4768391759490241
61.75                                             0.47587547186969026
61.8                                              0.47487823612311963
61.85000000000001                                 0.47384782692478117
61.900000000000006                                0.4727848315677994
61.95                                             0.4716900841685435
62                                                0.4705646820749379
62.05000000000001                                 0.46941000079867184
62.1                                              0.46822770713183043
62.15                                             0.46701977011392787
62.199999999999996                                0.465788469514818
62.24999999999999                                 0.4645364014978064
62.300000000000004                                0.46326648113090896
62.35                                             0.46198194141961135
62.4                                              0.46068632854852054
62.449999999999996                                0.4593834930357423
62.50000000000001                                 0.4580775765296462
62.550000000000004                                0.45677299400385046
62.6                                              0.4554744111412922
62.65                                             0.45418671674284933
62.7                                              0.45291499005924385
62.75                                             0.45166446301983865
62.8                                              0.45044047741723625
62.849999999999994                                0.4492484371971033
62.900000000000006                                0.4480937561043122
62.95                                             0.44698180104713214
63                                                0.4459178316573429
63.05                                             0.4449069366495338
63.10000000000001                                 0.44395396770476514
63.150000000000006                                0.44306347172924204
63.2                                              0.44223962244908993
63.25                                             0.44148615239790534
63.300000000000004                                0.44080628640021224
63.35                                             0.44020267766699145
63.4                                              0.4396773477104324
63.449999999999996                                0.4392316315304357
63.50000000000001                                 0.4388661295108807
63.550000000000004                                0.438580667007454
63.6                                              0.4383742624148463
63.65                                             0.43824510465038996
63.70000000000001                                 0.4381905409503831
63.75000000000001                                 0.4382070756182524
63.800000000000004                                0.4382903801003493
63.849999999999994                                0.43843531452977597
63.900000000000006                                0.4386359606527793
63.95                                             0.43888566585351657
64                                                0.43917709796668997
64.05                                             0.43950231065151685
64.10000000000001                                 0.43985281694516354
64.15                                             0.44021966794580913
64.2                                              0.44059354148803864
64.25                                             0.4409648377005826
64.30000000000001                                 0.44132377668825895
64.35000000000001                                 0.4416604989347413
64.4                                              0.4419651676014006
64.45                                             0.44222807125506247
64.50000000000001                                 0.44243972584740365
64.55000000000001                                 0.4425909783488441
64.60000000000001                                 0.4426730965156469
64.65                                             0.442677867890882
64.7                                              0.44259768801810817
64.75                                             0.4424255418764036
64.8                                              0.4421556664831344
64.85                                             0.4417823544131076
64.89999999999999                                 0.4413013817482738
64.95                                             0.4407093372783468
65                                                0.4400038324558741
65.05                                             0.4391835472154581
65.1                                              0.4382482638143633
65.15                                             0.43719889327314343
65.2                                              0.43603749798340663
65.25                                             0.4347672958998849
65.3                                              0.4333926596610443
65.35000000000001                                 0.43191910356915914
65.4                                              0.4303532586697354
65.45                                             0.42870283538480924
65.5                                              0.4269765731618903
65.55000000000001                                 0.4251841767712528
65.60000000000001                                 0.4233362381263558
65.65                                             0.42144414273808095
65.7                                              0.4195199631034412
65.75                                             0.4175763386132842
65.8                                              0.41562634131575343
65.85                                             0.41368332915288525
65.89999999999999                                 0.4117607882980533
65.95                                             0.4098721663867742
66                                                0.40803069887323146
66.05                                             0.40624923116874473
66.1                                              0.4045400395843737
66.15                                             0.402914654390727
66.2                                              0.4013836885134871
66.25                                             0.3999566754805622
66.3                                              0.3986419202299289
66.35000000000001                                 0.39744636626470464
66.4                                              0.39637548237410186
66.45                                             0.39543317169951037
66.5                                              0.3946217053956223
66.55000000000001                                 0.39394168256326917
66.60000000000001                                 0.39339201749269237
66.65                                             0.3929699545460362
66.7                                              0.39267111028624396
66.75000000000001                                 0.3924895417680997
66.80000000000001                                 0.39241783927793517
66.85000000000001                                 0.3924472412588869
66.9                                              0.39256776871371135
66.95                                             0.3927683760465096
67                                                0.3930371150957938
67.05                                             0.39336130902879524
67.1                                              0.39372773279738765
67.14999999999999                                 0.39412279699030395
67.2                                              0.39453273213820983
67.25                                             0.3949437708129279
67.3                                              0.3953423251946648
67.35                                             0.39571515813028346
67.4                                              0.39604954606194137
67.45                                             0.3963334325352222
67.5                                              0.39655557129513985
67.55                                             0.3967056582250055
67.60000000000001                                 0.3967744515729196
67.65                                             0.3967538800400225
67.7                                              0.396637138365321
67.75                                             0.3964187700474
67.80000000000001                                 0.39609473678378776
67.85000000000001                                 0.3956624741082457
67.9                                              0.3951209325646439
67.95                                             0.3944706035962426
68                                                0.3937135291636881
68.05                                             0.39285329395651575
68.1                                              0.39189499894947294
68.14999999999999                                 0.3908452149992929
68.2                                              0.3897119152020171
68.25                                             0.388504384849882
68.3                                              0.3872331080524728
68.35                                             0.38590963059761324
68.4                                              0.38454639865730406
68.45                                             0.38315657437337447
68.5                                              0.38175382931781376
68.55                                             0.380352118126146
68.60000000000001                                 0.37896543538160354
68.65                                             0.3776075597637484
68.7                                              0.37629179037347743
68.75                                             0.3750306809457844
68.80000000000001                                 0.3738357783066931
68.85000000000001                                 0.3727173718590058
68.9                                              0.3716842610498495
68.95                                             0.37074354763924644
69.00000000000001                                 0.3699004591384349
69.05000000000001                                 0.36915820902437224
69.10000000000001                                 0.36851789828833464
69.15                                             0.3679784615908228
69.2                                              0.36753665984371797
69.25                                             0.36718711950248323
69.3                                              0.36692241731709774
69.35                                             0.3667332078499481
69.39999999999999                                 0.3666083897994086
69.45                                             0.36653530614080976
69.5                                              0.36649997234958354
69.55                                             0.3664873265396446
69.6                                              0.3664814952247386
69.65                                             0.36646606857557285
69.7                                              0.36642437946434125
69.75                                             0.3663397812048053
69.8                                              0.36619591965307
69.85000000000001                                 0.3659769961687816
69.9                                              0.36566801878486543
69.95                                             0.3652550397409133
70                                                0.3647253782545193
70.05000000000001                                 0.3640678279908108
70.10000000000001                                 0.3632728491235606
70.15                                             0.3623327451335552
70.2                                              0.3612418245589402
70.25                                             0.3599965477944038
70.3                                              0.3585956587384551
70.35                                             0.35704030062587205
70.39999999999999                                 0.355334114781562
70.45                                             0.35348332031069485
70.5                                              0.3514967719517334
70.55                                             0.3493859924914199
70.6                                              0.34716517534156904
70.65                                             0.34485115216706075
70.7                                              0.34246331990416917
70.75                                             0.34002352119795426
70.8                                              0.3375558723097626
70.85000000000001                                 0.3350865329780564
70.9                                              0.3326434136369619
70.95                                             0.33025581686674954
71                                                0.32795401200316443
71.05000000000001                                 0.3257687444526612
71.10000000000001                                 0.32373068439374825
71.15                                             0.3218698230727339
71.2                                              0.3202148286337774
71.25000000000001                                 0.3187923771296075
71.30000000000001                                 0.3176264777407162
71.35000000000001                                 0.31673781397437895
71.4                                              0.3161431244113543
71.45                                             0.3158546471375073
71.5                                              0.31587965115196026
71.55                                             0.31622007568436566
71.6                                              0.3168722945423086
71.64999999999999                                 0.3178270175248125
71.7                                              0.319069334912691
71.75                                             0.3205789045066122
71.8                                              0.3223302741304933
71.85                                             0.32429332644258385
71.9                                              0.32643382777248275
71.95                                             0.3287140588776786
72                                                0.3310935032240888
72.05                                             0.3335295677248103
72.10000000000001                                 0.3359783117491548
72.15                                             0.33839516245395485
72.2                                              0.34073559779619517
72.25                                             0.3429557826254938
72.30000000000001                                 0.34501314766797103
72.35000000000001                                 0.3468669056543317
72.4                                              0.3484785030489888
72.45                                             0.34981200954630487
72.5                                              0.35083445059318835
72.55                                             0.3515160905576885
72.6                                              0.3518306757766143
72.64999999999999                                 0.3517556475843903
72.7                                              0.3512723355940825
72.75                                             0.35036614102296354
72.8                                              0.34902671878691394
72.85                                             0.34724816548562226
72.9                                              0.3450292183010387
72.95                                             0.34237346727556073
73                                                0.33928958044333335
73.05                                             0.3357915378894163
73.10000000000001                                 0.3318988670524106
73.15                                             0.32763686752221155
73.2                                              0.3230368093505835
73.25                                             0.31813608463653786
73.30000000000001                                 0.31297828814380463
73.35000000000001                                 0.3076131992836025
73.4                                              0.30209663537233855
73.45                                             0.29649014518213634
73.50000000000001                                 0.29086051294462034
73.55000000000001                                 0.28527904674107646
73.60000000000001                                 0.27982063200368884
73.65                                             0.2745625409718806
73.7                                              0.26958300231867754
73.75                                             0.2649595513736987
73.8                                              0.2607671994825689
73.85                                             0.2570764796828382
73.89999999999999                                 0.25395144322795865
73.95                                             0.2514476954715607
74                                                0.249610568229086
74.05                                             0.24847352717440468
74.1                                              0.24805690609547473
74.15                                             0.24836704471856572
74.2                                              0.24939588426146822
74.25                                             0.2511210468018512
74.3                                              0.25350639370690087
74.35000000000001                                 0.25650302790643525
74.4                                              0.26005067783871
74.45                                             0.2640793800597686
74.5                                              0.2685113645490711
74.55000000000001                                 0.273263042342096
74.60000000000001                                 0.27824699893455324
74.65                                             0.2833739076496293
74.7                                              0.2885542929932636
74.75                                             0.293700092815659
74.8                                              0.29872598776006304
74.85                                             0.3035504852540928
74.89999999999999                                 0.3080967618478627
74.95                                             0.31229328121740335
75                                                0.31607421527844165
