25                                                0.2410106510054834
25.05                                             0.24068147465712364
25.1                                              0.24035340336829628
25.150000000000002                                0.2400265270400263
25.2                                              0.2397009225565192
25.25                                             0.23937665309599931
25.3                                              0.23905376758902885
25.35                                             0.2387323002923423
25.400000000000002                                0.23841227047346647
25.45                                             0.23809368226183716
25.5                                              0.23777652471664684
25.55                                             0.23746077211946975
25.6                                              0.2371463844866238
25.650000000000002                                0.2368333083161792
25.700000000000003                                0.23652147764787868
25.75                                             0.2362108158223359
25.8                                              0.23590122966945082
25.85                                             0.2355926323210981
25.900000000000002                                0.23528491589427164
25.950000000000003                                0.23497797289344258
26                                                0.23467169284715925
26.05                                             0.2343659648375023
26.099999999999998                                0.23406067978212922
26.150000000000002                                0.23375573291408977
26.2                                              0.23345102612491897
26.25                                             0.2331464692841765
26.299999999999997                                0.2328419834077237
26.349999999999998                                0.23253750374919058
26.4                                              0.23223298101654918
26.45                                             0.23192838267500673
26.5                                              0.23162369353037332
26.55                                             0.23131892338860788
26.599999999999998                                0.23101410032032751
26.65                                             0.23070927038570999
26.7                                              0.2304045040041907
26.75                                             0.23009988617911434
26.8                                              0.22979553090675967
26.85                                             0.2294915613275036
26.9                                              0.22918811987809137
26.95                                             0.22888535790155923
27                                                0.22858343582080531
27.05                                             0.22828251754272166
27.1                                              0.22798276555439403
27.15                                             0.22768433537745045
27.2                                              0.22738736950078461
27.25                                             0.22709199086839854
27.3                                              0.22679829601281393
27.35                                             0.22650634794207258
27.400000000000002                                0.22621616890619703
27.45                                             0.22592773318757053
27.5                                              0.2256409600826998
27.55                                             0.22535570734487115
27.6                                              0.22507176227743145
27.650000000000002                                0.22478884681279285
27.7                                              0.224506595551318
27.75                                             0.22422456827100826
27.8                                              0.22394223882496203
27.85                                             0.22365899924937796
27.900000000000002                                0.22337415904224744
27.950000000000003                                0.22308694870868692
28                                                0.22279652514601664
28.05                                             0.22250197863652985
28.1                                              0.2222023422906426
28.150000000000002                                0.22189660356284122
28.200000000000003                                0.2215837178318158
28.25                                             0.22126262399013755
28.3                                              0.22093226187021733
28.349999999999998                                0.22059159123157773
28.400000000000002                                0.2202396114890598
28.45                                             0.21987538182780514
28.500000000000004                                0.2194980438277633
28.549999999999997                                0.21910684413711964
28.6                                              0.21870115459837278
28.65                                             0.2182804887457613
28.700000000000003                                0.2178445367264127
28.75                                             0.21739314744780772
28.8                                              0.2169263745642557
28.849999999999998                                0.21644447090256738
28.900000000000002                                0.21594789589241684
28.95                                             0.21543731635619545
29.000000000000004                                0.21491360183074576
29.05                                             0.2143778141697942
29.1                                              0.2138311910762922
29.15                                             0.21327512331250456
29.200000000000003                                0.21271112546737406
29.25                                             0.2121408003179262
29.300000000000004                                0.21156579700562209
29.35                                             0.21098776346156828
29.400000000000002                                0.21040829375240502
29.45                                             0.20982887128268704
29.499999999999996                                0.20925080907049054
29.55                                             0.2086751886068419
29.600000000000005                                0.20810279910714943
29.650000000000002                                0.20753407924574446
29.699999999999996                                0.20696906371854182
29.75                                             0.20640733718093773
29.800000000000004                                0.20584799823582298
29.85                                             0.20528963617538917
29.9                                              0.20473032308907094
29.95                                             0.204167623714666
29.999999999999996                                0.20359862502307796
30.05                                             0.2030199869753305
30.099999999999998                                0.20242801518793396
30.150000000000002                                0.20181875539974
30.2                                              0.2011881086837689
30.25                                             0.2005319653314014
30.299999999999997                                0.19984635430240424
30.35                                             0.19912760413818617
30.4                                              0.19837251033134298
30.450000000000003                                0.19757850337960714
30.5                                              0.19674381116485667
30.55                                             0.19586760891065336
30.599999999999998                                0.19495014979061598
30.650000000000002                                0.1939928692745856
30.7                                              0.1929984564956076
30.750000000000004                                0.1919708862723979
30.799999999999997                                0.19091540591506073
30.85                                             0.18983847156421468
30.9                                              0.18874762958988975
30.950000000000003                                0.18765133955011068
31                                                0.1865587364770823
31.05                                             0.18547933193550767
31.099999999999998                                0.1844226555396999
31.150000000000002                                0.1833978415675316
31.2                                              0.18241316909787697
31.250000000000004                                0.18147556878810978
31.3                                              0.18059011495743188
31.35                                             0.17975952780039345
31.4                                              0.17898371679101452
31.450000000000003                                0.17825940189999875
31.5                                              0.1775798531809993
31.550000000000004                                0.176934790438784
31.6                                              0.17631048190505438
31.650000000000002                                0.17569007321608265
31.7                                              0.17505416520136569
31.749999999999996                                0.17438162846714414
31.8                                              0.17365070877799021
31.850000000000005                                0.1728401849527263
31.900000000000002                                0.1719308002003876
31.949999999999996                                0.17090664134259928
32                                                0.1697564976384186
32.050000000000004                                0.1684750779732028
32.1                                              0.16706400393958346
32.15                                             0.16553250748314602
32.2                                              0.16389777325793478
32.25000000000001                                 0.16218487960552064
32.300000000000004                                0.16042630510904501
32.35                                             0.15866096573809532
32.4                                              0.1569327404428693
32.45                                             0.15528844094315733
32.5                                              0.15377517586779285
32.55                                             0.15243708156277277
32.6                                              0.1513114214305237
32.65                                             0.1504241135351873
32.7                                              0.1497850168245375
32.75                                             0.14938335140449827
32.800000000000004                                0.14918395887788832
32.85                                             0.14912534142506512
32.9                                              0.14912038882111003
32.949999999999996                                0.14906079252022475
33                                                0.14882528005352527
33.05                                             0.14829154533564765
33.1                                              0.14735043442972817
33.15                                             0.14592046012440396
33.2                                              0.1439603870716413
33.25                                             0.14147800869393196
33.300000000000004                                0.1385341207809746
33.35                                             0.13524175334725555
33.400000000000006                                0.131761518319189
33.45                                             0.12829411843202904
33.5                                              0.12507047587453754
33.55                                             0.12233858526044988
33.6                                              0.12034424137735071
33.65                                             0.11930072016118444
33.7                                              0.11934160093653254
33.75                                             0.12045412849330252
33.8                                              0.12240227247037605
33.85                                             0.12467152864497646
33.900000000000006                                0.1264914547625575
33.95                                             0.12698636861919493
34                                                0.1254379795766061
34.05                                             0.12154456695755005
34.1                                              0.11553191337449162
34.15                                             0.10807043675094258
34.199999999999996                                0.10009111089119363
34.25                                             0.09264079540926728
34.300000000000004                                0.08686652068885332
34.35                                             0.08413470286713423
34.4                                              0.08613257558380713
34.45                                             0.0941990422995963
34.50000000000001                                 0.10593315628485321
34.550000000000004                                0.11114505066432138
34.6                                              0.10213840229916021
34.65                                             0.08577291551430323
34.7                                              0.07079560921274275
34.75                                             0.06019811652823582
34.8                                              0.06477597188738121
34.85                                             0.0739350105302141
34.9                                              0.05695450617033548
34.95                                             0.05513526329872454
35                                                0.05673566001581802
35.050000000000004                                0.06036229152946371
35.1                                              0.06559215456237132
35.15                                             0.07223138643317806
35.199999999999996                                0.08016908285087199
35.25                                             0.08933179721795236
35.3                                              0.09966477288965907
35.35                                             0.1111226235039151
35.4                                              0.12366409056097928
35.45                                             0.13724883953390735
35.5                                              0.15183539949282573
35.550000000000004                                0.1673798089419767
35.6                                              0.1838347362528103
35.650000000000006                                0.20114894375572334
35.7                                              0.21926701687597785
35.75                                             0.23812930785704078
35.8                                              0.2576720589380517
35.85                                             0.2778276780257032
35.9                                              0.2985251440041973
35.95                                             0.31969052062048076
36                                                0.3412475584496996
36.050000000000004                                0.36311836446205803
36.1                                              0.38522411862464856
36.150000000000006                                0.4074858170826126
36.2                                              0.4298250219348735
36.25                                             0.45216459856101515
36.3                                              0.4744294228857576
36.35                                             0.49654704285666584
36.4                                              0.5184482806984381
36.449999999999996                                0.5400677650850463
36.5                                              0.5613443851333146
36.550000000000004                                0.5822216609361165
36.6                                              0.6026480281138288
36.65                                             0.622577036449432
36.7                                              0.6419674650050134
36.75000000000001                                 0.6607833581322891
36.800000000000004                                0.6789939884235001
36.849999999999994                                0.6965737539124305
36.9                                              0.7135020176973489
36.95                                             0.7297628986590519
37                                                0.7453450221100923
37.05                                             0.7602412390805126
37.1                                              0.7744483225721672
37.150000000000006                                0.7879666485508083
37.2                                              0.8007998687393934
37.25                                             0.8129545814857102
37.300000000000004                                0.8244400061275592
37.35                                             0.8352676654302134
37.4                                              0.8454510798261491
37.449999999999996                                0.8550054763990805
37.5                                              0.8639475148124249
37.55                                             0.8722950317209685
37.6                                              0.8800668046157334
37.65                                             0.8872823355502266
37.7                                              0.8939616547720742
37.75                                             0.9001251439299812
37.800000000000004                                0.9057933782449809
37.85                                             0.9109869868159836
37.900000000000006                                0.9157265300738838
37.95                                             0.9200323932883655
38                                                0.923924694963548
38.05                                             0.92742320892482
38.1                                              0.9305472988972777
38.15                                             0.9333158644585123
38.2                                              0.9357472969637912
38.25                                             0.9378594451906812
38.300000000000004                                0.9396695882785567
38.35                                             0.9411944162361001
38.400000000000006                                0.9424500165354355
38.45                                             0.943451866163831
38.5                                              0.9442148283720109
38.55                                             0.9447531534802206
38.6                                              0.9450804831841388
38.65                                             0.94520985738414
38.699999999999996                                0.9451537227695943
38.75                                             0.9449239446176069
38.800000000000004                                0.9445318203037416
38.85                                             0.9439880930632887
38.9                                              0.9433029664888058
38.95                                             0.9424861191353915
39.00000000000001                                 0.9415467286143505
39.050000000000004                                0.94049349071802
39.099999999999994                                0.9393346056854334
39.15                                             0.9380778264647219
39.2                                              0.936730465779946
39.25                                             0.9352994388424667
39.3                                              0.9337912119185675
39.35                                             0.9322118572940628
39.400000000000006                                0.9305671898937459
39.45                                             0.928862491218962
39.5                                              0.9271028156997293
39.550000000000004                                0.9252928619554516
39.6                                              0.923437016287841
39.65                                             0.9215393670029794
39.699999999999996                                0.9196037183493152
39.75                                             0.9176336040807941
39.800000000000004                                0.915632300649585
39.85                                             0.9136028400353942
39.9                                              0.9115480222186267
39.95                                             0.9094704273069493
40.00000000000001                                 0.9073724273244765
40.050000000000004                                0.9052561976734679
40.1                                              0.9031237282784136
40.15                                             0.9009768344242698
40.2                                              0.8988171673248897
40.25                                             0.8966462234298191
40.3                                              0.8944653580566433
40.349999999999994                                0.8922757887772723
40.4                                              0.8900786106428035
40.45                                             0.8878748017969855
40.5                                              0.8856652343508123
40.55                                             0.8834506819801998
40.6                                              0.8812318285523053
40.650000000000006                                0.8790092762148314
40.7                                              0.8767835532727901
40.75                                             0.8745551217891241
40.8                                              0.8723243848953468
40.85                                             0.8700916938769162
40.9                                              0.8678573549917543
40.949999999999996                                0.8656216360258031
41                                                0.863384772587509
41.050000000000004                                0.861146974139422
41.1                                              0.8589084297237725
41.15                                             0.8566693133278742
41.2                                              0.8544297889555437
41.25000000000001                                 0.8521900157261837
41.300000000000004                                0.8499501527680948
41.349999999999994                                0.8477103633572854
41.4                                              0.8454708187305945
41.45                                             0.843231701804719
41.5                                              0.8409932132495463
41.55                                             0.8387555631936127
41.6                                              0.8365189938069985
41.650000000000006                                0.8342837650603805
41.7                                              0.8320501634421263
41.75                                             0.8298185030693522
41.800000000000004                                0.8275891271536997
41.85                                             0.8253624092121876
41.9                                              0.8231387539769669
41.949999999999996                                0.8209185979989633
42                                                0.818702409947721
42.050000000000004                                0.8164906906110007
42.1                                              0.8142839725992729
42.15                                             0.8120828197604734
42.2                                              0.8098878263122506
42.25000000000001                                 0.8076996156993639
42.300000000000004                                0.8055188391855083
42.35                                             0.8033461741892166
42.400000000000006                                0.801182322373863
42.45                                             0.7990280075033751
42.5                                              0.7968839730752696
42.55                                             0.7947509797441773
42.599999999999994                                0.7926298025496811
42.65                                             0.7905212279625828
42.7                                              0.788426050765902
42.75                                             0.7863450707851537
42.8                                              0.7842790894860167
42.85                                             0.782228906455434
42.900000000000006                                0.780195315784754
42.95                                             0.7781791023728203
43                                                0.7761810381681676
43.05                                             0.7742018783689152
43.1                                              0.7722423576004718
43.15                                             0.7703031860904356
43.199999999999996                                0.7683850458602641
43.25                                             0.7664885869545529
43.300000000000004                                0.7646144237271791
43.35                                             0.7627631312057109
43.4                                              0.760935241553167
43.45                                             0.7591312406482782
43.50000000000001                                 0.7573515648032914
43.550000000000004                                0.7555965976389181
43.599999999999994                                0.753866667135608
43.65                                             0.752162042879898
43.7                                              0.7504829335236428
43.75                                             0.7488294844744567
43.8                                              0.7472017758338323
43.85                                             0.7455998205993357
43.900000000000006                                0.7440235631450355
43.95                                             0.7424728779940569
44                                                0.7409475688955566
44.050000000000004                                0.7394473682173345
44.1                                              0.7379719366647415
44.15                                             0.736520863334182
44.199999999999996                                0.7350936661088994
44.25                                             0.7336897924031849
44.300000000000004                                0.7323086202592511
44.35                                             0.7309494598000428
44.4                                              0.7296115550383385
44.45                                             0.7282940860390033
44.50000000000001                                 0.7269961714269877
44.550000000000004                                0.7257168712330845
44.6                                              0.7244551900731245
44.650000000000006                                0.7232100806587336
44.7                                              0.7219804476331154
44.75                                             0.7207651517166797
44.8                                              0.7195630141439912
44.849999999999994                                0.7183728213727851
44.9                                              0.7171933300470927
44.95                                             0.7160232721954379
45                                                0.714861360640982
45.05                                             0.71370629459535
45.1                                              0.7125567653996088
45.150000000000006                                0.7114114623962201
45.2                                              0.7102690787838134
45.25                                             0.7091283180908539
45.3                                              0.7079879000346518
45.35                                             0.7068465668889098
45.4                                              0.7057030895646846
45.449999999999996                                0.7045562737002159
45.5                                              0.7034049657066874
45.550000000000004                                0.702248058734169
45.6                                              0.7010844985403177
45.65                                             0.6999132892362683
45.7                                              0.6987334985730932
45.75000000000001                                 0.6975442624736602
45.800000000000004                                0.6963447902187895
45.849999999999994                                0.6951343699431692
45.9                                              0.6939123727504274
45.95                                             0.6926782562905921
46                                                0.6914315680385686
46.05                                             0.6901719479484953
46.1                                              0.6888991348630141
46.150000000000006                                0.6876129747810542
46.2                                              0.6863133978290976
46.25                                             0.6850004388054649
46.300000000000004                                0.6836742392715692
46.35                                             0.6823350418706253
46.4                                              0.6809832109273021
46.449999999999996                                0.6796191717537691
46.5                                              0.6782434753814545
46.550000000000004                                0.676856798790111
46.6                                              0.6754598587735459
46.65                                             0.674053505380536
46.7                                              0.6726386684383142
46.75000000000001                                 0.671216364321191
46.800000000000004                                0.6697876913632058
46.85                                             0.6683538248511557
46.900000000000006                                0.6669160115432167
46.95                                             0.6654755637242389
47                                                0.664033852820182
47.05                                             0.662592302597869
47.1                                              0.6611523819806703
47.15                                             0.6597155975130636
47.2                                              0.6582834855102869
47.25                                             0.656857603932074
47.3                                              0.6554395240213602
47.35                                             0.6540308217508577
47.400000000000006                                0.652633069116371
47.45                                             0.6512478252727858
47.5                                              0.6498766254067788
47.55                                             0.6485209868128001
47.6                                              0.6471823652978442
47.65                                             0.6458621841861857
47.699999999999996                                0.6445618115354015
47.75                                             0.6432825441352857
47.800000000000004                                0.6420256080575406
47.85                                             0.6407921496310978
47.9                                              0.6395832273688913
47.95                                             0.6383998052163905
48.00000000000001                                 0.637242745542018
48.050000000000004                                0.6361128038822781
48.099999999999994                                0.6350106235259649
48.15                                             0.6339367304432239
48.2                                              0.6328915291483175
48.25                                             0.6318752991836059
48.3                                              0.6308881922658743
48.35                                             0.6299302301489037
48.400000000000006                                0.62900130323763
48.45                                             0.6281011698794084
48.5                                              0.6272294563504553
48.550000000000004                                0.6263856576766481
48.6                                              0.625569139256112
48.65                                             0.6247791391811984
48.699999999999996                                0.6240147712005373
48.75                                             0.6232750284252813
48.800000000000004                                0.6225587878107421
48.85                                             0.6218648153271181
48.9                                              0.621191771862976
48.95                                             0.6205382182807411
49.00000000000001                                 0.6199026261208626
49.050000000000004                                0.619283380637355
49.1                                              0.6186787914131104
49.150000000000006                                0.6180871004041671
49.2                                              0.6175064908095395
49.25                                             0.6169350963831293
49.3                                              0.6163710110641833
49.35                                             0.6158122988752739
49.400000000000006                                0.6152570040340577
49.45                                             0.614703161222477
49.5                                              0.6141488059589816
49.55                                             0.6135919850156814
49.6                                              0.6130307668240454
49.650000000000006                                0.612463251811731
49.7                                              0.6118875826139963
49.75                                             0.6113019541034371
49.8                                              0.610704623183269
49.85                                             0.6100939182883732
49.9                                              0.6094682485410042
49.949999999999996                                0.6088261125077095
50                                                0.6081661065080443
50.050000000000004                                0.6074869324267375
50.1                                              0.6067874049838019
50.15                                             0.606066458420069
50.2                                              0.6053231525579981
50.25000000000001                                 0.6045566782012243
50.300000000000004                                0.6037663618398139
50.349999999999994                                0.6029516696321106
50.4                                              0.6021122106374698
50.45                                             0.601247739279368
50.5                                              0.6003581570223031
50.55                                             0.5994435132505596
50.6                                              0.5985040053426154
50.650000000000006                                0.5975399779389351
50.7                                              0.5965519214075891
50.75                                             0.5955404695158696
50.800000000000004                                0.594506396322441
50.85                                             0.5934506123085064
50.9                                              0.5923741597722837
50.949999999999996                                0.591278207514812
51                                                0.5901640448505865
51.050000000000004                                0.5890330749794467
51.1                                              0.5878868077609043
51.15                                             0.5867268519350737
51.2                                              0.5855549068369736
51.25000000000001                                 0.5843727536537847
51.300000000000004                                0.5831822462763215
51.35                                             0.5819853017973312
51.400000000000006                                0.5807838907105148
51.45                                             0.579580026864943
51.5                                              0.5783757572296304
51.55                                             0.5771731515230157
51.6                                              0.5759742917603903
51.650000000000006                                0.5747812617706368
51.7                                              0.5735961367316644
51.75                                             0.5724209727699952
51.8                                              0.5712577966701706
51.85                                             0.570108595734822
51.900000000000006                                0.5689753078357573
51.95                                             0.5678598116930819
52                                                0.5667639174165884
52.05                                             0.5656893573419245
52.1                                              0.5646377771905713
52.15                                             0.5636107275812116
52.199999999999996                                0.5626096559180243
52.25                                             0.5616358986800051
52.300000000000004                                0.5606906741343487
52.35                                             0.5597750754954425
52.4                                              0.5588900645501212
52.45                                             0.5580364657671882
52.50000000000001                                 0.5572149609104482
52.550000000000004                                0.5564260841750875
52.599999999999994                                0.5556702178706888
52.65                                             0.554947588674485
52.7                                              0.5542582644789417
52.75                                             0.5536021518569948
52.8                                              0.5529789941691887
52.85                                             0.5523883703371789
52.900000000000006                                0.5518296943089014
52.95                                             0.5513022152409108
53                                                0.5508050184209631
53.050000000000004                                0.5503370269545752
53.1                                              0.5498970042403277
53.15                                             0.5494835572765785
53.199999999999996                                0.5490951408638157
53.25                                             0.5487300625086948
53.300000000000004                                0.5483864885986462
53.35                                             0.5480624509390313
53.4                                              0.547755854425917
53.45                                             0.5474644855438225
53.50000000000001                                 0.5471860217635353
53.550000000000004                                0.5469180418154383
53.6                                              0.5466580368237087
53.65                                             0.546403422306043
53.7                                              0.5461515510781363
53.75                                             0.5458997270295304
53.8                                              0.5456452190730857
53.849999999999994                                0.5453852741519295
53.900000000000006                                0.5451171316068374
53.95                                             0.5448380411211854
54                                                0.5445452799827274
54.05                                             0.5442361686983569
54.10000000000001                                 0.5439080869178016
54.150000000000006                                0.5435584898095545
54.2                                              0.5431849242532539
54.25                                             0.5427850445270672
54.300000000000004                                0.5423566332239786
54.35                                             0.5418976230319487
54.4                                              0.5414060904636044
54.449999999999996                                0.5408802819416783
54.50000000000001                                 0.5403186332808371
54.550000000000004                                0.5397197788128714
54.6                                              0.5390825617869972
54.65                                             0.5384060879664464
54.70000000000001                                 0.5376896150419859
54.75000000000001                                 0.536932700792828
54.800000000000004                                0.5361351654636559
54.849999999999994                                0.535297031144101
54.900000000000006                                0.5344186328456668
54.95                                             0.5335005511226442
55                                                0.5325436365223377
55.05                                             0.5315490082185383
55.10000000000001                                 0.530518052540147
55.150000000000006                                0.5294524198685293
55.2                                              0.5283540197625152
55.25                                             0.5272250142594751
55.3                                              0.5260678093229981
55.35                                             0.524885044419335
55.4                                              0.5236795802150829
55.449999999999996                                0.5224544844019382
55.49999999999999                                 0.5212130156652188
55.550000000000004                                0.5199586058287323
55.6                                              0.5186948402211294
55.65                                             0.517425436328934
55.699999999999996                                0.5161542208152631
55.75000000000001                                 0.5148851050052421
55.800000000000004                                0.5136220589540249
55.85                                             0.5123690842277125
55.9                                              0.5111301854829732
55.95                                             0.5099093399098129
56                                                0.508710484897793
56.05                                             0.5075374308536427
56.099999999999994                                0.5063939136880478
56.150000000000006                                0.5052834970390774
56.2                                              0.5042095908995523
56.25                                             0.5031753690171483
56.3                                              0.5021837814943765
56.35000000000001                                 0.5012375141093282
56.400000000000006                                0.5003389615005992
56.45                                             0.4994902036341252
56.5                                              0.4986929852987911
56.550000000000004                                0.4979486938774925
56.6                                              0.49725834005639913
56.65                                             0.49662254834759717
56.699999999999996                                0.4960415451091384
56.75000000000001                                 0.4955151501297294
56.800000000000004                                0.4950427724590063
56.85                                             0.4946234098828704
56.9                                              0.4942556520562967
56.95000000000001                                 0.4939376873401497
57.00000000000001                                 0.493667313287495
57.050000000000004                                0.493441950600983
57.099999999999994                                0.49325866056115525
57.150000000000006                                0.4931141660361055
57.2                                              0.4930048757131261
57.25                                             0.4929269111564329
57.3                                              0.49287613651810736
57.35000000000001                                 0.49284819067755736
57.400000000000006                                0.4928385214979933
57.45                                             0.4928424218715526
57.5                                              0.492855067221658
57.55000000000001                                 0.49287155411886635
57.6                                              0.49288693965577246
57.65                                             0.49289628122304724
57.699999999999996                                0.4928946764441612
57.74999999999999                                 0.4928773018652854
57.800000000000004                                0.49283945329497303
57.85                                             0.49277658247091416
57.9                                              0.49268433428227815
57.949999999999996                                0.4925585819896929
58.00000000000001                                 0.49239546059322414
58.050000000000004                                0.49219139811291107
58.1                                              0.49194314453187726
58.15                                             0.49164779817638476
58.2                                              0.4913028293191346
58.25                                             0.4909061008040564
58.3                                              0.490455885509083
58.349999999999994                                0.4899508804773808
58.400000000000006                                0.48939021756795403
58.45                                             0.48877347049501
58.5                                              0.48810065814709136
58.55                                             0.487372244101396
58.60000000000001                                 0.48658913227470507
58.650000000000006                                0.48575265868120193
58.7                                              0.48486457930066773
58.75                                             0.4839270540953345
58.800000000000004                                0.48294262725221676
58.85                                             0.4819142037719085
58.9                                              0.4808450225682941
58.949999999999996                                0.4797386262923313
59.00000000000001                                 0.47859882814051324
59.050000000000004                                0.47742967595714125
59.1                                              0.47623541398623737
59.15                                             0.4750204426747861
59.20000000000001                                 0.47378927696935597
59.25000000000001                                 0.4725465035847177
59.300000000000004                                0.47129673775337616
59.349999999999994                                0.4700445799859525
59.400000000000006                                0.4687945733862103
59.45                                             0.4675511620671964
59.5                                              0.46631865120806715
59.55                                             0.4651011692724609
59.60000000000001                                 0.4639026328808096
59.650000000000006                                0.4627267147890714
59.7                                              0.46157681537703876
59.75                                             0.4604560379918327
59.80000000000001                                 0.4593671684257909
59.85                                             0.4583126587378737
59.9                                              0.4572946155511816
59.949999999999996                                0.456314792882379
59.99999999999999                                 0.4553745894812413
60.050000000000004                                0.4544750505818301
60.1                                              0.4536168738952315
60.15                                             0.45280041960594003
60.199999999999996                                0.4520257240732197
60.25000000000001                                 0.4512925168855472
60.300000000000004                                0.4506002408713304
60.35                                             0.4499480746336354
60.4                                              0.4493349571492206
60.45                                             0.44875961395615277
60.5                                              0.44822058444304375
60.55                                             0.4477162497573293
60.599999999999994                                0.4472448608527276
60.650000000000006                                0.44680456621484405
60.7                                              0.44639343882404103
60.75                                             0.44600950194104144
60.8                                              0.4456507533334874
60.85000000000001                                 0.44531518759822486
60.900000000000006                                0.4450008162713559
60.95                                             0.444705685463439
61                                                0.4444278907989116
61.050000000000004                                0.44416558948764984
61.1                                              0.44391700940340306
61.15                                             0.443680455094755
61.199999999999996                                0.4434543107050796
61.25000000000001                                 0.4432370398307786
61.300000000000004                                0.44302718239990735
61.35                                             0.44282334870781564
61.4                                              0.4426242107988951
61.45000000000001                                 0.4424284914374682
61.50000000000001                                 0.44223495096021564
61.550000000000004                                0.4420423723534673
61.599999999999994                                0.44184954494098344
61.650000000000006                                0.44165524711043913
61.7                                              0.441458228539373
61.75                                             0.4412571924087183
61.8                                              0.4410507781102507
61.85000000000001                                 0.4408375449627846
61.900000000000006                                0.44061595745048104
61.95                                             0.440384372481886
62                                                0.44014102914597797
62.05000000000001                                 0.4398840414012011
62.1                                              0.43961139408832817
62.15                                             0.43932094259539833
62.199999999999996                                0.4390104164373456
62.24999999999999                                 0.4386774269357547
62.300000000000004                                0.4383194791062264
62.35                                             0.4379339877794498
62.4                                              0.43751829789598384
62.449999999999996                                0.4370697088370714
62.50000000000001                                 0.43658550257053935
62.550000000000004                                0.436062975321056
62.6                                              0.4354994724061215
62.65                                             0.43489242582318344
62.7                                              0.4342393941251275
62.75                                             0.43353810408212773
62.8                                              0.4327864935998046
62.849999999999994                                0.4319827553405764
62.900000000000006                                0.4311253804811791
62.95                                             0.4302132020299752
63                                                0.4292454371229783
63.05                                             0.42822172771853
63.10000000000001                                 0.42714217912039787
63.150000000000006                                0.42600739575450697
63.2                                              0.4248185136277128
63.25                                             0.42357722891411753
63.300000000000004                                0.42228582199538467
63.35                                             0.4209471764114856
63.4                                              0.4195647920974231
63.449999999999996                                0.4181427923182364
63.50000000000001                                 0.41668592370822094
63.550000000000004                                0.4151995488208012
63.6                                              0.41368963061327924
63.65                                             0.4121627083209282
63.70000000000001                                 0.4106258642273789
63.75000000000001                                 0.4090866809128498
63.800000000000004                                0.40755318866934265
63.849999999999994                                0.40603380289192725
63.900000000000006                                0.40453725135659985
63.95                                             0.4030724913208838
64                                                0.40164861661085616
64.05                                             0.40027475567266124
64.10000000000001                                 0.3989599620049397
64.15                                             0.39771309773097235
64.2                                              0.39654271115504286
64.25                                             0.395456910064999
64.30000000000001                                 0.3944632329903206
64.35000000000001                                 0.39356852070376463
64.4                                              0.3927787903709481
64.45                                             0.39209911488264926
64.50000000000001                                 0.3915335099977627
64.55000000000001                                 0.3910848321424462
64.60000000000001                                 0.3907546905884575
64.65                                             0.3905433754730773
64.7                                              0.39044979702236954
64.75                                             0.39047144863688493
64.8                                              0.39060439554800863
64.85                                             0.39084328104827554
64.89999999999999                                 0.3911813545423493
64.95                                             0.3916105223173467
65                                                0.3921214201302196
65.05                                             0.39270350919276276
65.1                                              0.3933451792647944
65.15                                             0.3940338811712833
65.2                                              0.3947562759488392
65.25                                             0.39549835531722505
65.3                                              0.3962458472923628
65.35000000000001                                 0.39698370534820265
65.4                                              0.3976972002211874
65.45                                             0.3983714651836477
65.5                                              0.39899186914194695
65.55000000000001                                 0.3995441715301658
65.60000000000001                                 0.40001468628653675
65.65                                             0.4003904400366383
65.7                                              0.40065932228706513
65.75                                             0.4008102264325533
65.8                                              0.40083318071377044
65.85                                             0.4007194684725851
65.89999999999999                                 0.40046173718685996
65.95                                             0.40005409584757395
66                                                0.3994922002557258
66.05                                             0.39877332578384744
66.1                                              0.3978964270575208
66.15                                             0.3968621838889353
66.2                                              0.39567303263873255
66.25                                             0.39433318201552364
66.3                                              0.39284861215678185
66.35000000000001                                 0.39122705569171146
66.4                                              0.3894779593846831
66.45                                             0.38761242491661757
66.5                                              0.3856431274030974
66.55000000000001                                 0.38358421038690416
66.60000000000001                                 0.3814511562982596
66.65                                             0.37926063175388963
66.7                                              0.3770303075759267
66.75000000000001                                 0.37477865404792976
66.80000000000001                                 0.3725247126741391
66.85000000000001                                 0.3702878465575196
66.9                                              0.36808747244211515
66.95                                             0.3659427799729565
67                                                0.36387242996290925
67.05                                             0.36189427935462304
67.1                                              0.36002506579797305
67.14999999999999                                 0.35828013417241594
67.2                                              0.35667316030309254
67.25                                             0.3552159286043044
67.3                                              0.3539180987085101
67.35                                             0.3527870166432239
67.4                                              0.3518275998985878
67.45                                             0.35104223745544516
67.5                                              0.35043074599547364
67.55                                             0.34999037564635915
67.60000000000001                                 0.34971586463531723
67.65                                             0.34959954121712705
67.7                                              0.3496314692370683
67.75                                             0.34979963140207715
67.80000000000001                                 0.3500901479884664
67.85000000000001                                 0.35048752620776086
67.9                                              0.35097492907487576
67.95                                             0.35153445888190565
68                                                0.3521474500982783
68.05                                             0.35279476539451027
68.1                                              0.3534570892619704
68.14999999999999                                 0.35411521455078193
68.2                                              0.3547503180533223
68.25                                             0.3553442220588014
68.3                                              0.3558796395728822
68.35                                             0.35634040159175895
68.4                                              0.3567116654075038
68.45                                             0.35698010337320724
68.5                                              0.3571340718610638
68.55                                             0.35716376031132174
68.60000000000001                                 0.3570613202941694
68.65                                             0.3568209743738008
68.7                                              0.35643910429199616
68.75                                             0.3559143176400692
68.80000000000001                                 0.35524749178340814
68.85000000000001                                 0.3544417933651663
68.9                                              0.3535026712965795
68.95                                             0.3524378207749327
69.00000000000001                                 0.351257115626179
69.05000000000001                                 0.34997250617751635
69.10000000000001                                 0.3485978799936084
69.15                                             0.3471488831889266
69.2                                              0.345642700702762
69.25                                             0.3440977949063499
69.3                                              0.34253360320483883
69.35                                             0.34097019687296304
69.39999999999999                                 0.3394279051732138
69.45                                             0.33792691075898657
69.5                                              0.33648682418508047
69.55                                             0.33512624788606366
69.6                                              0.33386234150711425
69.65                                             0.33271039796182644
69.7                                              0.3316834496962568
69.75                                             0.3307919133588579
69.8                                              0.3300432879255601
69.85000000000001                                 0.3294419171980938
69.9                                              0.3289888258421135
69.95                                             0.3286816354453263
70                                                0.3285145639641166
70.05000000000001                                 0.32847850861743033
70.10000000000001                                 0.32856120900522323
70.15                                             0.32874748419940797
70.2                                              0.3290195349795336
70.25                                             0.3293573004168643
70.3                                              0.32973885674881515
70.35                                             0.3301408459648168
70.39999999999999                                 0.3305389217222638
70.45                                             0.3309082010393424
70.5                                              0.3312237115550944
70.55                                             0.3314608258570933
70.6                                              0.3315956762884387
70.65                                             0.33160554561527994
70.7                                              0.33146923081157526
70.75                                             0.33116737889050557
70.8                                              0.33068279508583187
70.85000000000001                                 0.3300007247019342
70.9                                              0.3291091105641633
70.95                                             0.32799882820103066
71                                                0.32666390067723594
71.05000000000001                                 0.32510169438806974
71.10000000000001                                 0.3233130961504839
71.15                                             0.3213026706321219
71.2                                              0.3190787955909725
71.25000000000001                                 0.3166537706294351
71.30000000000001                                 0.31404389327956617
71.35000000000001                                 0.3112694943359013
71.4                                              0.3083549225674414
71.45                                             0.3053284674294457
71.5                                              0.30222220733980243
71.55                                             0.2990717706786036
71.6                                              0.29591599714534617
71.64999999999999                                 0.29279648863998803
71.7                                              0.28975704162792304
71.75                                             0.2868429570855675
71.8                                              0.28410022962640746
71.85                                             0.2815746241478733
71.9                                              0.279310656035108
71.95                                             0.27735049913741716
72                                                0.27573285378786727
72.05                                             0.27449181429749847
72.10000000000001                                 0.27365578081448366
72.15                                             0.27324646342149345
72.2                                              0.2732780262001796
72.25                                             0.2737564153583252
72.30000000000001                                 0.2746789083406332
72.35000000000001                                 0.27603391049380155
72.4                                              0.2778010130719213
72.45                                             0.27995131220402714
72.5                                              0.28244797416215356
72.55                                             0.28524701914508654
72.6                                              0.2882982849953596
72.64999999999999                                 0.29154652466726483
72.7                                              0.2949325873675191
72.75                                             0.2983946331822734
72.8                                              0.30186933437519137
72.85                                             0.3052930227839331
72.9                                              0.3086027510138167
72.95                                             0.31173724454001156
73                                                0.31463773150689855
73.05                                             0.3172486462056112
73.10000000000001                                 0.31951821033483
73.15                                             0.3213989028467112
73.2                                              0.3228478342356314
73.25                                             0.323827044516042
73.30000000000001                                 0.3243037459471367
73.35000000000001                                 0.3242505319269893
73.4                                              0.32364557259306603
73.45                                             0.32247281569136077
73.50000000000001                                 0.3207222083609401
73.55000000000001                                 0.318389951715463
73.60000000000001                                 0.3154787955492063
73.65                                             0.3119983751569316
73.7                                              0.30796558613740976
73.75                                             0.3034049861434182
73.8                                              0.29834920490097827
73.85                                             0.29283933556690656
73.89999999999999                                 0.2869252719188366
73.95                                             0.28066594739970774
74                                                0.27412942438268606
74.05                                             0.2673927760869647
74.1                                              0.2605417005306796
74.15                                             0.2536698070834412
74.2                                              0.24687752291396384
74.25                                             0.24027058012227906
74.3                                              0.2339580652913815
74.35000000000001                                 0.2280500415441169
74.4                                              0.22265478782348208
74.45                                             0.21787573860498727
74.5                                              0.21380824597038556
74.55000000000001                                 0.21053632017328433
74.60000000000001                                 0.20812952942306942
74.65                                             0.20664024981387177
74.7                                              0.20610144868709165
74.75                                             0.2065251579965049
74.8                                              0.20790174993982113
74.85                                             0.2102000695060409
74.89999999999999                                 0.213368414209547
74.95                                             0.21733628786607812
75                                                0.22201680040496793
