25                                                0.22965822606537098
25.05                                             0.22915635306205487
25.1                                              0.22865099097441757
25.150000000000002                                0.2281425813530663
25.2                                              0.2276315303983962
25.25                                             0.22711819658911833
25.3                                              0.22660287838591756
25.35                                             0.22608580234412096
25.400000000000002                                0.22556711200053314
25.45                                             0.2250468579250576
25.5                                              0.22452498934286086
25.55                                             0.224001347739481
25.6                                              0.22347566285620754
25.650000000000002                                0.22294755146979064
25.700000000000003                                0.22241651931944115
25.75                                             0.22188196649004405
25.8                                              0.22134319647929954
25.85                                             0.22079942908584102
25.900000000000002                                0.22024981716235975
25.950000000000003                                0.2196934671806258
26                                                0.21912946347324713
26.05                                             0.21855689624905975
26.099999999999998                                0.21797488998542616
26.150000000000002                                0.21738264126171983
26.2                                              0.2167794394176381
26.25                                             0.21616471607601337
26.299999999999997                                0.2155380705992891
26.349999999999998                                0.2148993017581955
26.4                                              0.2142484541222743
26.45                                             0.2135858112466454
26.5                                              0.21291194020562146
26.55                                             0.21222769979868328
26.599999999999998                                0.21153424391763284
26.65                                             0.21083301918747402
26.7                                              0.21012575189297594
26.75                                             0.2094144238842922
26.8                                              0.20870123736095736
26.85                                             0.20798856789990341
26.9                                              0.20727890576733576
26.95                                             0.20657478597780546
27                                                0.2058787079818122
27.05                                             0.20519304640681993
27.1                                              0.20451995483314178
27.15                                             0.20386126521680434
27.2                                              0.2032183862767406
27.25                                             0.2025922047824914
27.3                                              0.20198299425294458
27.35                                             0.2013903360685943
27.400000000000002                                0.20081305831943247
27.45                                             0.20024919779956785
27.5                                              0.19969599034487706
27.55                                             0.19914989413128575
27.6                                              0.19860664960881483
27.650000000000002                                0.1980613784637853
27.7                                              0.19750872235071706
27.75                                             0.19694302012900414
27.8                                              0.19635852011584398
27.85                                             0.19574962158644788
27.900000000000002                                0.1951111375501225
27.950000000000003                                0.19443856884028232
28                                                0.19372837788754843
28.05                                             0.19297824929445703
28.1                                              0.19218732360904023
28.150000000000002                                0.1913563906083535
28.200000000000003                                0.19048802870001508
28.25                                             0.18958667749680622
28.3                                              0.18865863156068716
28.349999999999998                                0.1877119447611337
28.400000000000002                                0.18675623637034128
28.45                                             0.18580239205237187
28.500000000000004                                0.18486215564904282
28.549999999999997                                0.18394761173918656
28.6                                              0.18307056439771785
28.65                                             0.18224182338803818
28.700000000000003                                0.18147041878055656
28.75                                             0.1807627777508576
28.8                                              0.1801219093046035
28.849999999999998                                0.17954665641764847
28.900000000000002                                0.17903108940796789
28.95                                             0.1785641205289791
29.000000000000004                                0.17812941409339803
29.05                                             0.17770568525168215
29.1                                              0.17726743146125754
29.15                                             0.17678610736707606
29.200000000000003                                0.17623176287322276
29.25                                             0.17557499796763007
29.300000000000004                                0.17478918104200739
29.35                                             0.17385276648819262
29.400000000000002                                0.1727515113212686
29.45                                             0.1714803769205524
29.499999999999996                                0.17004507592544768
29.55                                             0.16846296338073277
29.600000000000005                                0.16676328630383858
29.650000000000002                                0.16498666026459555
29.699999999999996                                0.16318370731077536
29.75                                             0.1614127735214985
29.800000000000004                                0.15973662607347325
29.85                                             0.15821802148656156
29.9                                              0.15691406797550092
29.95                                             0.15586941754985315
29.999999999999996                                0.1551085619964193
30.05                                             0.15462789844387193
30.099999999999998                                0.15438875106830421
30.150000000000002                                0.15431306910097328
30.2                                              0.15428383468875775
30.25                                             0.15415199754858314
30.299999999999997                                0.15375076140524183
30.35                                             0.15291631663406957
30.4                                              0.15151212211426235
30.450000000000003                                0.14945241350579608
30.5                                              0.14672051754063842
30.55                                             0.14337896398396033
30.599999999999998                                0.13957068587453111
30.650000000000002                                0.1355126428443938
30.7                                              0.13148390888182035
30.750000000000004                                0.1278090347762321
30.799999999999997                                0.12483427433274913
30.85                                             0.1228895647783589
30.9                                              0.12222475460463074
30.950000000000003                                0.12290955411959113
31                                                0.12470358536275081
31.05                                             0.12694684683752885
31.099999999999998                                0.12857855523385323
31.150000000000002                                0.12839188243356056
31.2                                              0.1254872916739676
31.250000000000004                                0.11967317996442804
31.3                                              0.11154786781542057
31.35                                             0.1022667286912916
31.4                                              0.09325072343986532
31.450000000000003                                0.08608461535312957
31.5                                              0.08267918068748896
31.550000000000004                                0.08543115501375075
31.6                                              0.09578521441564149
31.650000000000002                                0.10759983084032025
31.7                                              0.1054008533624751
31.749999999999996                                0.08835053805096663
31.8                                              0.06980089929368422
31.850000000000005                                0.05626555564141051
31.900000000000002                                0.05976918781189373
31.949999999999996                                0.06345755362566906
32                                                0.04945933746174134
32.050000000000004                                0.04839821655795729
32.1                                              0.05087664195308441
32.15                                             0.0556899544077678
32.2                                              0.06244702073752752
32.25000000000001                                 0.07096037838155422
32.300000000000004                                0.08111835883234458
32.35                                             0.09284268641250716
32.4                                              0.10606997313572941
32.45                                             0.12074211683893336
32.5                                              0.13680075065042968
32.55                                             0.15418383670784772
32.6                                              0.17282354532333802
32.65                                             0.19264499272423094
32.7                                              0.2135656074168983
32.75                                             0.2354949901637584
32.800000000000004                                0.2583351797825293
32.85                                             0.2819812600138281
32.9                                              0.3063222525499509
32.949999999999996                                0.3312422444728211
33                                                0.35662169840547686
33.05                                             0.3823388927204265
33.1                                              0.40827143853289655
33.15                                             0.4342978207669347
33.2                                              0.4602989127925398
33.25                                             0.4861594181012788
33.300000000000004                                0.5117691980632236
33.35                                             0.5370244517541101
33.400000000000006                                0.5618287217553134
33.45                                             0.5860937082590948
33.5                                              0.6097398822781965
33.55                                             0.6326968967708332
33.6                                              0.6549038017159087
33.65                                             0.6763090752870748
33.7                                              0.6968704881261751
33.75                                             0.7165548212446431
33.8                                              0.7353374603018688
33.85                                             0.7532018899615086
33.900000000000006                                0.7701391118339613
33.95                                             0.786147008506094
34                                                0.8012296744988399
34.05                                             0.8153967328230503
34.1                                              0.8286626533061516
34.15                                             0.8410460862351136
34.199999999999996                                0.8525692221345456
34.25                                             0.8632571859167661
34.300000000000004                                0.8731374719631326
34.35                                             0.8822394246136919
34.4                                              0.8905937655398684
34.45                                             0.8982321686947313
34.50000000000001                                 0.9051868827929057
34.550000000000004                                0.9114904002273495
34.6                                              0.9171751715771647
34.65                                             0.9222733590104998
34.7                                              0.9268166208802037
34.75                                             0.9308359455640656
34.8                                              0.9343615120832541
34.85                                             0.9374225740648588
34.9                                              0.9400473714205411
34.95                                             0.9422630856112361
35                                                0.9440957501418664
35.050000000000004                                0.9455702514935412
35.1                                              0.9467102913202438
35.15                                             0.9475385252883641
35.199999999999996                                0.9480762408105321
35.25                                             0.9483437338665783
35.3                                              0.9483601267863472
35.35                                             0.948143460697759
35.4                                              0.9477107134426557
35.45                                             0.9470778395418906
35.5                                              0.946259808982147
35.550000000000004                                0.9452706477431064
35.6                                              0.9441234794050744
35.650000000000006                                0.9428305673038946
35.7                                              0.9414033567914349
35.75                                             0.9398525172385906
35.8                                              0.9381879834851656
35.85                                             0.9364189964994921
35.9                                              0.9345541430605498
35.95                                             0.9326013943177305
36                                                0.9305681431194127
36.050000000000004                                0.928461240031529
36.1                                              0.9262870279926763
36.150000000000006                                0.924051375572462
36.2                                              0.9217597088172221
36.25                                             0.9194170416810533
36.3                                              0.9170280050503542
36.35                                             0.9145968743800312
36.4                                              0.9121275959653161
36.449999999999996                                0.9096238118789063
36.5                                              0.9070888836070229
36.550000000000004                                0.9045259144198183
36.6                                              0.9019377705146087
36.65                                             0.8993271009694106
36.7                                              0.8966963565462868
36.75000000000001                                 0.8940478073818928
36.800000000000004                                0.8913835596039001
36.849999999999994                                0.8887055709108527
36.9                                              0.8860156651550434
36.95                                             0.8833155459694273
37                                                0.8806068094783972
37.05                                             0.8778909561251687
37.1                                              0.8751694016361182
37.150000000000006                                0.87244348713895
37.2                                              0.869714488459752
37.25                                             0.8669836246376919
37.300000000000004                                0.8642520656990119
37.35                                             0.8615209397259842
37.4                                              0.8587913392438195
37.449999999999996                                0.8560643268965797
37.5                                              0.8533409427124355
37.55                                             0.8506221971386171
37.6                                              0.8479090949252633
37.65                                             0.8452026219506901
37.7                                              0.8425037567318231
37.75                                             0.8398134678964443
37.800000000000004                                0.8371327179785204
37.85                                             0.8344624668261813
37.900000000000006                                0.8318036540334948
37.95                                             0.8291572386626337
38                                                0.8265241606760262
38.05                                             0.8239053580755185
38.1                                              0.8213017633491724
38.15                                             0.8187143022541061
38.2                                              0.8161438923411869
38.25                                             0.8135914410564142
38.300000000000004                                0.81105784380405
38.35                                             0.808543981740714
38.400000000000006                                0.8060507193183478
38.45                                             0.8035789016559318
38.5                                              0.8011293517603173
38.55                                             0.7987028675935962
38.6                                              0.7963002190189475
38.65                                             0.7939221447346755
38.699999999999996                                0.7915693491868873
38.75                                             0.7892424994050964
38.800000000000004                                0.786942221822624
38.85                                             0.7846690991370843
38.9                                              0.782423667232751
38.95                                             0.7802064121848352
39.00000000000001                                 0.7780177673685782
39.050000000000004                                0.7758581106947862
39.099999999999994                                0.7737277619912817
39.15                                             0.7716269805535675
39.2                                              0.7695559628906407
39.25                                             0.7675148406887632
39.3                                              0.7655036790091719
39.35                                             0.7635224747364179
39.400000000000006                                0.7615711552935729
39.45                                             0.7596495776391486
39.5                                              0.7577575275587874
39.550000000000004                                0.7558947192628447
39.6                                              0.7540607953012674
39.65                                             0.7522553268065364
39.699999999999996                                0.7504778140766064
39.75                                             0.7487276875061977
39.800000000000004                                0.747004308857331
39.85                                             0.7453069728461633
39.9                                              0.7436349090481509
39.95                                             0.7419872841555629
40.00000000000001                                 0.7403632045959981
40.050000000000004                                0.7387617194885091
40.1                                              0.7371818239153783
40.15                                             0.7356224625011273
40.2                                              0.7340825332939662
40.25                                             0.7325608919362381
40.3                                              0.7310563560671574
40.349999999999994                                0.7295677098935834
40.4                                              0.728093709056998
40.45                                             0.7266330858755361
40.5                                              0.7251845547043082
40.55                                             0.7237468173505012
40.6                                              0.7223185686293272
40.650000000000006                                0.7208985021057801
40.7                                              0.7194853163528782
40.75                                             0.7180777218668548
40.8                                              0.7166744444753134
40.85                                             0.7152742298107791
40.9                                              0.7138758531356736
40.949999999999996                                0.7124781244955588
41                                                0.711079893089711
41.050000000000004                                0.7096800525164612
41.1                                              0.7082775583038793
41.15                                             0.7068714096941271
41.2                                              0.7054606665649219
41.25000000000001                                 0.7040444595222889
41.300000000000004                                0.7026219903825007
41.349999999999994                                0.7011925439230644
41.4                                              0.699755471165809
41.45                                             0.6983102052872656
41.5                                              0.6968562792637972
41.55                                             0.6953933064866689
41.6                                              0.6939209936899648
41.650000000000006                                0.6924391415627311
41.7                                              0.6909476463477997
41.75                                             0.6894465010222702
41.800000000000004                                0.6879357960101546
41.85                                             0.6864157194129406
41.9                                              0.6848865567484288
41.949999999999996                                0.6833486901916836
42                                                0.6818025973146681
42.050000000000004                                0.6802488493238037
42.1                                              0.6786881087980565
42.15                                             0.6771211269325818
42.2                                              0.6755487402955176
42.25000000000001                                 0.6739718671084207
42.300000000000004                                0.6723915030630176
42.35                                             0.670808716690169
42.400000000000006                                0.6692246442992922
42.45                                             0.6676404845093521
42.5                                              0.6660574923950201
42.55                                             0.6644769732738417
42.599999999999994                                0.662900276162672
42.65                                             0.6613287869336956
42.7                                              0.6597639212022459
42.75                                             0.6582071169805058
42.8                                              0.6566598271328818
42.85                                             0.6551235116700468
42.900000000000006                                0.6535996299200331
42.95                                             0.6520896326162224
43                                                0.6505949539421066
43.05                                             0.6491170035741493
43.1                                              0.6476571587640458
43.15                                             0.646216756501822
43.199999999999996                                0.644797085801108
43.25                                             0.6433993801473843
43.300000000000004                                0.6420248101492805
43.35                                             0.6406744764331433
43.4                                              0.6393494028201676
43.45                                             0.6380505298252639
43.50000000000001                                 0.636778708515578
43.550000000000004                                0.635534694763453
43.599999999999994                                0.6343191439262821
43.65                                             0.6331326059833586
43.7                                              0.6319755211583659
43.75                                             0.6308482160526164
43.8                                              0.6297509003031215
43.85                                             0.6286836636721488
43.900000000000006                                0.6276464911851838
43.95                                             0.6266391806451358
44                                                0.6256614922307183
44.050000000000004                                0.6247130175829329
44.1                                              0.6237932242644723
44.15                                             0.6229014568689636
44.199999999999996                                0.6220369425434445
44.25                                             0.6211987879650508
44.300000000000004                                0.6203859835534229
44.35                                             0.6195974059149671
44.4                                              0.6188318223832023
44.45                                             0.6180878970243135
44.50000000000001                                 0.6173641949508151
44.550000000000004                                0.6166591885800798
44.6                                              0.6159712642716845
44.650000000000006                                0.6152987292636599
44.7                                              0.6146398192192366
44.75                                             0.6139927065188517
44.8                                              0.6133555087725042
44.849999999999994                                0.6127262977168042
44.9                                              0.6121031085177651
44.95                                             0.6114839494051311
45                                                0.6108668115822751
45.05                                             0.6102496793667476
45.1                                              0.6096305405249494
45.150000000000006                                0.6090073967450309
45.2                                              0.6083782741685327
45.25                                             0.6077412339347584
45.3                                              0.6070943827005587
45.35                                             0.6064358830757993
45.4                                              0.6057639639119164
45.449999999999996                                0.6050769303843135
45.5                                              0.6043731738105987
45.550000000000004                                0.6036511811443289
45.6                                              0.6029095440824471
45.65                                             0.6021469677271913
45.7                                              0.6013622787531899
45.75000000000001                                 0.6005544330441188
45.800000000000004                                0.5997225227612138
45.849999999999994                                0.5988657827912202
45.9                                              0.5979835965142338
45.95                                             0.5970755008380912
46                                                0.5961411904588696
46.05                                             0.5951805213154794
46.1                                              0.594193513212313
46.150000000000006                                0.5931803515856005
46.2                                              0.5921413883929699
46.25                                             0.5910771421117715
46.300000000000004                                0.5899882968398491
46.35                                             0.5888757004966689
46.4                                              0.5877403621098407
46.449999999999996                                0.586583448144903
46.5                                              0.5854062778480772
46.550000000000004                                0.5842103176500434
46.6                                              0.5829971747201698
46.65                                             0.5817685897033132
46.7                                              0.5805264286205082
46.75000000000001                                 0.5792726739316455
46.800000000000004                                0.5780094147892311
46.85                                             0.5767388365212188
46.900000000000006                                0.5754632093718851
46.95                                             0.5741848765247217
47                                                0.572906241521904
47.05                                             0.5716297553830022
47.1                                              0.5703579034472761
47.15                                             0.5690931913931356
47.2                                              0.5678381305526237
47.25                                             0.5665952231335591
47.3                                              0.5653669474084488
47.35                                             0.5641557427718835
47.400000000000006                                0.5629639948858587
47.45                                             0.5617940219913227
47.5                                              0.5606480630688359
47.55                                             0.5595282579956828
47.6                                              0.5584366252476182
47.65                                             0.5573750589056343
47.699999999999996                                0.5563453175801418
47.75                                             0.5553490081952337
47.800000000000004                                0.5543875723193756
47.85                                             0.5534622696615753
47.9                                              0.5525741809341812
47.95                                             0.5517242073563873
48.00000000000001                                 0.5509130196182244
48.050000000000004                                0.5501410826806624
48.099999999999994                                0.5494086268247533
48.15                                             0.5487157614881518
48.2                                              0.5480622133306744
48.25                                             0.5474475489306195
48.3                                              0.5468711726317214
48.35                                             0.5463321698050738
48.400000000000006                                0.5458294392228119
48.45                                             0.5453616530651869
48.5                                              0.544927266445548
48.550000000000004                                0.5445245244711642
48.6                                              0.5441514705325513
48.65                                             0.5438059560015116
48.699999999999996                                0.5434856513304436
48.75                                             0.5431880585087783
48.800000000000004                                0.5429105248166574
48.85                                             0.5426502578019708
48.9                                              0.5424043413979223
48.95                                             0.5421697530868144
49.00000000000001                                 0.5419433820075723
49.050000000000004                                0.5417220478958756
49.1                                              0.5415025207383592
49.150000000000006                                0.5412815410157847
49.2                                              0.541055840403952
49.25                                             0.540822162796942
49.3                                              0.5405772855130531
49.35                                             0.540318040541394
49.400000000000006                                0.5400413356850802
49.45                                             0.5397441754565409
49.5                                              0.5394236815802081
49.55                                             0.5390771129596841
49.6                                              0.5387018849674101
49.650000000000006                                0.5382955879191139
49.7                                              0.5378560045978344
49.75                                             0.5373811266976308
49.8                                              0.5368691700621979
49.85                                             0.5363185885997738
49.9                                              0.5357280867623909
49.949999999999996                                0.5350966304855223
50                                                0.5344234564922489
50.050000000000004                                0.5337080798751254
50.1                                              0.5329502998787967
50.15                                             0.5321502038168348
50.2                                              0.5313081690673005
50.25000000000001                                 0.5304248631036642
50.300000000000004                                0.5295012415297798
50.349999999999994                                0.5285385441014095
50.4                                              0.5275382887300245
50.45                                             0.5265022634798845
50.5                                              0.5254325165835277
50.55                                             0.5243313445164826
50.6                                              0.5232012781874441
50.650000000000006                                0.522045067315328
50.7                                              0.5208656630816065
50.75                                             0.5196661991612227
50.800000000000004                                0.5184499712520217
50.85                                             0.5172204152370378
50.9                                              0.5159810841267634
50.949999999999996                                0.5147356239351528
51                                                0.5134877486046575
51.050000000000004                                0.5122412132694689
51.1                                              0.5109998031659233
51.15                                             0.5097672580688125
51.2                                              0.5085473203254912
51.25000000000001                                 0.5073436378849301
51.300000000000004                                0.5061597996496066
51.35                                             0.5049992565947194
51.400000000000006                                0.5038653268260871
51.45                                             0.5027611649242725
51.5                                              0.5016897429717699
51.55                                             0.5006538241145155
51.6                                              0.49965593787066387
51.650000000000006                                0.498698375378507
51.7                                              0.49778316509892495
51.75                                             0.4969120596490229
51.8                                              0.4960865237731871
51.85                                             0.4953077245066406
51.900000000000006                                0.49457652301163174
51.95                                             0.4938934679974633
52                                                0.4932587930130825
52.05                                             0.4926724159663835
52.1                                              0.49213393993799825
52.15                                             0.49164265634830145
52.199999999999996                                0.49119755045030444
52.25                                             0.490797308944941
52.300000000000004                                0.49044032960686745
52.35                                             0.49012473283019337
52.4                                              0.4898483749807745
52.45                                             0.48960886339407117
52.50000000000001                                 0.48940357286447983
52.550000000000004                                0.4892296635598182
52.599999999999994                                0.48908410026330845
52.65                                             0.48896367274851116
52.7                                              0.48886501710636876
52.75                                             0.488784637882107
52.8                                              0.48871893088097096
52.85                                             0.48866420649690806
52.900000000000006                                0.4886167134147723
52.95                                             0.4885726625372319
53                                                0.4885282509869199
53.050000000000004                                0.48847968603198927
53.1                                              0.4884232087877638
53.15                                             0.48835511755945754
53.199999999999996                                0.4882717907074137
53.25                                             0.48816970891846967
53.300000000000004                                0.4880454767568531
53.35                                             0.48789584336446834
53.4                                              0.4877177221881308
53.45                                             0.4875082096222593
53.50000000000001                                 0.48726460246260583
53.550000000000004                                0.48698441407554677
53.6                                              0.4866653891941924
53.65                                             0.48630551726169285
53.7                                              0.4859030442519216
53.75                                             0.4854564829066337
53.8                                              0.484964621341592
53.849999999999994                                0.48442652998538777
53.900000000000006                                0.4838415668287655
53.95                                             0.48320938097045135
54                                                0.4825299144485796
54.05                                             0.48180340235175456
54.10000000000001                                 0.4810303712257654
54.150000000000006                                0.4802116358296509
54.2                                              0.47934829431428494
54.25                                             0.47844172188940526
54.300000000000004                                0.47749356303610263
54.35                                             0.47650572232852384
54.4                                              0.47548035394283633
54.449999999999996                                0.47441984994052655
54.50000000000001                                 0.4733268274165501
54.550000000000004                                0.47220411459468936
54.6                                              0.4710547359360064
54.65                                             0.469881896314301
54.70000000000001                                 0.468688964381087
54.75000000000001                                 0.46747945539427943
54.800000000000004                                0.466257013654055
54.849999999999994                                0.4650253942597266
54.900000000000006                                0.4637884440334729
54.95                                             0.46255008189127844
55                                                0.46131427886428134
55.05                                             0.46008503774949294
55.10000000000001                                 0.4588663723315752
55.150000000000006                                0.45766228621506677
55.2                                              0.4564767517971394
55.25                                             0.4553136910726421
55.3                                              0.4541769564999153
55.35                                             0.4530703006448661
55.4                                              0.4519973475509107
55.449999999999996                                0.45096157861756664
55.49999999999999                                 0.44996631253167646
55.550000000000004                                0.44901468022974184
55.6                                              0.4481096006501231
55.65                                             0.44725375691219527
55.699999999999996                                0.4464495692119568
55.75000000000001                                 0.44569917656499025
55.800000000000004                                0.44500443061767425
55.85                                             0.4443668457014139
55.9                                              0.44378758975348165
55.95                                             0.44326746675450446
56                                                0.4428068725629793
56.05                                             0.44240591346331337
56.099999999999994                                0.44206413032466124
56.150000000000006                                0.4417810709778272
56.2                                              0.4415545970878805
56.25                                             0.4413838427228327
56.3                                              0.4412664586155297
56.35000000000001                                 0.44119988272026267
56.400000000000006                                0.4411811232582748
56.45                                             0.4412067634810287
56.5                                              0.44127297382732966
56.550000000000004                                0.44137552873999114
56.6                                              0.44150982785249404
56.65                                             0.4416709214706795
56.699999999999996                                0.44185354026526863
56.75000000000001                                 0.4420521290420948
56.800000000000004                                0.44226088439847056
56.85                                             0.442473796015241
56.9                                              0.44268469127656246
56.95000000000001                                 0.44288728285667045
57.00000000000001                                 0.4430752188644937
57.050000000000004                                0.44324213509653065
57.099999999999994                                0.44338170891385853
57.150000000000006                                0.44348771423330113
57.2                                              0.4435540771046737
57.25                                             0.4435749313360544
57.3                                              0.44354467362595734
57.35000000000001                                 0.44345801766642046
57.400000000000006                                0.44331004669125473
57.45                                             0.44309626395953705
57.5                                              0.4428126406851662
57.55000000000001                                 0.442455660945351
57.6                                              0.4420223631275697
57.65                                             0.44151037749961675
57.699999999999996                                0.4409179595146713
57.74999999999999                                 0.440244018489338
57.800000000000004                                0.4394881413180499
57.85                                             0.4386506109119045
57.9                                              0.4377324190739471
57.949999999999996                                0.4367352735465639
58.00000000000001                                 0.4356615989908477
58.050000000000004                                0.4345145316831813
58.1                                              0.43329790774262994
58.15                                             0.4320162447342538
58.2                                              0.430674716530861
58.25                                             0.4292791213587817
58.3                                              0.4278358430044439
58.349999999999994                                0.42635180521876603
58.400000000000006                                0.42483441942482714
58.45                                             0.4232915259135519
58.5                                              0.4217313288012984
58.55                                             0.4201623251191914
58.60000000000001                                 0.418593228511643
58.650000000000006                                0.41703288813029354
58.7                                              0.4154902034258393
58.75                                             0.4139740356548825
58.800000000000004                                0.41249311703005836
58.85                                             0.41105595854744464
58.9                                              0.40967075761819016
58.949999999999996                                0.4083453067086237
59.00000000000001                                 0.4070869042533699
59.050000000000004                                0.40590226913760513
59.1                                              0.40479746005554373
59.15                                             0.40377780102943145
59.20000000000001                                 0.40284781432192085
59.25000000000001                                 0.402011161891939
59.300000000000004                                0.40127059643033147
59.349999999999994                                0.4006279228717887
59.400000000000006                                0.40008397111013544
59.45                                             0.39963858045694545
59.5                                              0.39929059616710216
59.55                                             0.39903787804567503
59.60000000000001                                 0.3988773185057595
59.650000000000006                                0.39880489987152273
59.7                                              0.3988156721906521
59.75                                             0.39890389133775217
59.80000000000001                                 0.3990630254407204
59.85                                             0.39928587821983874
59.9                                              0.3995645966366594
59.949999999999996                                0.39989082441112445
59.99999999999999                                 0.40025576901520993
60.050000000000004                                0.4006503006703087
60.1                                              0.4010650525413005
60.15                                             0.4014905215560715
60.199999999999996                                0.40191716779600667
60.25000000000001                                 0.402335517326728
60.300000000000004                                0.4027362598257114
60.35                                             0.4031103430981212
60.4                                              0.40344906460410646
60.45                                             0.4037441579601456
60.5                                              0.40398787390661706
60.55                                             0.4041730550185609
60.599999999999994                                0.4042932033179049
60.650000000000006                                0.404342540194343
60.7                                              0.40431605902623047
60.75                                             0.40420956982423467
60.8                                              0.4040197343761731
60.85000000000001                                 0.4037440920050026
60.900000000000006                                0.40338107601892254
60.95                                             0.40293002048661286
61                                                0.40239115705514417
61.050000000000004                                0.40176560166774034
61.1                                              0.40105533114356284
61.15                                             0.400263149688588
61.199999999999996                                0.3993926455273551
61.25000000000001                                 0.39844813798152545
61.300000000000004                                0.3974346154659745
61.35                                             0.3963576650405498
61.4                                              0.3952233943507202
61.45000000000001                                 0.3940383469818704
61.50000000000001                                 0.3928094124109674
61.550000000000004                                0.39154373188618335
61.599999999999994                                0.3902486017153906
61.650000000000006                                0.38893137557213175
61.7                                              0.38759936751279656
61.75                                             0.3862597574450337
61.8                                              0.3849195007823145
61.85000000000001                                 0.3835852439708502
61.900000000000006                                0.3822632474749457
61.95                                             0.3809593176579573
62                                                0.3796787488048521
62.05000000000001                                 0.3784262762999435
62.1                                              0.37720604171242306
62.15                                             0.37602157026152205
62.199999999999996                                0.37487576083827523
62.24999999999999                                 0.3737708884648758
62.300000000000004                                0.3727086187800393
62.35                                             0.3716900338653119
62.4                                              0.3707156684840927
62.449999999999996                                0.36978555559414555
62.50000000000001                                 0.3688992798220601
62.550000000000004                                0.36805603744979565
62.6                                              0.3672547013670187
62.65                                             0.36649388938327593
62.7                                              0.36577203427178995
62.75                                             0.3650874539298958
62.8                                              0.3644384200814231
62.849999999999994                                0.36382322401154116
62.900000000000006                                0.36324023791157395
62.95                                             0.36268797051168455
63                                                0.3621651157949636
63.05                                             0.36167059371468047
63.10000000000001                                 0.36120358196901087
63.150000000000006                                0.3607635380361442
63.2                                              0.3603502108250358
63.25                                             0.35996364146348686
63.300000000000004                                0.3596041529237532
63.35                                             0.35927232838454265
63.4                                              0.3589689784420799
63.449999999999996                                0.358695097516827
63.50000000000001                                 0.35845181004437326
63.550000000000004                                0.3582403072887479
63.6                                              0.3580617758757682
63.65                                             0.3579173194103888
63.70000000000001                                 0.35780787480967713
63.75000000000001                                 0.3577341252357192
63.800000000000004                                0.35769641173864986
63.849999999999994                                0.3576946459054076
63.900000000000006                                0.35772822594422243
63.95                                             0.35779595870298153
64                                                0.3578959901167585
64.05                                             0.3580257464923825
64.10000000000001                                 0.35818188886465774
64.15                                             0.35836028240072304
64.2                                              0.35855598249891296
64.25                                             0.3587632388466096
64.30000000000001                                 0.35897551827399987
64.35000000000001                                 0.3591855467265311
64.4                                              0.35938537009096694
64.45                                             0.35956643307612546
64.50000000000001                                 0.35971967494990575
64.55000000000001                                 0.3598356405780066
64.60000000000001                                 0.35990460484944753
64.65                                             0.3599167082690739
64.7                                              0.3598621013018666
64.75                                             0.3597310949602443
64.8                                              0.3595143151217187
64.85                                             0.3592028581415736
64.89999999999999                                 0.3587884454862159
64.95                                             0.35826357537836007
65                                                0.3576216696636885
65.05                                             0.35685721364671064
65.1                                              0.35596588603725127
65.15                                             0.3549446786864399
65.2                                              0.35379200717956916
65.25                                             0.3525078096006541
65.3                                              0.3510936307605962
65.35000000000001                                 0.349552691100211
65.4                                              0.3478899393560159
65.45                                             0.34611208752689515
65.5                                              0.3442276263831997
65.55000000000001                                 0.34224681959098835
65.60000000000001                                 0.34018167547413464
65.65                                             0.3380458986054773
65.7                                              0.3358548036148287
65.75                                             0.33362519727949635
65.8                                              0.33137524706628685
65.85                                             0.3291243076119307
65.89999999999999                                 0.32689271251992563
65.95                                             0.3247015336643113
66                                                0.32257231070557796
66.05                                             0.32052679534015066
66.1                                              0.3185864617516971
66.15                                             0.31677236515869756
66.2                                              0.3151046811108689
66.25                                             0.3136021216656378
66.3                                              0.3122821666266281
66.35000000000001                                 0.3111599062393455
66.4                                              0.31024820706606965
66.45                                             0.30955723201173474
66.5                                              0.30909416613147683
66.55000000000001                                 0.30886298163266307
66.60000000000001                                 0.3088642595892923
66.65                                             0.30909507602211633
66.7                                              0.3095489574964331
66.75000000000001                                 0.31021590904238716
66.80000000000001                                 0.31108251474111503
66.85000000000001                                 0.31213210884572246
66.9                                              0.31334501294590567
66.95                                             0.3146988325813318
67                                                0.31616880497438316
67.05                                             0.3177281882790303
67.1                                              0.3193486819780785
67.14999999999999                                 0.32100086782012405
67.2                                              0.322654660946381
67.25                                             0.324279761554221
67.3                                              0.3258460984994952
67.35                                             0.3273242575472962
67.4                                              0.32868588843332996
67.45                                             0.3299040863878009
67.5                                              0.3309537451951474
67.55                                             0.33181188013792634
67.60000000000001                                 0.3324579202213848
67.65                                             0.33287396985863177
67.7                                              0.33304504067647794
67.75                                             0.3329592542745134
67.80000000000001                                 0.3326080166380017
67.85000000000001                                 0.33198616449738966
67.9                                              0.33109208327524225
67.95                                             0.3299277954256254
68                                                0.32849901700601836
68.05                                             0.32681517931166243
68.1                                              0.3248894114275448
68.14999999999999                                 0.322738478712183
68.2                                              0.3203826716191955
68.25                                             0.31784563899492313
68.3                                              0.31515416015955583
68.35                                             0.3123378507778354
68.4                                              0.30942879881937313
68.45                                             0.3064611288326033
68.5                                              0.30347049530289605
68.55                                             0.3004935089694326
68.60000000000001                                 0.2975671035104906
68.65                                             0.29472785378848865
68.7                                              0.29201126062276966
68.75                                             0.289451020542876
68.80000000000001                                 0.287078301857268
68.85000000000001                                 0.28492105034351
68.9                                              0.28300334867084054
68.95                                             0.28134485312064467
69.00000000000001                                 0.2799603291897573
69.05000000000001                                 0.27885930430565636
69.10000000000001                                 0.2780458513187963
69.15                                             0.2775185109659547
69.2                                              0.27727035551217816
69.25                                             0.2772891897088949
69.3                                              0.2775578795047123
69.35                                             0.2780547940115382
69.39999999999999                                 0.2787543423824214
69.45                                             0.2796275847045961
69.5                                              0.28064289483526383
69.55                                             0.2817666532641559
69.6                                              0.2829639494279614
69.65                                             0.2841992751950559
69.7                                              0.2854371942046722
69.75                                             0.2866429750852499
69.8                                              0.28778318000271674
69.85000000000001                                 0.28882620324575253
69.9                                              0.28974275743682815
69.95                                             0.2905063073049663
70                                                0.29109345267553716
70.05000000000001                                 0.29148426336985517
70.10000000000001                                 0.2916625690597736
70.15                                             0.29161620682388195
70.2                                              0.2913372282537288
70.25                                             0.2908220665612118
70.3                                              0.2900716623350461
70.35                                             0.2890915445286047
70.39999999999999                                 0.28789186107939385
70.45                                             0.2864873514442723
70.5                                              0.2848972514930332
70.55                                             0.2831451198585993
70.6                                              0.28125857424444106
70.65                                             0.2792689265856765
70.7                                              0.2772107075673648
70.75                                             0.2751210740061879
70.8                                              0.2730390970725841
70.85000000000001                                 0.2710049352339844
70.9                                              0.2690589029285281
70.95                                             0.26724045393249757
71                                                0.26558710659625767
71.05000000000001                                 0.26413334584387044
71.10000000000001                                 0.2629095432247957
71.15                                             0.2619409405350351
71.2                                              0.2612467438449143
71.25000000000001                                 0.26083937263752055
71.30000000000001                                 0.26072390182028166
71.35000000000001                                 0.2608977461288606
71.4                                              0.26135052430218453
71.45                                             0.2620642831839657
71.5                                              0.2630138533215317
71.55                                             0.2641674839841376
71.6                                              0.2654876051233285
71.64999999999999                                 0.2669318556673284
71.7                                              0.2684540961904352
71.75                                             0.2700054771853965
71.8                                              0.27153559328926363
71.85                                             0.2729935661485989
71.9                                              0.27432907651118277
71.95                                             0.2754933184953197
72                                                0.2764398620190548
72.05                                             0.27712541827748294
72.10000000000001                                 0.2775105099470218
72.15                                             0.27756005365799247
72.2                                              0.2772438693217405
72.25                                             0.2765371316091175
72.30000000000001                                 0.27542077202492043
72.35000000000001                                 0.27388185155573763
72.4                                              0.2719139154147366
72.45                                             0.26951733685204127
72.5                                              0.26669965373424714
72.55                                             0.2634758952078207
72.6                                              0.25986888900176874
72.64999999999999                                 0.25590953242436404
72.7                                              0.2516370022328292
72.75                                             0.24709887070654973
72.8                                              0.2423510880127676
72.85                                             0.23745778506734896
72.9                                              0.23249084745947365
72.95                                             0.2275292108128181
73                                                0.2226578326066408
73.05                                             0.21796630599086433
73.10000000000001                                 0.2135470976651461
73.15                                             0.20949341469522134
73.2                                              0.20589673416495935
73.25                                             0.2028440629506058
73.30000000000001                                 0.20041502943161865
73.35000000000001                                 0.1986789406817509
73.4                                              0.19769196318705937
73.45                                             0.19749459796944097
73.50000000000001                                 0.198109618556309
73.55000000000001                                 0.19954062064744338
73.60000000000001                                 0.20177129604505578
73.65                                             0.2047654935075673
73.7                                              0.20846807102912218
73.75                                             0.212806484520281
73.8                                              0.21769300420831858
73.85                                             0.22302740860279907
73.89999999999999                                 0.22869998092826804
73.95                                             0.23459462625514874
74                                                0.24059193824138958
74.05                                             0.24657206929361553
74.1                                              0.252417292512356
74.15                                             0.2580141829543003
74.2                                              0.2632553848622453
74.25                                             0.26804096680464384
74.3                                              0.27227939571268545
74.35000000000001                                 0.275888182357361
74.4                                              0.27879426482337133
74.45                                             0.2809342036531953
74.5                                              0.2822542637342254
74.55000000000001                                 0.2827104549190167
74.60000000000001                                 0.28226859702688156
74.65                                             0.2809044661570748
74.7                                              0.2786040687641645
74.75                                             0.27536407789622613
74.8                                              0.2711924522670907
74.85                                             0.2661092430344415
74.89999999999999                                 0.2601475747364446
74.95                                             0.25335476525516576
75                                                0.24579352457434858
