25                                                0.32963261158289675
25.05                                             0.3294796235080188
25.1                                              0.32932592679549616
25.150000000000002                                0.3291715512084305
25.2                                              0.3290165272615693
25.25                                             0.3288608861948216
25.3                                              0.3287046599451316
25.35                                             0.32854788111731825
25.400000000000002                                0.328390582953164
25.45                                             0.328232799299312
25.5                                              0.3280745645738723
25.55                                             0.32791591373132345
25.6                                              0.32775688222665433
25.650000000000002                                0.3275975059776718
25.700000000000003                                0.32743782132634774
25.75                                             0.3272778649989604
25.8                                              0.3271176740648043
25.85                                             0.3269572858938372
25.900000000000002                                0.3267967381132419
25.950000000000003                                0.32663606856285504
26                                                0.3264753152493685
26.05                                             0.3263145162998687
26.099999999999998                                0.3261537099139837
26.150000000000002                                0.3259929343154047
26.2                                              0.32583222770272247
26.25                                             0.3256716282000855
26.299999999999997                                0.3255111738132343
26.349999999999998                                0.3253509027278494
26.4                                              0.3251908512298511
26.45                                             0.3250310580598066
26.5                                              0.32487155964371334
26.55                                             0.32471239256101414
26.599999999999998                                0.32455359289285973
26.65                                             0.32439519629394814
26.7                                              0.32423723783611486
26.75                                             0.32407975200801403
26.8                                              0.3239227728048539
26.85                                             0.32376633167795366
26.9                                              0.3236104616953943
26.95                                             0.32345519629737496
27                                                0.32330056416776093
27.05                                             0.3231465950271178
27.1                                              0.32299331747674676
27.15                                             0.3228407590262217
27.2                                              0.32268894602576476
27.25                                             0.32253790359965373
27.3                                              0.32238765563715854
27.35                                             0.3222382247681454
27.400000000000002                                0.32208963229139304
27.45                                             0.3219418981042408
27.5                                              0.32179504064551295
27.55                                             0.3216490768441986
27.6                                              0.3215040220689019
27.650000000000002                                0.32135989007826343
27.7                                              0.32121669297180155
27.75                                             0.3210744411418347
27.8                                              0.3209331432265693
27.85                                             0.3207928060640253
27.900000000000002                                0.3206534346471385
27.950000000000003                                0.3205150320795163
28                                                0.32037759953251455
28.05                                             0.3202411362034764
28.1                                              0.3201056392761134
28.150000000000002                                0.3199711038825326
28.200000000000003                                0.3198375230676876
28.25                                             0.3197048877556207
28.3                                              0.31957318671799567
28.349999999999998                                0.3194424065443454
28.400000000000002                                0.31931253161485695
28.45                                             0.3191835440748972
28.500000000000004                                0.31905542381227237
28.549999999999997                                0.31892814843657497
28.6                                              0.3188016932613671
28.65                                             0.3186760312888864
28.700000000000003                                0.3185511331975865
28.75                                             0.3184269673325841
28.8                                              0.31830349969898414
28.849999999999998                                0.31818069395822896
28.900000000000002                                0.3180585114279425
28.95                                             0.3179369110846482
29.000000000000004                                0.3178158495702005
29.05                                             0.3176952812017479
29.1                                              0.31757515798521396
29.15                                             0.31745542963267176
29.200000000000003                                0.3173360435835727
29.25                                             0.3172169450299623
29.300000000000004                                0.31709807694608344
29.35                                             0.3169793801218716
29.400000000000002                                0.31686079320095395
29.45                                             0.31674225272278467
29.499999999999996                                0.3166236931692887
29.55                                             0.31650504701573257
29.600000000000005                                0.3163862447865775
29.650000000000002                                0.3162672151161696
29.699999999999996                                0.3161478848141783
29.75                                             0.31602817893700724
29.800000000000004                                0.31590802086350683
29.85                                             0.3157873323762603
29.9                                              0.3156660337475367
29.95                                             0.3155440438306865
29.999999999999996                                0.31542128015597953
30.05                                             0.31529765903231455
30.099999999999998                                0.315173095653608
30.150000000000002                                0.31504750421132766
30.2                                              0.31492079801472
30.25                                             0.3147928896181154
30.299999999999997                                0.31466369095194896
30.35                                             0.31453311344635615
30.4                                              0.3144010681408481
30.450000000000003                                0.314267465823172
30.5                                              0.31413221722290535
30.55                                             0.3139952331869305
30.599999999999998                                0.31385642482748327
30.650000000000002                                0.3137157037040203
30.7                                              0.313572981282645
30.750000000000004                                0.3134281692289616
30.799999999999997                                0.3132811857196827
30.85                                             0.3131319419521759
30.9                                              0.31298035449282274
30.950000000000003                                0.3128263409252183
31                                                0.3126698204047102
31.05                                             0.3125107138659052
31.099999999999998                                0.3123489441754668
31.150000000000002                                0.31218443647368954
31.2                                              0.31201711735647764
31.250000000000004                                0.31184692257489904
31.3                                              0.3116737765501276
31.35                                             0.311497619542815
31.4                                              0.3113183901765648
31.450000000000003                                0.31113603071521634
31.5                                              0.31095048699226513
31.550000000000004                                0.3107617085529139
31.6                                              0.3105696488209019
31.650000000000002                                0.31037426526777945
31.7                                              0.3101755195773817
31.749999999999996                                0.3099733778054572
31.8                                              0.3097678105320621
31.850000000000005                                0.3095587930068978
31.900000000000002                                0.3093463052860022
31.949999999999996                                0.309130332359206
32                                                0.30891086426812964
32.050000000000004                                0.30868789621316656
32.1                                              0.30846142864888226
32.15                                             0.30823146736775425
32.2                                              0.30799802357059114
32.25000000000001                                 0.30776111392329997
32.300000000000004                                0.30752076059959155
32.35                                             0.3072769913085653
32.4                                              0.3070298393065812
32.45                                             0.3067793433932883
32.5                                              0.30652554789029696
32.55                                             0.3062685026033641
32.6                                              0.3060082627662571
32.65                                             0.3057448889669426
32.7                                              0.30547844705518257
32.75                                             0.3052090080316859
32.800000000000004                                0.30493664791831343
32.85                                             0.3046614476095157
32.9                                              0.30438349270478027
32.949999999999996                                0.30410287332253305
33                                                0.30381968389518593
33.05                                             0.30353402294618137
33.1                                              0.30324599284865567
33.15                                             0.3029556995674063
33.2                                              0.30266325238345804
33.25                                             0.30236876360302045
33.300000000000004                                0.30207234825103085
33.35                                             0.30177412375058804
33.400000000000006                                0.3014742095891148
33.45                                             0.301172726972875
33.5                                              0.3008697984703757
33.55                                             0.30056554764715554
33.6                                              0.30026009869262704
33.65                                             0.29995357604094436
33.7                                              0.2996461039875395
33.75                                             0.2993378063035082
33.8                                              0.29902880584943053
33.85                                             0.2987192241905686
33.900000000000006                                0.2984091812159258
33.95                                             0.2980987947630951
34                                                0.29778818025074544
34.05                                             0.2974774503217066
34.1                                              0.29716671449817794
34.15                                             0.29685607885166077
34.199999999999996                                0.29654564568994835
34.25                                             0.29623551326320424
34.300000000000004                                0.29592577549258703
34.35                                             0.2956165220649684
34.4                                              0.29530783645517084
34.45                                             0.2949997992614146
34.50000000000001                                 0.29469248450384394
34.550000000000004                                0.29438596122960803
34.6                                              0.2940802930496346
34.65                                             0.2937755381705413
34.7                                              0.2934717492429337
34.75                                             0.29316897342021947
34.8                                              0.29286725247585027
34.85                                             0.2925666233726775
34.9                                              0.29226710943263434
34.95                                             0.29196874838469095
35                                                0.29167155541478007
35.050000000000004                                0.29137554606272476
35.1                                              0.29108073189072137
35.15                                             0.290787120069432
35.199999999999996                                0.2904947137860926
35.25                                             0.2902035125591516
35.3                                              0.289913512536488
35.35                                             0.28962470690894937
35.4                                              0.28933708640430983
35.45                                             0.2890506397179296
35.5                                              0.28876535390440583
35.550000000000004                                0.28848121478870625
35.6                                              0.2881982073974261
35.650000000000006                                0.28791631639362814
35.7                                              0.2876355265069137
35.75                                             0.28735582295142537
35.8                                              0.28707719182760194
35.85                                             0.28679962050225055
35.9                                              0.2865230979611723
35.95                                             0.2862476151303488
36                                                0.2859731651588438
36.050000000000004                                0.285699743658489
36.1                                              0.28542734889466775
36.150000000000006                                0.28515598192371283
36.2                                              0.2848856466707653
36.25                                             0.28461634994611906
36.3                                              0.2843481013939793
36.35                                             0.2840809133714706
36.4                                              0.2838148007535769
36.449999999999996                                0.28354978066172243
36.5                                              0.2832858721132055
36.550000000000004                                0.28302309559005734
36.6                                              0.28276147252625067
36.65                                             0.28250102471226235
36.7                                              0.2822417736192395
36.75000000000001                                 0.28198373964243334
36.800000000000004                                0.28172694126715353
36.849999999999994                                0.2814713941609446
36.9                                              0.2812171101949219
36.95                                             0.28096409640113557
37                                                0.28071235387096544
37.05                                             0.2804618766032428
37.1                                              0.28021265030905873
37.150000000000006                                0.27996465118489006
37.2                                              0.2797178446622896
37.25                                             0.2794721841479599
37.300000000000004                                0.2792276097656828
37.35                                             0.27898404711407276
37.4                                              0.2787414060551783
37.449999999999996                                0.2784995795484226
37.5                                              0.27825844254685883
37.55                                             0.27801785097249765
37.6                                              0.27777764078677003
37.65                                             0.2775376271755942
37.7                                              0.27729760386520025
37.75                                             0.2770573425866168
37.800000000000004                                0.2768165927064852
37.85                                             0.27657508104102946
37.900000000000006                                0.27633251186832203
37.95                                             0.2760885671555887
38                                                0.2758429070146099
38.05                                             0.2755951703983888
38.1                                              0.2753449760503096
38.15                                             0.2750919237157181
38.2                                              0.27483559562196613
38.25                                             0.27457555823309937
38.300000000000004                                0.2743113642793194
38.35                                             0.274042555060647
38.400000000000006                                0.2737686630191993
38.45                                             0.2734892145716521
38.5                                              0.2732037331911991
38.55                                             0.27291174272841956
38.6                                              0.27261277095559305
38.65                                             0.2723063533113
38.699999999999996                                0.27199203681403605
38.75                                             0.27166938411580155
38.800000000000004                                0.2713379776675507
38.85                                             0.27099742395177073
38.9                                              0.2706473577412475
38.95                                             0.2702874463541528
39.00000000000001                                 0.2699173938776165
39.050000000000004                                0.2695369453349551
39.099999999999994                                0.26914589070320666
39.15                                             0.26874406546722596
39.2                                              0.2683313658910414
39.25                                             0.2679077335997752
39.3                                              0.2674731726137308
39.35                                             0.26702774712890837
39.400000000000006                                0.26657158366660333
39.45                                             0.2661048725221923
39.5                                              0.26562786832292234
39.550000000000004                                0.26514089039060085
39.6                                              0.264644323410612
39.65                                             0.26413861420291146
39.699999999999996                                0.2636242530728415
39.75                                             0.26310186319278434
39.800000000000004                                0.26257200999947683
39.85                                             0.2620353856454629
39.9                                              0.2614927091953695
39.95                                             0.2609447395977147
40.00000000000001                                 0.26039226906292445
40.050000000000004                                0.2598361156133604
40.1                                              0.2592771148910839
40.15                                             0.25871611127460326
40.2                                              0.25815394836450845
40.25                                             0.25759145891385454
40.3                                              0.2570294542912549
40.349999999999994                                0.2564687135808382
40.4                                              0.25590997243622177
40.45                                             0.25535391182292105
40.5                                              0.2548011467946642
40.55                                             0.2542522154641714
40.6                                              0.2537075683418926
40.650000000000006                                0.25316755822422066
40.7                                              0.25263243082472203
40.75                                             0.2521023163458363
40.8                                              0.2515772221916258
40.85                                             0.2510570270258828
40.9                                              0.25054147637044183
40.949999999999996                                0.25003017993584886
41                                                0.24952261086135527
41.050000000000004                                0.24901810702543464
41.1                                              0.24851587456554627
41.15                                             0.24801499371896724
41.2                                              0.24751442706714336
41.25000000000001                                 0.2470130302263741
41.300000000000004                                0.24650956499187243
41.349999999999994                                0.24600271489541556
41.4                                              0.24549110309289848
41.45                                             0.2449733124485069
41.5                                              0.24444790763397398
41.55                                             0.2439134590108604
41.6                                              0.24336856801828755
41.650000000000006                                0.24281189373901765
41.7                                              0.24224218027755282
41.75                                             0.24165828454295502
41.800000000000004                                0.24105920399685876
41.85                                             0.24044410389897036
41.9                                              0.23981234356188225
41.949999999999996                                0.23916350111100074
42                                                0.23849739623980917
42.050000000000004                                0.2378141104498394
42.1                                              0.23711400427057033
42.15                                             0.23639773096929637
42.2                                              0.23566624628061608
42.25000000000001                                 0.2349208137127975
42.300000000000004                                0.23416300501872805
42.35                                             0.2333946954616468
42.400000000000006                                0.23261805354621645
42.45                                             0.2318355249422081
42.5                                              0.23104981038036151
42.55                                             0.2302638373717356
42.599999999999994                                0.22948072567246683
42.65                                             0.22870374650282627
42.7                                              0.22793627562487984
42.75                                             0.22718174049410572
42.8                                              0.2264435618226948
42.85                                             0.22572509003316119
42.900000000000006                                0.22502953723706426
42.95                                             0.2243599055454308
43                                                0.22371891270655486
43.05                                             0.22310891626484716
43.1                                              0.22253183764435883
43.15                                             0.22198908776118328
43.199999999999996                                0.22148149502291925
43.25                                             0.2210092450139072
43.300000000000004                                0.22057181129771997
43.35                                             0.22016791857716195
43.4                                              0.21979550069409454
43.45                                             0.21945168015299105
43.50000000000001                                 0.21913276367189252
43.550000000000004                                0.21883425582904223
43.599999999999994                                0.21855089361635222
43.65                                             0.2182767028883649
43.7                                              0.21800507740118455
43.75                                             0.21772888075438426
43.8                                              0.2174405642591497
43.85                                             0.21713232571305993
43.900000000000006                                0.21679627296793658
43.95                                             0.21642457401795312
44                                                0.21600968123183584
44.050000000000004                                0.21554451758874707
44.1                                              0.21502267936733246
44.15                                             0.2144386356743133
44.199999999999996                                0.21378791990291682
44.25                                             0.2130673077267709
44.300000000000004                                0.21227497640168222
44.35                                             0.21141064041686972
44.4                                              0.21047565883247468
44.45                                             0.20947311022029344
44.50000000000001                                 0.20840783178415326
44.550000000000004                                0.2072864197744907
44.6                                              0.20611718878583016
44.650000000000006                                0.20491008794209314
44.7                                              0.20367657230236438
44.75                                             0.2024294280569248
44.8                                              0.2011825502479048
44.849999999999994                                0.19995067191120974
44.9                                              0.19874904376845623
44.95                                             0.1975930640250695
45                                                0.19649785858365743
45.05                                             0.19547781323024568
45.1                                              0.19454606125875218
45.150000000000006                                0.1937139327284099
45.2                                              0.19299037522987483
45.25                                             0.1923813607161114
45.3                                              0.1918892985758083
45.35                                             0.19151248145379965
45.4                                              0.191244596907171
45.449999999999996                                0.1910743441190415
45.5                                              0.19098519960740906
45.550000000000004                                0.19095537799279041
45.6                                              0.1909580321412899
45.65                                             0.19096173023052934
45.7                                              0.19093123469220152
45.75000000000001                                 0.19082858948037135
45.800000000000004                                0.19061449853805612
45.849999999999994                                0.19024995166608472
45.9                                              0.18969802721621978
45.95                                             0.18892577784949074
46                                                0.18790608978600845
46.05                                             0.18661940062992954
46.1                                              0.18505516762786373
46.150000000000006                                0.1832129967678289
46.2                                              0.18110337099167645
46.25                                             0.17874794871437172
46.300000000000004                                0.1761794365091946
46.35                                             0.17344106677923035
46.4                                              0.17058572782300097
46.449999999999996                                0.16767479663304144
46.5                                              0.16477671243323797
46.550000000000004                                0.16196530142915808
46.6                                              0.15931782207819836
46.65                                             0.1569126486275749
46.7                                              0.15482645423440403
46.75000000000001                                 0.15313070311854127
46.800000000000004                                0.15188722992988343
46.85                                             0.15114269984526707
46.900000000000006                                0.15092184356322522
46.95                                             0.15121959725583328
47                                                0.15199269774964258
47.05                                             0.15315190517363705
47.1                                              0.15455678037460996
47.15                                             0.15601561175242695
47.2                                              0.15729326167937885
47.25                                             0.1581288860757396
47.3                                              0.15826335291721022
47.35                                             0.1574730161368836
47.400000000000006                                0.15560339711457102
47.45                                             0.15259491876762818
47.5                                              0.14849433241234272
47.55                                             0.1434496533752261
47.6                                              0.13769150829919172
47.65                                             0.13150753272067972
47.699999999999996                                0.1252175035742765
47.75                                             0.11915545439673446
47.800000000000004                                0.11366231693399725
47.85                                             0.10908978772974899
47.9                                              0.10581319658810974
47.95                                             0.10424634701650108
48.00000000000001                                 0.10483974218742699
48.050000000000004                                0.10801628034550285
48.099999999999994                                0.1139490708977893
48.15                                             0.12205823760980475
48.2                                              0.13031751670131334
48.25                                             0.1352203408526403
48.3                                              0.13365023131234305
48.35                                             0.12551467864926774
48.400000000000006                                0.11366869722931532
48.45                                             0.10135368424324505
48.5                                              0.09052200632685545
48.550000000000004                                0.0819000991787064
48.6                                              0.07580731706374096
48.65                                             0.07481077888047852
48.699999999999996                                0.12619192028157292
48.75                                             0.09634199963716888
48.800000000000004                                0.07780265519323211
48.85                                             0.07379675591758111
48.9                                              0.07316483607225391
48.95                                             0.07406062322101216
49.00000000000001                                 0.07592338839387207
49.050000000000004                                0.07850936950186879
49.1                                              0.08168536901717521
49.150000000000006                                0.08536669658813151
49.2                                              0.08949367095968588
49.25                                             0.09402110076092188
49.3                                              0.09891292835669874
49.35                                             0.10413922814414299
49.400000000000006                                0.10967441437790461
49.45                                             0.1154960278191826
49.5                                              0.1215840169222274
49.55                                             0.12792016745445026
49.6                                              0.13448772268676973
49.650000000000006                                0.141271104788774
49.7                                              0.14825570772707727
49.75                                             0.1554277419899581
49.8                                              0.16277411694392102
49.85                                             0.17028235097340433
49.9                                              0.17794050240590636
49.949999999999996                                0.1857371161487144
50                                                0.1936611822966193
50.050000000000004                                0.20170210390958992
50.1                                              0.20984967183616896
50.15                                             0.21809404495675552
50.2                                              0.22642573458309456
50.25000000000001                                 0.23483559203524904
50.300000000000004                                0.24331479862339195
50.349999999999994                                0.251854857427852
50.4                                              0.2604475863982057
50.45                                             0.2690851123921055
50.5                                              0.2777598658551117
50.55                                             0.2864645759069812
50.6                                              0.2951922656511121
50.650000000000006                                0.30393624756576315
50.7                                              0.3126901188708037
50.75                                             0.32144775678879745
50.800000000000004                                0.33020331364653355
50.85                                             0.3389512117757135
50.9                                              0.3476861381936155
50.949999999999996                                0.35640303905006876
51                                                0.3650971138404511
51.050000000000004                                0.37376380939371684
51.1                                              0.38239881364627787
51.15                                             0.39099804922070613
51.2                                              0.3995576668301279
51.25000000000001                                 0.408074038533617
51.300000000000004                                0.4165437508650208
51.35                                             0.4249635978655201
51.400000000000006                                0.43333057404294645
51.45                                             0.4416418672859013
51.5                                              0.4498948517585959
51.55                                             0.4580870808005786
51.6                                              0.4662162798544547
51.650000000000006                                0.47428033944496867
51.7                                              0.4822773082284362
51.75                                             0.49020538613189735
51.8                                              0.4980629175994334
51.85                                             0.5058483849603128
51.900000000000006                                0.5135604019327162
51.95                                             0.5211977072737476
52                                                0.5287591585880729
52.05                                             0.5362437263010944
52.1                                              0.5436504878043782
52.15                                             0.5509786217802035
52.199999999999996                                0.5582274027068895
52.25                                             0.5653961955489804
52.300000000000004                                0.5724844506345285
52.35                                             0.5794916987192175
52.4                                              0.586417546237468
52.45                                             0.5932616707397406
52.50000000000001                                 0.6000238165138303
52.550000000000004                                0.6067037903889984
52.599999999999994                                0.6133014577190024
52.65                                             0.6198167385412149
52.7                                              0.6262496039092815
52.75                                             0.6326000723943817
52.8                                              0.6388682067520389
52.85                                             0.6450541107505684
52.900000000000006                                0.65115792615653
52.95                                             0.6571798298740603
53                                                0.663120031232999
53.050000000000004                                0.668978769423401
53.1                                              0.6747563110709758
53.15                                             0.6804529479509429
53.199999999999996                                0.6860689948358384
53.25                                             0.691604787474406
53.300000000000004                                0.6970606806975881
53.35                                             0.7024370466493214
53.4                                              0.7077342731374443
53.45                                             0.7129527621039751
53.50000000000001                                 0.7180929282140648
53.550000000000004                                0.723155197586586
53.6                                              0.7281400049712639
53.65                                             0.7330477994449494
53.7                                              0.7378790315475796
53.75                                             0.7426341627576424
53.8                                              0.7473136603717362
53.849999999999994                                0.7519179974808138
53.900000000000006                                0.7564476522825702
53.95                                             0.7609031073892503
54                                                0.7652848498061652
54.05                                             0.7695933703851785
54.10000000000001                                 0.7738291635129741
54.150000000000006                                0.7779927269213283
54.2                                              0.7820845615537854
54.25                                             0.7861051714931544
54.300000000000004                                0.7900550639484294
54.35                                             0.7939347492566262
54.4                                              0.797744741105378
54.449999999999996                                0.8014855565208486
54.50000000000001                                 0.8051577160981773
54.550000000000004                                0.8087617442467873
54.6                                              0.8122981694202405
54.65                                             0.8157675243923499
54.70000000000001                                 0.8191703465545859
54.75000000000001                                 0.8225071782288211
54.800000000000004                                0.8257785669918687
54.849999999999994                                0.8289850660058492
54.900000000000006                                0.8321272343497181
54.95                                             0.8352056373464676
55                                                0.8382208468824103
55.05                                             0.8411734417141519
55.10000000000001                                 0.8440640077581144
55.150000000000006                                0.8468931383592024
55.2                                              0.8496614345337749
55.25                                             0.8523695051841362
55.3                                              0.8550179672810182
55.35                                             0.8576074460120297
55.4                                              0.8601385748924756
55.449999999999996                                0.8626119958371753
55.49999999999999                                 0.8650283591909472
55.550000000000004                                0.8673883237167964
55.6                                              0.8696925565402324
55.65                                             0.8719417330494804
55.699999999999996                                0.8741365367515087
55.75000000000001                                 0.8762776590838276
55.800000000000004                                0.878365799182357
55.85                                             0.8804016636070551
55.9                                              0.8823859660257317
55.95                                             0.8843194268582178
56                                                0.8862027728823723
56.05                                             0.8880367368044685
56.099999999999994                                0.8898220567962162
56.150000000000006                                0.8915594760010497
56.2                                              0.8932497420126888
56.25                                             0.8948936063289524
56.3                                              0.8964918237840185
56.35000000000001                                 0.898045151962346
56.400000000000006                                0.8995543505977814
56.45                                             0.9010201809611822
56.5                                              0.9024434052399808
56.550000000000004                                0.9038247859129444
56.6                                              0.9051650851240023
56.65                                             0.9064650640576332
56.699999999999996                                0.9077254823198968
56.75000000000001                                 0.9089470973273837
56.800000000000004                                0.910130663707532
56.85                                             0.9112769327129518
56.9                                              0.9123866516518964
56.95000000000001                                 0.913460563338021
57.00000000000001                                 0.9144994055609966
57.050000000000004                                0.9155039105798946
57.099999999999994                                0.9164748046415134
57.150000000000006                                0.9174128075244845
57.2                                              0.9183186321109583
57.25                                             0.9191929839861788
57.3                                              0.9200365610673152
57.35000000000001                                 0.9208500532614216
57.400000000000006                                0.9216341421531599
57.45                                             0.9223895007219902
57.5                                              0.9231167930886364
57.55000000000001                                 0.9238166742903936
57.6                                              0.9244897900843386
57.65                                             0.92513677677797
57.699999999999996                                0.9257582610855721
57.74999999999999                                 0.9263548600094873
57.800000000000004                                0.9269271807446289
57.85                                             0.9274758206045709
57.9                                              0.9280013669675854
57.949999999999996                                0.928504397240797
58.00000000000001                                 0.9289854788402031
58.050000000000004                                0.9294451691848131
58.1                                              0.929884015702653
58.15                                             0.9303025558464096
58.2                                              0.9307013171166107
58.25                                             0.9310808170899985
58.3                                              0.931441563451056
58.349999999999994                                0.9317840540242749
58.400000000000006                                0.9321087768051598
58.45                                             0.9324162099877848
58.5                                              0.9327068219868708
58.55                                             0.9329810714524595
58.60000000000001                                 0.9332394072753055
58.650000000000006                                0.933482268581196
58.7                                              0.9337100847128367
58.75                                             0.9339232751977544
58.800000000000004                                0.934122249701009
58.85                                             0.9343074079616829
58.9                                              0.9344791397123942
58.949999999999996                                0.9346378245811313
59.00000000000001                                 0.9347838319749432
59.050000000000004                                0.9349175209453576
59.1                                              0.9350392400356711
59.15                                             0.9351493271101765
59.20000000000001                                 0.9352481091660504
59.25000000000001                                 0.9353359021286248
59.300000000000004                                0.9354130106310451
59.349999999999994                                0.9354797277797444
59.400000000000006                                0.9355363349069
59.45                                             0.9355831013117741
59.5                                              0.9356202839925701
59.55                                             0.935648127370547
59.60000000000001                                 0.9356668630090536
59.650000000000006                                0.9356767093298992
59.7                                              0.9356778713311131
59.75                                             0.9356705403101765
59.80000000000001                                 0.9356548935965734
59.85                                             0.9356310942969985
59.9                                              0.9355992910549351
59.949999999999996                                0.9355596178269073
59.99999999999999                                 0.9355121936781691
60.050000000000004                                0.9354571226018258
60.1                                              0.9353944933656919
60.15                                             0.9353243793915801
60.199999999999996                                0.9352468386703912
60.25000000000001                                 0.9351619137154512
60.300000000000004                                0.9350696315576268
60.35                                             0.9349700037853023
60.4                                              0.9348630266333329
60.45                                             0.9347486811250747
60.5                                              0.9346269332732571
60.55                                             0.9344977343446378
60.599999999999994                                0.9343610211855545
60.650000000000006                                0.9342167166628601
60.7                                              0.9340647297617922
60.75                                             0.9339049563622197
60.8                                              0.9337372797963075
60.85000000000001                                 0.9335615713205828
60.900000000000006                                0.9333776909100143
60.95                                             0.933185488000461
61                                                0.9329848022944435
61.050000000000004                                0.9327754646323034
61.1                                              0.9325572979290223
61.15                                             0.9323301181756075
61.199999999999996                                0.9320937354618067
61.25000000000001                                 0.9318479548055381
61.300000000000004                                0.9315925774938968
61.35                                             0.9313274031081342
61.4                                              0.9310522297451556
61.45000000000001                                 0.9307668552901966
61.50000000000001                                 0.9304710785399998
61.550000000000004                                0.9301646885096074
61.599999999999994                                0.929847539883794
61.650000000000006                                0.9295193916455486
61.7                                              0.9291800809601252
61.75                                             0.9288294354833521
61.8                                              0.9284672921345883
61.85000000000001                                 0.9280934990185374
61.900000000000006                                0.9277079168147239
61.95                                             0.9273104201425474
62                                                0.9269008988990833
62.05000000000001                                 0.9264792595602744
62.1                                              0.9260454264355855
62.15                                             0.9255993428676306
62.199999999999996                                0.9251409723672013
62.24999999999999                                 0.9246702996750383
62.300000000000004                                0.9241873317408756
62.35                                             0.9236920986109513
62.4                                              0.9231846542146164
62.449999999999996                                0.922665077041588
62.50000000000001                                 0.922133470700794
62.550000000000004                                0.9215899643526888
62.6                                              0.921034713007229
62.65                                             0.9204678976800975
62.7                                              0.9198897254003966
62.75                                             0.9193004290642831
62.8                                              0.9187002671291113
62.849999999999994                                0.9180895231445868
62.900000000000006                                0.9174685051177391
62.95                                             0.9168375447104671
63                                                0.9161969962693355
63.05                                             0.9155472356889434
63.10000000000001                                 0.9148886591118459
63.150000000000006                                0.9142216814692982
63.2                                              0.9135467348691544
63.25                                             0.9128642668387347
63.300000000000004                                0.9121747384321723
63.35                                             0.9114786222136397
63.4                                              0.9107764001290801
63.449999999999996                                0.9100685612812713
63.50000000000001                                 0.9093555996238785
63.550000000000004                                0.9086380115917786
63.6                                              0.9079162936861658
63.65                                             0.9071909400337776
63.70000000000001                                 0.9064624399403914
63.75000000000001                                 0.9057312754593068
63.800000000000004                                0.9049979189958749
63.849999999999994                                0.9042628309691743
63.900000000000006                                0.9035264575511914
63.95                                             0.9027892285047191
64                                                0.9020515551385544
64.05                                             0.901313828399206
64.10000000000001                                 0.9005764171158589
64.15                                             0.8998396664150925
64.2                                              0.8991038963182498
64.25                                             0.8983694005348465
64.30000000000001                                 0.8976364454609469
64.35000000000001                                 0.8969052693914411
64.4                                              0.896176081950878
64.45                                             0.8954490637468301
64.50000000000001                                 0.8947243662462059
64.55000000000001                                 0.8940021118732885
64.60000000000001                                 0.8932823943258098
64.65                                             0.8925652791022444
64.7                                              0.8918508042330394
64.75                                             0.8911389812046692
64.8                                              0.8904297960644421
64.85                                             0.8897232106922355
64.89999999999999                                 0.8890191642226423
64.95                                             0.8883175746017198
65                                                0.8876183402580613
65.05                                             0.8869213418703936
65.1                                              0.8862264442100126
65.15                                             0.8855334980375092
65.2                                              0.8848423420317623
65.25                                             0.884152804729191
65.3                                              0.8834647064512368
65.35000000000001                                 0.8827778611973539
65.4                                              0.8820920784820009
65.45                                             0.8814071650934331
65.5                                              0.8807229267535749
65.55000000000001                                 0.8800391696582197
65.60000000000001                                 0.879355701878164
65.65                                             0.8786723346027967
65.7                                              0.8779888832091058
65.75                                             0.8773051681402433
65.8                                              0.8766210155799629
65.85                                             0.8759362579108343
65.89999999999999                                 0.8752507339462412
65.95                                             0.8745642889287754
66                                                0.8738767742903347
66.05                                             0.8731880471713714
66.1                                              0.8724979697006658
66.15                                             0.871806408039441
66.2                                              0.871113231197491
66.25                                             0.8704183096322434
66.3                                              0.8697215136451497
66.35000000000001                                 0.869022711593932
66.4                                              0.8683217679420601
66.45                                             0.8676185411711821
66.5                                              0.8669128815847622
66.55000000000001                                 0.8662046290350499
66.60000000000001                                 0.8654936106081378
66.65                                             0.8647796383041566
66.7                                              0.8640625067518483
66.75000000000001                                 0.8633419909987365
66.80000000000001                                 0.8626178444182235
66.85000000000001                                 0.8618897967762609
66.9                                              0.861157552499427
66.95                                             0.8604207891854261
67                                                0.859679156395726
67.05                                             0.8589322747674024
67.1                                              0.8581797354788482
67.14999999999999                                 0.8574211001001903
67.2                                              0.8566559008558955
67.25                                             0.8558836413220056
67.3                                              0.8551037975766903
67.35                                             0.854315819816879
67.4                                              0.8535191344497755
67.45                                             0.8527131466620825
67.5                                              0.8518972434652203
67.55                                             0.8510707972091978
67.60000000000001                                 0.850233169551253
67.65                                             0.8493837158350293
67.7                                              0.8485217906654496
67.75                                             0.8476467506778561
67.80000000000001                                 0.8467579637068177
67.85000000000001                                 0.8458548123172189
67.9                                              0.8449367007101942
67.95                                             0.8440030612986935
68                                                0.843053361474779
68.05                                             0.8420871106021991
68.1                                              0.8411038672020794
68.14999999999999                                 0.8401032461774443
68.2                                              0.8390849260180566
68.25                                             0.838048656248033
68.3                                              0.8369942647809976
68.35                                             0.8359216651059058
68.4                                              0.8348308633427274
68.45                                             0.8337219650904865
68.5                                              0.8325951819881012
68.55                                             0.8314508379095905
68.60000000000001                                 0.8302893747105939
68.65                                             0.829111357437105
68.7                                              0.827917478901192
68.75                                             0.8267085635204029
68.80000000000001                                 0.8254855703137757
68.85000000000001                                 0.8242495949400703
68.9                                              0.8230018706637643
68.95                                             0.8217437681398732
69.00000000000001                                 0.8204767938343703
69.05000000000001                                 0.8192025870758153
69.10000000000001                                 0.8179229155186251
69.15                                             0.8166396689588076
69.2                                              0.8153548513990979
69.25                                             0.8140705712830164
69.3                                              0.8127890298362955
69.35                                             0.8115125074812531
69.39999999999999                                 0.8102433483146336
69.45                                             0.8089839426761481
69.5                                              0.8077367078687261
69.55                                             0.806504067133024
69.6                                              0.8052884270224402
69.65                                             0.8040921533671056
69.7                                              0.8029175460629125
69.75                                             0.8017668129631751
69.8                                              0.8006420431934755
69.85000000000001                                 0.7995451802467132
69.9                                              0.7984779952481107
69.95                                             0.7974420608023606
70                                                0.7964387258521867
70.05000000000001                                 0.7954690919832358
70.10000000000001                                 0.7945339916036229
70.15                                             0.793633968411324
70.2                                              0.7927692605339786
70.25                                             0.7919397866867206
70.3                                              0.7911451356443997
70.35                                             0.790384559266795
70.39999999999999                                 0.7896569692502573
70.45                                             0.7889609377088109
70.5                                              0.7882947016152043
70.55                                             0.7876561710604988
70.6                                              0.7870429412183779
70.65                                             0.7864523078364497
70.7                                              0.7858812860173744
70.75                                             0.7853266320021615
70.8                                              0.7847848676292596
70.85000000000001                                 0.78425230711368
70.9                                              0.7837250857735132
70.95                                             0.7831991903266167
71                                                0.7826704903849762
71.05000000000001                                 0.7821347707908259
71.10000000000001                                 0.7815877644639568
71.15                                             0.7810251854597023
71.2                                              0.7804427619774045
71.25000000000001                                 0.7798362690979881
71.30000000000001                                 0.7792015610728729
71.35000000000001                                 0.7785346030289724
71.4                                              0.7778315019939125
71.45                                             0.7770885371830277
71.5                                              0.7763021895195253
71.55                                             0.7754691703843386
71.6                                              0.7745864496079774
71.64999999999999                                 0.7736512827250622
71.7                                              0.7726612375103179
71.75                                             0.7716142198032271
71.8                                              0.7705084986079634
71.85                                             0.769342730422889
71.9                                              0.7681159827138264
71.95                                             0.766827756394751
72                                                0.7654780071210258
72.05                                             0.7640671651358427
72.10000000000001                                 0.7625961533386914
72.15                                             0.761066403172044
72.2                                              0.7594798678473581
72.25                                             0.7578390323586688
72.30000000000001                                 0.7561469196682984
72.35000000000001                                 0.754407092390376
72.4                                              0.7526236492597362
72.45                                             0.75080121565042
72.5                                              0.7489449274121949
72.55                                             0.747060407325934
72.6                                              0.7451537335456856
72.64999999999999                                 0.7432313994993925
72.7                                              0.7413002648653115
72.75                                             0.739367497424972
72.8                                              0.7374405058201993
72.85                                             0.7355268635003988
72.9                                              0.7336342244369437
72.95                                             0.7317702314906473
73                                                0.7299424186352392
73.05                                             0.7281581085517757
73.10000000000001                                 0.7264243073964918
73.15                                             0.7247475987935124
73.2                                              0.7231340392978716
73.25                                             0.7215890576963432
73.30000000000001                                 0.7201173605503832
73.35000000000001                                 0.718722846335084
73.4                                              0.7174085303761896
73.45                                             0.7161764825481511
73.50000000000001                                 0.7150277793667953
73.55000000000001                                 0.7139624717112479
73.60000000000001                                 0.7129795689595521
73.65                                             0.7120770398338079
73.7                                              0.711251829763671
73.75                                             0.7104998940980913
73.8                                              0.7098162460638566
73.85                                             0.7091950179913763
73.89999999999999                                 0.7086295340333024
73.95                                             0.7081123923870554
74                                                0.7076355549138784
74.05                                             0.7071904420210203
74.1                                              0.7067680307304472
74.15                                             0.7063589539960295
74.2                                              0.7059535995301643
74.25                                             0.7055422066529108
74.3                                              0.7051149599593851
74.35000000000001                                 0.7046620789038978
74.4                                              0.7041739027088918
74.45                                             0.7036409702994482
74.5                                              0.7030540952461409
74.55000000000001                                 0.7024044359467569
74.60000000000001                                 0.7016835614906628
74.65                                             0.7008835138261452
74.7                                              0.6999968669806166
74.75                                             0.6990167841741762
74.8                                              0.6979370737055683
74.85                                             0.6967522444896836
74.89999999999999                                 0.6954575620735696
74.95                                             0.6940491058632802
75                                                0.6925238281496772
