25                                                0.32870192448855895
25.05                                             0.3284958230958488
25.1                                              0.32828811436773037
25.150000000000002                                0.3280788184018584
25.2                                              0.32786795699654725
25.25                                             0.32765555365254356
25.3                                              0.32744163357013545
25.35                                             0.3272262236405638
25.400000000000002                                0.3270093524326486
25.45                                             0.3267910501750995
25.5                                              0.32657134873478777
25.55                                             0.3263502815911849
25.6                                              0.32612788380765784
25.650000000000002                                0.3259041919996719
25.700000000000003                                0.3256792442978912
25.75                                             0.3254530803027001
25.8                                              0.32522574099190354
25.85                                             0.324997268782349
25.900000000000002                                0.3247677073264537
25.950000000000003                                0.3245371014127985
26                                                0.3243054974148378
26.05                                             0.3240729424981044
26.099999999999998                                0.32383948491982584
26.150000000000002                                0.3236051738947135
26.2                                              0.3233700595901652
26.25                                             0.32313419307891894
26.299999999999997                                0.3228976259966502
26.349999999999998                                0.32266041054795985
26.4                                              0.3224225994549605
26.45                                             0.32218424560544756
26.5                                              0.32194540332363447
26.55                                             0.3217061262381261
26.599999999999998                                0.3214664677315487
26.65                                             0.32122648030664797
26.7                                              0.32098622041245395
26.75                                             0.3207457398066972
26.8                                              0.32050509179726033
26.85                                             0.32026432902506397
26.9                                              0.32002350351872716
26.95                                             0.3197826665949178
27                                                0.3195418687462608
27.05                                             0.3193011595285848
27.1                                              0.3190605874489343
27.15                                             0.31882019985496723
27.2                                              0.3185800428258478
27.25                                             0.3183401610649205
27.3                                              0.3181005977951644
27.35                                             0.3178613946579235
27.400000000000002                                0.31762259161605383
27.45                                             0.3173842268617323
27.5                                              0.31714633673124504
27.55                                             0.3169089556311238
27.6                                              0.3166721159812421
27.650000000000002                                0.31643584814980014
27.7                                              0.31620018033192737
27.75                                             0.3159651384628074
27.8                                              0.31573074623038844
27.85                                             0.3154970250592046
27.900000000000002                                0.3152639938659597
27.950000000000003                                0.31503166595612253
28                                                0.3148000660636904
28.05                                             0.314569197008426
28.1                                              0.31433907069079975
28.150000000000002                                0.3141096945620131
28.200000000000003                                0.31388107356019523
28.25                                             0.3136532102519228
28.3                                              0.31342610487838085
28.349999999999998                                0.3131997553941688
28.400000000000002                                0.312974157509378
28.45                                             0.31274930473664797
28.500000000000004                                0.3125251884436137
28.549999999999997                                0.3123017979101175
28.6                                              0.3120791203897488
28.65                                             0.311857141175119
28.700000000000003                                0.3116358436660306
28.75                                             0.3114152094397475
28.8                                              0.31119521832263125
28.849999999999998                                0.310975848462175
28.900000000000002                                0.31075707639841327
28.95                                             0.31053887713382233
29.000000000000004                                0.3103212242007974
29.05                                             0.31010408972536696
29.1                                              0.30988744448641536
29.15                                             0.30967125796916056
29.200000000000003                                0.3094554984118773
29.25                                             0.30924013284486745
29.300000000000004                                0.30902512712055946
29.35                                             0.30881044593388834
29.400000000000002                                0.3085960528318259
29.45                                             0.30838191021132766
29.499999999999996                                0.3081679793048321
29.55                                             0.3079542201525025
29.600000000000005                                0.3077405915607538
29.650000000000002                                0.30752705104618533
29.699999999999996                                0.3073135547649369
29.75                                             0.3071000574268308
29.800000000000004                                0.3068865121943375
29.85                                             0.30667287056636267
29.9                                              0.30645908224698354
29.95                                             0.3062450949995821
29.999999999999996                                0.3060308544868525
30.05                                             0.3058163040975817
30.099999999999998                                0.30560138476094145
30.150000000000002                                0.30538603474975407
30.2                                              0.30517018947393515
30.25                                             0.3049537812658216
30.299999999999997                                0.30473673915934385
30.35                                             0.3045189886648659
30.4                                              0.30430045154251
30.450000000000003                                0.30408104557605137
30.5                                              0.3038606843504083
30.55                                             0.3036392770356906
30.599999999999998                                0.30341672818113247
30.650000000000002                                0.30319293752196524
30.7                                              0.3029677998030983
30.750000000000004                                0.3027412046230128
30.799999999999997                                0.30251303630186
30.85                                             0.302283173777351
30.9                                              0.3020514905326677
30.950000000000003                                0.3018178545601002
31                                                0.3015821283645234
31.05                                             0.3013441690104807
31.099999999999998                                0.30110382821684406
31.150000000000002                                0.3008609525025148
31.2                                              0.3006153833868178
31.250000000000004                                0.30036695764780125
31.3                                              0.3001155076412572
31.35                                             0.29986086168354625
31.4                                              0.2996028445006637
31.450000000000003                                0.2993412777470252
31.5                                              0.29907598060231017
31.550000000000004                                0.29880677048188176
31.6                                              0.2985334641441719
31.650000000000002                                0.29825587176283974
31.7                                              0.2979738180403794
31.749999999999996                                0.29768711796623587
31.8                                              0.29739559059769666
31.850000000000005                                0.29709905979090945
31.900000000000002                                0.2967973537852247
31.949999999999996                                0.29649030644481766
32                                                0.29617775838542587
32.050000000000004                                0.29585955818304344
32.1                                              0.29553556371195094
32.15                                             0.29520564341774763
32.2                                              0.29486967752639315
32.25000000000001                                 0.29452755926544755
32.300000000000004                                0.2941791960872046
32.35                                             0.29382451086706096
32.4                                              0.293463443058439
32.45                                             0.29309594978964143
32.5                                              0.2927220068885882
32.55                                             0.2923416098222138
32.6                                              0.29195477453695573
32.65                                             0.29156153818572567
32.7                                              0.2911619597261669
32.75                                             0.29075612037569015
32.800000000000004                                0.2903441239103067
32.85                                             0.28992609679526854
32.9                                              0.2895021881351106
32.949999999999996                                0.2890725694240024
33                                                0.28863743408009535
33.05                                             0.28819699653730724
33.1                                              0.2877514920903388
33.15                                             0.2873011746836843
33.2                                              0.2868463164663865
33.25                                             0.2863872060962539
33.300000000000004                                0.2859241465325717
33.35                                             0.2854574533276882
33.400000000000006                                0.28498745233872447
33.45                                             0.28451447737041113
33.5                                              0.2840388675234031
33.55                                             0.28356096391400015
33.6                                              0.28308110700123557
33.65                                             0.28259963377678393
33.7                                              0.28211687441235916
33.75                                             0.2816331489884502
33.8                                              0.28114876328468996
33.85                                             0.2806640074270017
33.900000000000006                                0.2801791518992183
33.95                                             0.27969443238708547
34                                                0.2792100942698074
34.05                                             0.2787263070290819
34.1                                              0.2782432352927315
34.15                                             0.27776100418444855
34.199999999999996                                0.27727970240350003
34.25                                             0.27679938071621535
34.300000000000004                                0.27632005074334887
34.35                                             0.2758416842002329
34.4                                              0.27536421264591004
34.45                                             0.2748875277817572
34.50000000000001                                 0.2744114823335919
34.550000000000004                                0.2739358915444919
34.6                                              0.27346053529890463
34.65                                             0.2729851608908011
34.7                                              0.2725094864388251
34.75                                             0.2720332049419133
34.8                                              0.2715559889579549
34.85                                             0.2710774958773841
34.9                                              0.270597373750164
34.95                                             0.270115267609954
35                                                0.269630826225271
35.050000000000004                                0.2691437092284311
35.1                                              0.26865359460517113
35.15                                             0.2681601863810746
35.199999999999996                                0.267663222266894
35.25                                             0.2671624812598502
35.3                                              0.2666577911502959
35.35                                             0.26614903543003315
35.4                                              0.2656361603445394
35.45                                             0.26511918366864623
35.5                                              0.26459819378032284
35.550000000000004                                0.2640733605365203
35.6                                              0.2635449364202023
35.650000000000006                                0.2630132593633965
35.7                                              0.2624787540715231
35.75                                             0.2619419319431638
35.8                                              0.26140338949186365
35.85                                             0.2608638051739809
35.9                                              0.26032393454055475
35.95                                             0.25978460364966416
36                                                0.2592467006967306
36.050000000000004                                0.25871116584533643
36.1                                              0.2581789792676702
36.150000000000006                                0.25765114743507905
36.2                                              0.2571286877313793
36.25                                             0.2566126114981483
36.3                                              0.2561039056592451
36.35                                             0.25560351311255725
36.4                                              0.2551123121189928
36.449999999999996                                0.25463109496239494
36.5                                              0.2541605461972055
36.550000000000004                                0.25370122084422947
36.6                                              0.2532535229354565
36.65                                             0.2528176848473463
36.7                                              0.2523937478950826
36.75000000000001                                 0.2519815446874423
36.800000000000004                                0.2515806837608856
36.849999999999994                                0.25119053702071054
36.9                                              0.2508102305146898
36.95                                             0.2504386390487933
37                                                0.2500743851246343
37.05                                             0.24971584263133909
37.1                                              0.24936114566305895
37.150000000000006                                0.24900820275249808
37.2                                              0.2486547167165253
37.25                                             0.24829821019785658
37.300000000000004                                0.2479360568631221
37.35                                             0.24756551808114893
37.4                                              0.2471837847625598
37.449999999999996                                0.24678802389239202
37.5                                              0.2463754291392909
37.55                                             0.24594327477899888
37.6                                              0.2454889720322097
37.65                                             0.24501012679109735
37.7                                              0.24450459759789736
37.75                                             0.24397055264711368
37.800000000000004                                0.2434065245111224
37.85                                             0.2428114612408121
37.900000000000006                                0.24218477246651676
37.95                                             0.24152636912320893
38                                                0.2408366954443038
38.05                                             0.24011675191192564
38.1                                              0.2393681079167082
38.15                                             0.23859290296530228
38.2                                              0.23779383538146534
38.25                                             0.2369741375758165
38.300000000000004                                0.23613753711328875
38.35                                             0.23528820298980657
38.400000000000006                                0.23443067674631482
38.45                                             0.23356978830487446
38.5                                              0.23271055671692056
38.55                                             0.23185807637473144
38.6                                              0.2310173896635855
38.65                                             0.23019334752604736
38.699999999999996                                0.2293904599786872
38.75                                             0.22861273925811823
38.800000000000004                                0.22786353897162664
38.85                                             0.22714539336676495
38.9                                              0.22645986158663395
38.95                                             0.2258073825017368
39.00000000000001                                 0.2251871463522289
39.050000000000004                                0.22459698993338018
39.099999999999994                                0.22403332234056852
39.15                                             0.22349108828367767
39.2                                              0.222963775613763
39.25                                             0.22244347292169617
39.3                                              0.22192098183873746
39.35                                             0.22138598704565207
39.400000000000006                                0.22082728324997328
39.45                                             0.22023304941659663
39.5                                              0.2195912343531508
39.550000000000004                                0.21888985876487274
39.6                                              0.21811749125158758
39.65                                             0.21726366696001442
39.699999999999996                                0.2163193344246277
39.75                                             0.21527729292371575
39.800000000000004                                0.21413260455383912
39.85                                             0.21288296474669258
39.9                                              0.21152901554561293
39.95                                             0.21007458675948798
40.00000000000001                                 0.20852685192931986
40.050000000000004                                0.20689638810826735
40.1                                              0.20519713010477736
40.15                                             0.20344621128971188
40.2                                              0.2016636842670543
40.25                                             0.19987211558215826
40.3                                              0.1980960493174582
40.349999999999994                                0.1963613352035021
40.4                                              0.1946943182262569
40.45                                             0.19312088928379448
40.5                                              0.19166540101998533
40.55                                             0.1903494604068435
40.6                                              0.18919062077634444
40.650000000000006                                0.1882010114030877
40.7                                              0.18738596248639117
40.75                                             0.18674270669307194
40.8                                              0.18625926329772638
40.85                                             0.18591363387538362
40.9                                              0.18567345437337082
40.949999999999996                                0.18549625119527471
41                                                0.18533042925739157
41.050000000000004                                0.18511708760176668
41.1                                              0.1847926683667302
41.15                                             0.18429238309208543
41.2                                              0.18355423296812826
41.25000000000001                                 0.1825233575881152
41.300000000000004                                0.18115636939793833
41.349999999999994                                0.17942530354554773
41.4                                              0.17732083719838757
41.45                                             0.17485450817732037
41.5                                              0.17205977518482504
41.55                                             0.16899188688263977
41.6                                              0.16572664081815092
41.650000000000006                                0.16235817898166377
41.7                                              0.15899597369112725
41.75                                             0.1557610983369956
41.800000000000004                                0.1527817489867636
41.85                                             0.15018779472613786
41.9                                              0.14810395329402953
41.949999999999996                                0.14664093309540996
42                                                0.14588391063953596
42.050000000000004                                0.14587771322709492
42.1                                              0.1466090424086551
42.15                                             0.14798720100851073
42.2                                              0.14982733215679744
42.25000000000001                                 0.15184291431920036
42.300000000000004                                0.15365626733015234
42.35                                             0.154834663611486
42.400000000000006                                0.1549531063025002
42.45                                             0.1536733676308606
42.5                                              0.1508176622680382
42.55                                             0.14641250966423414
42.599999999999994                                0.14068848652179547
42.65                                             0.13404009796817773
42.7                                              0.12696578561375388
42.75                                             0.12001275102277198
42.8                                              0.11374512218304413
42.85                                             0.10874310182101805
42.900000000000006                                0.10562911784799485
42.95                                             0.10509915613912753
43                                                0.10789020928974756
43.05                                             0.11449358732181818
43.1                                              0.12425442347103069
43.15                                             0.13386444845388598
43.199999999999996                                0.13746061524351538
43.25                                             0.13141489929276645
43.300000000000004                                0.11848920342346246
43.35                                             0.10418437402895053
43.4                                              0.09196510659408119
43.45                                             0.08294118928072375
43.50000000000001                                 0.07821721685357078
43.550000000000004                                0.10730562944162822
43.599999999999994                                0.10057957871762432
43.65                                             0.08122946722751369
43.7                                              0.07815666998833741
43.75                                             0.07847834838989895
43.8                                              0.08038817844128236
43.85                                             0.08334466587233469
43.900000000000006                                0.0871043789414688
43.95                                             0.09152847883991587
44                                                0.09652527842992062
44.050000000000004                                0.10202820261580753
44.1                                              0.10798565842980863
44.15                                             0.11435572900100942
44.199999999999996                                0.12110311581121352
44.25                                             0.1281972482350702
44.300000000000004                                0.1356110519004917
44.35                                             0.14332011385024734
44.4                                              0.15130209919166232
44.45                                             0.15953633371664194
44.50000000000001                                 0.1680034996706299
44.550000000000004                                0.17668541072128932
44.6                                              0.18556484356882158
44.650000000000006                                0.19462541078797518
44.7                                              0.20385146411156566
44.75                                             0.21322802045033318
44.8                                              0.22274070503641075
44.849999999999994                                0.23237570754692047
44.9                                              0.24211974809493098
44.95                                             0.25196005073110717
45                                                0.26188432264581973
45.05                                             0.2718807376735935
45.1                                              0.281937923010287
45.150000000000006                                0.29204494829193484
45.2                                              0.3021913163665517
45.25                                             0.3123669552342799
45.3                                              0.32256221074576463
45.35                                             0.33276783973820995
45.4                                              0.3429750033625437
45.449999999999996                                0.35317526041366043
45.5                                              0.3633605605250412
45.550000000000004                                0.37352323712578006
45.6                                              0.3836560000932417
45.65                                             0.3937519280584556
45.7                                              0.40380446034426193
45.75000000000001                                 0.41380738853188254
45.800000000000004                                0.4237548476679597
45.849999999999994                                0.433641307131948
45.9                                              0.4434615611952636
45.95                                             0.45321071930849294
46                                                0.4628841961569187
46.05                                             0.47247770153053337
46.1                                              0.48198723005243094
46.150000000000006                                0.4914090508150551
46.2                                              0.500739696968184
46.25                                             0.509975955306914
46.300000000000004                                0.519114855901849
46.35                                             0.5281536618141258
46.4                                              0.5370898589345204
46.449999999999996                                0.5459211459828358
46.5                                              0.5546454247010487
46.550000000000004                                0.5632607902694332
46.6                                              0.5717655219735078
46.65                                             0.5801580741434238
46.7                                              0.5884370673864755
46.75000000000001                                 0.5966012801282157
46.800000000000004                                0.6046496404760366
46.85                                             0.612581218413983
46.900000000000006                                0.6203952183363383
46.95                                             0.6280909719234731
47                                                0.6356679313614775
47.05                                             0.643125662903716
47.1                                              0.6504638407717964
47.15                                             0.6576822413885579
47.2                                              0.6647807379378733
47.25                                             0.671759295239733
47.3                                              0.6786179649316497
47.35                                             0.6853568809434648
47.400000000000006                                0.6919762552536506
47.45                                             0.6984763739120218
47.5                                              0.7048575933154232
47.55                                             0.7111203367212792
47.6                                              0.7172650909831498
47.65                                             0.7232924034935599
47.699999999999996                                0.7292028793183196
47.75                                             0.7349971785069349
47.800000000000004                                0.7406760135638961
47.85                                             0.746240147066355
47.9                                              0.7516903894134207
47.95                                             0.7570275966936462
48.00000000000001                                 0.7622526686570475
48.050000000000004                                0.7673665467794499
48.099999999999994                                0.7723702124080858
48.15                                             0.7772646849821344
48.2                                              0.782051020216191
48.25                                             0.7867303086604993
48.3                                              0.7913036738056292
48.35                                             0.7957722705821936
48.400000000000006                                0.800137283799278
48.45                                             0.8043999265715817
48.5                                              0.8085614387785818
48.550000000000004                                0.8126230855350414
48.6                                              0.8165861556687047
48.65                                             0.8204519602016225
48.699999999999996                                0.8242218308308582
48.75                                             0.8278971184107198
48.800000000000004                                0.8314791914360306
48.85                                             0.8349694345258237
48.9                                              0.8383692469059051
48.95                                             0.8416800408922884
49.00000000000001                                 0.8449032403765142
49.050000000000004                                0.8480402793158538
49.1                                              0.8510926002297102
49.150000000000006                                0.8540616527047686
49.2                                              0.8569488919100728
49.25                                             0.8597557771242782
49.3                                              0.8624837702780153
49.35                                             0.8651343345148229
49.400000000000006                                0.8677089327749498
49.45                                             0.8702090264052423
49.5                                              0.8726360737990104
49.55                                             0.8749915290687458
49.6                                              0.8772768407545782
49.650000000000006                                0.8794934505717801
49.7                                              0.881642792200566
49.75                                             0.8837262901207887
49.8                                              0.8857453584936955
49.85                                             0.8877014000890683
49.9                                              0.8895958052569174
49.949999999999996                                0.8914299509782927
50                                                0.8932051991448676
50.050000000000004                                0.8949228985546138
50.1                                              0.8965843796121014
50.15                                             0.898190957241438
50.2                                              0.8997439288430995
50.25000000000001                                 0.9012445737437131
50.300000000000004                                0.9026941526247205
50.349999999999994                                0.9040939071116363
50.4                                              0.905445059229142
50.45                                             0.9067488110299409
50.5                                              0.9080063444435814
50.55                                             0.9092188214289483
50.6                                              0.9103873834246172
50.650000000000006                                0.911513149983682
50.7                                              0.9125972191331323
50.75                                             0.9136406681108786
50.800000000000004                                0.9146445532672066
50.85                                             0.9156099098978239
50.9                                              0.9165377523076624
50.949999999999996                                0.9174290748070594
51                                                0.9182848498442655
51.050000000000004                                0.9191060265523865
51.1                                              0.9198935378006525
51.15                                             0.9206482915840322
51.2                                              0.9213711901832871
51.25000000000001                                 0.922063094716953
51.300000000000004                                0.9227248592977052
51.35                                             0.9233573175964104
51.400000000000006                                0.9239612837843587
51.45                                             0.9245375535061943
51.5                                              0.925086904225265
51.55                                             0.9256100955449177
51.6                                              0.9261078695245353
51.650000000000006                                0.9265809509895677
51.7                                              0.9270300478332615
51.75                                             0.9274558513074473
51.8                                              0.9278590362998869
51.85                                             0.9282402615960227
51.900000000000006                                0.9286001701229594
51.95                                             0.9289393891738639
52                                                0.9292585306111025
52.05                                             0.929558191046738
52.1                                              0.9298389519991799
52.15                                             0.9301013800251285
52.199999999999996                                0.9303460268261113
52.25                                             0.9305734293293294
52.300000000000004                                0.9307841097426629
52.35                                             0.9309785755840502
52.4                                              0.9311573196856947
52.45                                             0.9313208201738649
52.50000000000001                                 0.93146954042508
52.550000000000004                                0.9316039289996471
52.599999999999994                                0.9317244195529757
52.65                                             0.9318314307263794
52.7                                              0.9319253660221373
52.75                                             0.9320066136680035
52.8                                              0.9320755464701649
52.85                                             0.9321325216525137
52.900000000000006                                0.9321778806862143
52.95                                             0.9322119491151383
53                                                0.9322350363798183
53.050000000000004                                0.9322474356402101
53.1                                              0.9322494237861524
53.15                                             0.9322412606844025
53.199999999999996                                0.932223189848349
53.25                                             0.9321954378072537
53.300000000000004                                0.932158214089083
53.35                                             0.9321117111520547
53.4                                              0.9320561043193002
53.45                                             0.9319915517446102
53.50000000000001                                 0.9319181944110391
53.550000000000004                                0.9318361561653123
53.6                                              0.9317455437908249
53.65                                             0.931646447122109
53.7                                              0.9315389392033413
53.75                                             0.9314230764934427
53.8                                              0.9312988991198174
53.849999999999994                                0.9311664311828618
53.900000000000006                                0.9310256811128479
53.95                                             0.9308766420806129
54                                                0.9307192924632555
54.05                                             0.9305535963655843
54.10000000000001                                 0.9303795041978481
54.150000000000006                                0.9301969533098855
54.2                                              0.9300058686816055
54.25                                             0.9298061636691456
54.300000000000004                                0.9295977408059355
54.35                                             0.9293804926573339
54.4                                              0.9291543027273292
54.449999999999996                                0.9289190464152334
54.50000000000001                                 0.9286745920201124
54.550000000000004                                0.9284208017902073
54.6                                              0.92815753301435
54.65                                             0.9278846391518802
54.70000000000001                                 0.9276019709974548
54.75000000000001                                 0.9273093778765488
54.800000000000004                                0.9270067088673084
54.849999999999994                                0.9266938140441409
54.900000000000006                                0.9263705457378789
54.95                                             0.9260367598074748
55                                                0.9256923169176167
55.05                                             0.925337083816587
55.10000000000001                                 0.9249709346084918
55.150000000000006                                0.9245937520137631
55.2                                              0.9242054286117657
55.25                                             0.9238058680592441
55.3                                              0.9233949862782006
55.35                                             0.9229727126069087
55.4                                              0.9225389909076878
55.449999999999996                                0.9220937806251196
55.49999999999999                                 0.9216370577886367
55.550000000000004                                0.9211688159533141
55.6                                              0.9206890670731975
55.65                                             0.9201978423014493
55.699999999999996                                0.9196951927121206
55.75000000000001                                 0.9191811899385514
55.800000000000004                                0.9186559267238371
55.85                                             0.9181195173792026
55.9                                              0.91757209814661
55.95                                             0.9170138274623973
56                                                0.9164448861192651
56.05                                             0.9158654773245812
56.099999999999994                                0.9152758266533738
56.150000000000006                                0.9146761818952227
56.2                                              0.9140668127946522
56.25                                             0.9134480106853602
56.3                                              0.9128200880192598
56.35000000000001                                 0.9121833777918742
56.400000000000006                                0.9115382328661936
56.45                                             0.9108850251978001
56.5                                              0.9102241449645122
56.550000000000004                                0.9095559996043151
56.6                                              0.9088810127659972
56.65                                             0.9081996231770901
56.699999999999996                                0.9075122834343651
56.75000000000001                                 0.9068194587222148
56.800000000000004                                0.9061216254648293
56.85                                             0.9054192699179716
56.9                                              0.9047128867067169
56.95000000000001                                 0.9040029773151498
57.00000000000001                                 0.9032900485345979
57.050000000000004                                0.9025746108764643
57.099999999999994                                0.9018571769561211
57.150000000000006                                0.90113825985381
57.2                                              0.9004183714586352
57.25                                             0.8996980208015486
57.3                                              0.8989777123825784
57.35000000000001                                 0.8982579444980028
57.400000000000006                                0.8975392075721529
57.45                                             0.8968219824988629
57.5                                              0.8961067389969989
57.55000000000001                                 0.8953939339840348
57.6                                              0.8946840099719396
57.65                                             0.8939773934887698
57.699999999999996                                0.8932744935297066
57.74999999999999                                 0.8925757000405374
57.800000000000004                                0.8918813824368796
57.85                                             0.8911918881622481
57.9                                              0.8905075412877661
57.949999999999996                                0.8898286411567725
58.00000000000001                                 0.8891554610770658
58.050000000000004                                0.8884882470642459
58.1                                              0.8878272166393132
58.15                                             0.8871725576840229
58.2                                              0.88652442735785
58.25                                             0.8858829510806112
58.3                                              0.8852482215850309
58.349999999999994                                0.8846202980442447
58.400000000000006                                0.8839992052788214
58.45                                             0.8833849330493998
58.5                                              0.882777435440058
58.55                                             0.8821766303391662
58.60000000000001                                 0.8815823990235856
58.650000000000006                                0.880994585853379
58.7                                              0.8804129980834421
58.75                                             0.8798374057995737
58.800000000000004                                0.8792675419865233
58.85                                             0.8787031027442375
58.9                                              0.8781437475883552
58.949999999999996                                0.8775891000359313
59.00000000000001                                 0.8770387482042366
59.050000000000004                                0.8764922456541909
59.1                                              0.8759491123843491
59.15                                             0.8754088359983654
59.20000000000001                                 0.8748708730498373
59.25000000000001                                 0.8743346505673443
59.300000000000004                                0.8737995677610102
59.349999999999994                                0.873264997911257
59.400000000000006                                0.8727302904391698
59.45                                             0.8721947731562592
59.5                                              0.8716577546902572
59.55                                             0.8711185270820475
59.60000000000001                                 0.8705763685477952
59.650000000000006                                0.8700305463989327
59.7                                              0.8694803201110567
59.75                                             0.8689249445317354
59.80000000000001                                 0.8683636732156512
59.85                                             0.8677957618745268
59.9                                              0.8672204719282715
59.949999999999996                                0.8666370741425866
59.99999999999999                                 0.8660448523372267
60.050000000000004                                0.8654431071485121
60.1                                              0.8648311598285392
60.15                                             0.8642083560632182
60.199999999999996                                0.8635740697904272
60.25000000000001                                 0.8629277069996408
60.300000000000004                                0.8622687094939074
60.35                                             0.8615965585948641
60.4                                              0.8609107787714303
60.45                                             0.8602109411722358
60.5                                              0.8594966670423153
60.55                                             0.8587676310036321
60.599999999999994                                0.8580235641796774
60.650000000000006                                0.8572642571438202
60.7                                              0.8564895626712244
60.75                                             0.8556993982741179
60.8                                              0.8548937485001601
60.85000000000001                                 0.8540726669733448
60.900000000000006                                0.853236278156825
60.95                                             0.8523847788158296
61                                                0.8515184391577292
61.050000000000004                                0.8506376036256766
61.1                                              0.8497426913255652
61.15                                             0.8488341960978966
61.199999999999996                                0.8479126854415817
61.25000000000001                                 0.8469788023407534
61.300000000000004                                0.8460332599008091
61.35                                             0.8450768430588911
61.4                                              0.8441104051306447
61.45000000000001                                 0.8431348654110202
61.50000000000001                                 0.842151206102498
61.550000000000004                                0.8411604681853856
61.599999999999994                                0.84016374777024
61.650000000000006                                0.8391621913322631
61.7                                              0.8381569904225368
61.75                                             0.837149375979511
61.8                                              0.8361406121389295
61.85000000000001                                 0.8351319895765751
61.900000000000006                                0.8341248184430167
61.95                                             0.8331204209221533
62                                                0.832120123304377
62.05000000000001                                 0.8311252475386756
62.1                                              0.8301371025947634
62.15                                             0.8291569757959977
62.199999999999996                                0.828186123983487
62.24999999999999                                 0.8272257645089666
62.300000000000004                                0.8262770661802612
62.35                                             0.8253411402767447
62.4                                              0.8244190317491438
62.449999999999996                                0.8235117107861548
62.50000000000001                                 0.8226200645445172
62.550000000000004                                0.821744886789499
62.6                                              0.8208868742761996
62.65                                             0.8200466198615838
62.7                                              0.8192246037511376
62.75                                             0.8184211878895129
62.8                                              0.8176365932764341
62.849999999999994                                0.8168710125101721
62.900000000000006                                0.8161243555241615
62.95                                             0.8153965085873617
63                                                0.8146872015028901
63.05                                             0.8139960336246426
63.10000000000001                                 0.8133224754376545
63.150000000000006                                0.8126658709159537
63.2                                              0.8120254408832271
63.25                                             0.8114002873726894
63.300000000000004                                0.8107893989564391
63.35                                             0.8101916570008666
63.4                                              0.8096058427966112
63.449999999999996                                0.8090306455017506
63.50000000000001                                 0.8084646708308314
63.550000000000004                                0.8079064504157033
63.6                                              0.8073544517597683
63.65                                             0.8068070887036658
63.70000000000001                                 0.8062627323176691
63.75000000000001                                 0.8057197221352737
63.800000000000004                                0.8051763776410644
63.849999999999994                                0.8046310099275517
63.900000000000006                                0.8040819334353054
63.95                                             0.8035274776936924
64                                                0.8029659989805009
64.05                                             0.8023958918212771
64.10000000000001                                 0.8018156002519086
64.15                                             0.8012236287696732
64.2                                              0.8006185529008446
64.25                                             0.7999990293143789
64.30000000000001                                 0.7993638054137974
64.35000000000001                                 0.7987117283404123
64.4                                              0.7980417533225671
64.45                                             0.7973529513072506
64.50000000000001                                 0.7966445158108917
64.55000000000001                                 0.7959157689279821
64.60000000000001                                 0.7951661664371478
64.65                                             0.7943953019463758
64.7                                              0.7936029100209886
64.75                                             0.7927888682416312
64.8                                              0.7919531981430286
64.85                                             0.7910960649890582
64.89999999999999                                 0.7902177763454187
64.95                                             0.7893187794190538
65                                                0.7883996571440816
65.05                                             0.787461123005723
65.1                                              0.7865040146065743
65.15                                             0.7855292859925893
65.2                                              0.7845379987719234
65.25                                             0.7835313120770749
65.3                                              0.7825104714396582
65.35000000000001                                 0.7814767966664581
65.4                                              0.7804316688271982
65.45                                             0.7793765164890747
65.5                                              0.7783128009557031
65.55000000000001                                 0.7772420022151744
65.60000000000001                                 0.776165603299739
65.65                                             0.7750850746783778
65.7                                              0.7740018596361782
65.75                                             0.7729173592839934
65.8                                              0.7718329182291743
65.85                                             0.7707498109733739
65.89999999999999                                 0.7696692292301524
65.95                                             0.7685922703517953
66                                                0.7675199270409659
66.05                                             0.7664530785050875
66.1                                              0.7653924831901967
66.15                                             0.7643387732067151
66.2                                              0.7632924505336601
66.25                                             0.7622538850590653
66.3                                              0.7612233144869409
66.35000000000001                                 0.7602008461101761
66.4                                              0.7591864604218312
66.45                                             0.7581800165098522
66.5                                              0.7571812591528116
66.55000000000001                                 0.7561898275139548
66.60000000000001                                 0.7552052653067406
66.65                                             0.7542270322899337
66.7                                              0.7532545169332482
66.75000000000001                                 0.7522870500834332
66.80000000000001                                 0.7513239194513086
66.85000000000001                                 0.7503643847338873
66.9                                              0.7494076931810706
66.95                                             0.7484530954144756
67                                                0.7474998613059998
67.05                                             0.7465472957239809
67.1                                              0.745594753956524
67.14999999999999                                 0.7446416566250166
67.2                                              0.7436875039023583
67.25                                             0.7427318888545866
67.3                                              0.7417745097259265
67.35                                             0.7408151809934466
67.4                                              0.7398538430165686
67.45                                             0.7388905701141951
67.5                                              0.7379255769039341
67.55                                             0.7369592227447074
67.60000000000001                                 0.7359920141303219
67.65                                             0.7350246048917675
67.7                                              0.7340577940766371
67.75                                             0.7330925213913563
67.80000000000001                                 0.7321298601104691
67.85000000000001                                 0.731171007381949
67.9                                              0.7302172718868503
67.95                                             0.7292700588470322
68                                                0.7283308524138605
68.05                                             0.7274011955180193
68.1                                              0.7264826673097058
68.14999999999999                                 0.7255768583743554
68.2                                              0.7246853439660721
68.25                                             0.7238096555601601
68.3                                              0.7229512510852981
68.35                                             0.7221114842531184
68.4                                              0.7212915734537662
68.45                                             0.7204925707325814
68.5                                              0.7197153313985288
68.55                                             0.718960484838796
68.60000000000001                                 0.7182284071261724
68.65                                             0.717519196000348
68.7                                              0.7168326487851407
68.75                                             0.7161682437664605
68.80000000000001                                 0.7155251255035554
68.85000000000001                                 0.7149020944780194
68.9                                              0.714297601405266
68.95                                             0.7137097464410942
69.00000000000001                                 0.7131362834183617
69.05000000000001                                 0.7125746291460545
69.10000000000001                                 0.712021877700964
69.15                                             0.7114748195439848
69.2                                              0.7109299652016385
69.25                                             0.7103835731736564
69.3                                              0.7098316816603143
69.35                                             0.7092701436521606
69.39999999999999                                 0.7086946648891708
69.45                                             0.7081008441797075
69.5                                              0.7074842155663222
69.55                                             0.7068402918416297
69.6                                              0.7061646089419996
69.65                                             0.7054527707868591
69.7                                              0.7047004941757177
69.75                                             0.7039036534067722
69.8                                              0.7030583243327518
69.85000000000001                                 0.7021608276206671
69.9                                              0.7012077710283482
69.95                                             0.7001960905500427
70                                                0.6991230903121222
70.05000000000001                                 0.6979864811186438
70.10000000000001                                 0.6967844175498502
70.15                                             0.6955155335087801
70.2                                              0.6941789760854367
70.25                                             0.6927744375697661
70.3                                              0.6913021853913631
70.35                                             0.6897630896971176
70.39999999999999                                 0.6881586482011807
70.45                                             0.6864910078538259
70.5                                              0.6847629827842115
70.55                                             0.6829780678776148
70.6                                              0.6811404472538948
70.65                                             0.6792549968325707
70.7                                              0.6773272800970026
70.75                                             0.6753635361230151
70.8                                              0.673370658913145
70.85000000000001                                 0.6713561670942342
70.9                                              0.6693281630887582
70.95                                             0.6672952809778999
71                                                0.6652666224306875
71.05000000000001                                 0.6632516802921968
71.10000000000001                                 0.6612602496990668
71.15                                             0.6593023269201281
71.2                                              0.6573879965074553
71.25000000000001                                 0.6555273077628825
71.30000000000001                                 0.6537301419785363
71.35000000000001                                 0.6520060723676214
71.4                                              0.6503642190479602
71.45                                             0.6488131018488899
71.5                                              0.6473604940543056
71.55                                             0.6460132804505953
71.6                                              0.6447773231877325
71.64999999999999                                 0.6436573389764575
71.7                                              0.6426567910087891
71.75                                             0.6417777987137356
71.8                                              0.6410210680375483
71.85                                             0.6403858443908299
71.9                                              0.6398698897522233
71.95                                             0.6394694846934708
72                                                0.6391794553282389
72.05                                             0.6389932244274723
72.10000000000001                                 0.6389028852262012
72.15                                             0.6388992958078005
72.2                                              0.6389721914219225
72.25                                             0.6391103116939377
72.30000000000001                                 0.6393015394347363
72.35000000000001                                 0.6395330476593953
72.4                                              0.639791451471544
72.45                                             0.6400629616532261
72.5                                              0.6403335370956879
72.55                                             0.6405890335954914
72.6                                              0.6408153469916982
72.64999999999999                                 0.6409985491077292
72.7                                              0.6411250154614663
72.75                                             0.6411815441914988
72.8                                              0.641155466099314
72.85                                             0.6410347461086403
72.9                                              0.6408080767806824
72.95                                             0.6404649647913562
73                                                0.6399958114651775
73.05                                             0.6393919885709167
73.10000000000001                                 0.6386459106118321
73.15                                             0.6377511047929962
73.2                                              0.6367022797181779
73.25                                             0.6354953936618642
73.30000000000001                                 0.6341277229830474
73.35000000000001                                 0.6325979308939608
73.4                                              0.6309061363797417
73.45                                             0.6290539825816964
73.50000000000001                                 0.6270447034212971
73.55000000000001                                 0.6248831866596051
73.60000000000001                                 0.6225760309765835
73.65                                             0.6201315940332053
73.7                                              0.6175600278780841
73.75                                             0.614873297509507
73.8                                              0.6120851779477672
73.85                                             0.6092112248626758
73.89999999999999                                 0.6062687136841203
73.95                                             0.6032765422670334
74                                                0.600255092629722
74.05                                             0.5972260480906878
74.1                                              0.5942121633213903
74.15                                             0.5912369864204164
74.2                                              0.588324534074482
74.25                                             0.5854989231496518
74.3                                              0.5827839645434018
74.35000000000001                                 0.5802027276959923
74.4                                              0.5777770866239131
74.45                                             0.5755272605078475
74.5                                              0.5734713635341337
74.55000000000001                                 0.5716249796659414
74.60000000000001                                 0.5700007781515686
74.65                                             0.568608184775091
74.7                                              0.567453122095644
74.75                                             0.5665378292857002
74.8                                              0.5658607688061911
74.85                                             0.565416623293436
74.89999999999999                                 0.5651963819401057
74.95                                             0.5651875116483092
75                                                0.5653742045957185
