25                                                0.324107208437578
25.05                                             0.3238386037512891
25.1                                              0.32356737705379296
25.150000000000002                                0.3232935247367087
25.2                                              0.3230170441823497
25.25                                             0.3227379338635285
25.3                                              0.3224561924845482
25.35                                             0.3221718220019628
25.400000000000002                                0.3218848231932844
25.45                                             0.32159519937639786
25.5                                              0.3213029547882567
25.55                                             0.3210080950625706
25.6                                              0.3207106272474286
25.650000000000002                                0.3204105551771008
25.700000000000003                                0.32010790367995234
25.75                                             0.31980267243346
25.8                                              0.3194948790108601
25.85                                             0.3191845401243023
25.900000000000002                                0.3188716745691215
25.950000000000003                                0.3185563035300016
26                                                0.31823845076366586
26.05                                             0.31791814276837366
26.099999999999998                                0.31759540895116034
26.150000000000002                                0.3172702817954252
26.2                                              0.31694279703017175
26.25                                             0.31661299379738567
26.299999999999997                                0.31628091481509346
26.349999999999998                                0.3159466065346138
26.4                                              0.3156101192906625
26.45                                             0.3152715074414876
26.5                                              0.31493082949686174
26.55                                             0.3145881482308892
26.599999999999998                                0.3142435307773952
26.65                                             0.3138970487057223
26.7                                              0.31354877807460096
26.75                                             0.31319879946166035
26.8                                              0.31284719796571386
26.85                                             0.3124940631792471
26.9                                              0.3121394891288169
26.95                                             0.31178357418072455
27                                                0.3114264209099247
27.05                                             0.31106813592953736
27.1                                              0.3107088296797111
27.15                                             0.31034861617368165
27.2                                              0.3099876127003931
27.25                                             0.3096259394825017
27.3                                              0.30926371928970814
27.35                                             0.30890107700697206
27.400000000000002                                0.3085381391573755
27.45                                             0.3081750333793244
27.5                                              0.30781188785835284
27.55                                             0.3074488307154673
27.6                                              0.3070859893553273
27.650000000000002                                0.30672348977782266
27.7                                              0.30636145585681995
27.75                                             0.30600000858946064
27.8                                              0.3056392653203146
27.85                                             0.30527933894510717
27.900000000000002                                0.3049203370997716
27.950000000000003                                0.30456236134079007
28                                                0.30420550632339527
28.05                                             0.303849858984886
28.1                                              0.3034954977425074
28.150000000000002                                0.30314249171662083
28.200000000000003                                0.3027908999868666
28.25                                             0.30244077088745047
28.3                                              0.3020921413502444
28.349999999999998                                0.3017450363060416
28.400000000000002                                0.3013994681548904
28.45                                             0.3010554363183334
28.500000000000004                                0.30071292689633183
28.549999999999997                                0.3003719124545363
28.6                                              0.30003235188111743
28.65                                             0.29969419020254534
28.700000000000003                                0.2993573585971741
28.75                                             0.29902177472334907
28.8                                              0.2986873431129712
28.849999999999998                                0.29835395562889044
28.900000000000002                                0.2980214921129462
28.95                                             0.2976898218834048
29.000000000000004                                0.2973587954147347
29.05                                             0.2970282750083054
29.1                                              0.29669809285054743
29.15                                             0.2963680830687895
29.200000000000003                                0.29603807398828486
29.25                                             0.29570788953017973
29.300000000000004                                0.2953773512408293
29.35                                             0.2950462787670925
29.400000000000002                                0.294714492934451
29.45                                             0.2943818244252239
29.499999999999996                                0.2940480987818393
29.55                                             0.2937131528022244
29.600000000000005                                0.2933768314112104
29.650000000000002                                0.2930389897557791
29.699999999999996                                0.29269949497106695
29.75                                             0.2923582278157542
29.800000000000004                                0.2920150841719566
29.85                                             0.291669976384518
29.9                                              0.2913228344107036
29.95                                             0.2909736067505185
29.999999999999996                                0.29062226112896256
30.05                                             0.29026878490325736
30.099999999999998                                0.289913185169667
30.150000000000002                                0.2895554885463659
30.2                                              0.2891957406107391
30.25                                             0.28883400497266676
30.299999999999997                                0.28847036196913917
30.35                                             0.28810490696957564
30.4                                              0.2877377482867517
30.450000000000003                                0.2873690046933641
30.5                                              0.28699880255020244
30.55                                             0.2866272725586866
30.599999999999998                                0.2862545461570871
30.650000000000002                                0.2858807515873984
30.7                                              0.2855060096673642
30.750000000000004                                0.28513042931005755
30.799999999999997                                0.28475410284182895
30.85                                             0.28437710117713544
30.9                                              0.2839994689170786
30.950000000000003                                0.2836212194462181
31                                                0.2832423301091378
31.05                                             0.28286273755568636
31.099999999999998                                0.2824823333484584
31.150000000000002                                0.28210095993209644
31.2                                              0.28171840706660806
31.250000000000004                                0.281334408829494
31.3                                              0.28094864129187497
31.35                                             0.2805607209721855
31.4                                              0.28017020416655114
31.450000000000003                                0.2797765872480711
31.5                                              0.27937930801677036
31.550000000000004                                0.2789777481717029
31.6                                              0.2785712369628791
31.650000000000002                                0.278159056067904
31.7                                              0.2777404457190561
31.749999999999996                                0.2773146120860062
31.8                                              0.27688073589591705
31.850000000000005                                0.2764379822526808
31.900000000000002                                0.2759855116640069
31.949999999999996                                0.2755224901071951
32                                                0.2750481083407711
32.050000000000004                                0.2745615849547264
32.1                                              0.27406218903558227
32.15                                             0.2735492511168819
32.2                                              0.27302217928320943
32.25000000000001                                 0.27248047213029325
32.300000000000004                                0.27192373234451844
32.35                                             0.2713516832294977
32.4                                              0.27076417695817784
32.45                                             0.27016120544340266
32.5                                              0.26954291260156227
32.55                                             0.2689095993484158
32.6                                              0.2682617287184547
32.65                                             0.2675999280452612
32.7                                              0.2669249882090323
32.75                                             0.2662378597144826
32.800000000000004                                0.2655396453804961
32.85                                             0.26483158946771956
32.9                                              0.26411506311973215
32.949999999999996                                0.2633915460497405
33                                                0.2626626044781783
33.05                                             0.2619298654071467
33.1                                              0.2611949874056329
33.15                                             0.26045962817656
33.2                                              0.25972540928340904
33.25                                             0.25899387852612066
33.300000000000004                                0.258266470575146
33.35                                             0.25754446659323316
33.400000000000006                                0.2568289536935803
33.45                                             0.25612078519849496
33.5                                              0.25542054276610643
33.55                                             0.2547285015437875
33.6                                              0.25404459957503905
33.65                                             0.25336841272795974
33.7                                              0.2526991364197084
33.75                                             0.25203557537802795
33.8                                              0.2513761426011631
33.85                                             0.25071886854894776
33.900000000000006                                0.25006142141597837
33.95                                             0.24940113910405606
34                                                0.2487350732261229
34.05                                             0.24806004514362565
34.1                                              0.24737271367077163
34.15                                             0.24666965368163316
34.199999999999996                                0.245947444443429
34.25                                             0.2452027660855051
34.300000000000004                                0.24443250221210927
34.35                                             0.24363384629635298
34.4                                              0.2428044091620441
34.45                                             0.2419423245829271
34.50000000000001                                 0.24104634981476217
34.550000000000004                                0.24011595773258815
34.6                                              0.23915141717656405
34.65                                             0.2381538581167909
34.7                                              0.23712531832877762
34.75                                             0.236068768424293
34.8                                              0.23498811230714634
34.85                                             0.23388816041976737
34.9                                              0.23277457352137798
34.95                                             0.23165377520109046
35                                                0.2305328318860073
35.050000000000004                                0.22941929977259565
35.1                                              0.22832103892458863
35.15                                             0.22724599577745055
35.199999999999996                                0.22620195648370614
35.25                                             0.22519627493573816
35.3                                              0.22423558092784837
35.35                                             0.22332547575563796
35.4                                              0.22247022455975315
35.45                                             0.22167245679335423
35.5                                              0.22093288811168468
35.550000000000004                                0.22025007873755115
35.6                                              0.2196202450451453
35.650000000000006                                0.21903714165179544
35.7                                              0.21849203065198705
35.75                                             0.21797375327551594
35.8                                              0.21746891645290228
35.85                                             0.21696220257759138
35.9                                              0.21643679759882814
35.95                                             0.21587496768779044
36                                                0.21525870551456505
36.050000000000004                                0.21457047421075492
36.1                                              0.21379404177880226
36.150000000000006                                0.21291531319610854
36.2                                              0.21192316310661966
36.25                                             0.21081020739956483
36.3                                              0.2095734991297089
36.35                                             0.20821508971507238
36.4                                              0.206742420966377
36.449999999999996                                0.20516851485731014
36.5                                              0.20351197113301803
36.550000000000004                                0.2017967052248531
36.6                                              0.20005143869833622
36.65                                             0.19830892087338833
36.7                                              0.19660487005190855
36.75000000000001                                 0.194976624543163
36.800000000000004                                0.19346149789613756
36.849999999999994                                0.19209484154490286
36.9                                              0.19090783438830708
36.95                                             0.18992504575254116
37                                                0.18916185820914655
37.05                                             0.1886218905781785
37.1                                              0.18829462658509016
37.150000000000006                                0.1881535235106677
37.2                                              0.1881549339674941
37.25                                             0.18823820270505126
37.300000000000004                                0.18832727570794455
37.35                                             0.18833406011008214
37.4                                              0.18816359167494492
37.449999999999996                                0.1877208142413398
37.5                                              0.18691849191137172
37.55                                             0.18568552230432098
37.6                                              0.18397476794626422
37.65                                             0.18176952622982454
37.7                                              0.17908792950785546
37.75                                             0.17598486710097797
37.800000000000004                                0.17255136745033284
37.85                                             0.16891166877471736
37.900000000000006                                0.16521834828730578
37.95                                             0.1616458144694058
38                                                0.1583821777876058
38.05                                             0.15561902985980483
38.1                                              0.15353805982460347
38.15                                             0.15229289331113105
38.2                                              0.1519844075947288
38.25                                             0.15262869986404395
38.300000000000004                                0.1541198024557593
38.35                                             0.15619496123187881
38.400000000000006                                0.15841822002467162
38.45                                             0.16020413644910994
38.5                                              0.16089950742122305
38.55                                             0.15991961744165703
38.6                                              0.1569015981719411
38.65                                             0.15181439013249434
38.699999999999996                                0.14497816046600115
38.75                                             0.13699345900243118
38.800000000000004                                0.12862712659524017
38.85                                             0.1207157169812152
38.9                                              0.11412789434685051
38.95                                             0.10979489571857047
39.00000000000001                                 0.108775146442917
39.050000000000004                                0.11220892171092091
39.099999999999994                                0.1206984368092828
39.15                                             0.13225049445028192
39.2                                              0.13979982437719235
39.25                                             0.13550121768391646
39.3                                              0.12085379475052312
39.35                                             0.10388769153979985
39.400000000000006                                0.08978604423260075
39.45                                             0.08005544940703865
39.5                                              0.08153149631645858
39.550000000000004                                0.11916702960427934
39.6                                              0.08038574634749804
39.65                                             0.0756163086399241
39.699999999999996                                0.07554402429445689
39.75                                             0.07748042770850051
39.800000000000004                                0.08072829590526977
39.85                                             0.08498830101089509
39.9                                              0.09009191371157353
39.95                                             0.09592802249602811
40.00000000000001                                 0.10241569038676941
40.050000000000004                                0.10949178375018509
40.1                                              0.11710451929905669
40.15                                             0.12520975648604046
40.2                                              0.13376871637862447
40.25                                             0.1427465073351756
40.3                                              0.15211113735601592
40.349999999999994                                0.16183283497202247
40.4                                              0.17188357353140374
40.45                                             0.1822367338224096
40.5                                              0.19286686316888615
40.55                                             0.20374950316212526
40.6                                              0.21486106699619265
40.650000000000006                                0.2261787530686572
40.7                                              0.23768048529441463
40.75                                             0.2493448731669978
40.8                                              0.26115118639648716
40.85                                             0.27307934023762287
40.9                                              0.2851098885423834
40.949999999999996                                0.2972240222596363
41                                                0.30940357161264154
41.050000000000004                                0.3216310105810684
41.1                                              0.33388946261252794
41.15                                             0.3461627067291077
41.2                                              0.3584351833829644
41.25000000000001                                 0.37069199956511434
41.300000000000004                                0.38291893279644207
41.349999999999994                                0.39510243372866427
41.4                                              0.40722962716683225
41.45                                             0.41928831139190065
41.5                                              0.43126695571737855
41.55                                             0.4431546962603163
41.6                                              0.45494132994439207
41.650000000000006                                0.46661730678175567
41.7                                              0.47817372050647794
41.75                                             0.48960229764866897
41.800000000000004                                0.5008953851560276
41.85                                             0.5120459366777895
41.9                                              0.5230474976331204
41.949999999999996                                0.5338941891931674
42                                                0.5445806913036493
42.050000000000004                                0.5551022248788116
42.1                                              0.5654545332927107
42.15                                             0.5756338632921469
42.2                                              0.5856369454507205
42.25000000000001                                 0.59546097427793
42.300000000000004                                0.605103588093053
42.35                                             0.61456284876542
42.400000000000006                                0.6238372214153327
42.45                                             0.6329255541609994
42.5                                              0.6418270579881534
42.55                                             0.6505412868178568
42.599999999999994                                0.6590681178398349
42.65                                             0.6674077321733898
42.7                                              0.6755605959077694
42.75                                             0.6835274415670618
42.8                                              0.6913092500416257
42.85                                             0.6989072330237331
42.900000000000006                                0.7063228159734918
42.95                                             0.7135576216043007
43                                                0.720613453822974
43.05                                             0.7274922821892575
43.1                                              0.7341962272242629
43.15                                             0.7407275465126755
43.199999999999996                                0.7470886211724008
43.25                                             0.7532819427517073
43.300000000000004                                0.7593101007563746
43.35                                             0.765175770800977
43.4                                              0.7708817033401908
43.45                                             0.7764307133690362
43.50000000000001                                 0.7818256718413052
43.550000000000004                                0.7870694940471297
43.599999999999994                                0.7921651288905326
43.65                                             0.7971155535594071
43.7                                              0.8019237654710344
43.75                                             0.8065927742856778
43.8                                              0.8111255974494163
43.85                                             0.8155252459457204
43.900000000000006                                0.819794726642478
43.95                                             0.8239370098690901
44                                                0.827955147998006
44.050000000000004                                0.8318520201009599
44.1                                              0.8356305788146365
44.15                                             0.8392937215986226
44.199999999999996                                0.8428443117715169
44.25                                             0.8462851753958148
44.300000000000004                                0.8496190984205012
44.35                                             0.8528488241329812
44.4                                              0.8559770509100215
44.45                                             0.8590064302540192
44.50000000000001                                 0.8619395650999369
44.550000000000004                                0.864779008378301
44.6                                              0.8675272618205826
44.650000000000006                                0.87018677499208
44.7                                              0.8727599445396667
44.75                                             0.8752491136400437
44.8                                              0.877656571635901
44.849999999999994                                0.8799845538470098
44.9                                              0.8822352415435943
44.95                                             0.88441076206983
45                                                0.886513189105498
45.05                                             0.8885445430541379
45.1                                              0.8905067915463937
45.150000000000006                                0.8924018500476655
45.2                                              0.8942315825592206
45.25                                             0.895997802402576
45.3                                              0.8977022730770694
45.35                                             0.899346709181085
45.4                                              0.9009327773876132
45.449999999999996                                0.9024620974651446
45.5                                              0.9039362433355507
45.550000000000004                                0.9053567441606021
45.6                                              0.9067250854493978
45.65                                             0.9080427101794989
45.7                                              0.9093110199245292
45.75000000000001                                 0.9105313759818837
45.800000000000004                                0.9117051004943508
45.849999999999994                                0.912833477559839
45.9                                              0.9139177543240952
45.95                                             0.914959142051338
46                                                0.9159588171686293
46.05                                             0.9169179222797487
46.1                                              0.9178375671451799
46.150000000000006                                0.9187188296250736
46.2                                              0.9195627565823987
46.25                                             0.9203703647441838
46.300000000000004                                0.9211426415189534
46.35                                             0.9218805457689503
46.4                                              0.922585008536332
46.449999999999996                                0.9232569337228194
46.5                                              0.9238971987226943
46.550000000000004                                0.9245066550095465
46.6                                              0.9250861286773455
46.65                                             0.9256364209368074
46.7                                              0.9261583085683053
46.75000000000001                                 0.9266525443329912
46.800000000000004                                0.9271198573441363
46.85                                             0.927560953401063
46.900000000000006                                0.9279765152884809
46.95                                             0.9283672030444834
47                                                0.9287336542018175
47.05                                             0.9290764840150213
47.1                                              0.9293962858757824
47.15                                             0.9296936295422942
47.2                                              0.9299690665301696
47.25                                             0.9302231235044095
47.3                                              0.930456307212033
47.35                                             0.9306691021459907
47.400000000000006                                0.9308619720685972
47.45                                             0.9310353598069632
47.5                                              0.9311896871391515
47.55                                             0.9313253550775328
47.6                                              0.9314427442481564
47.65                                             0.9315422147209562
47.699999999999996                                0.9316241064654104
47.75                                             0.9316887398072776
47.800000000000004                                0.9317364153589234
47.85                                             0.9317674145378558
47.9                                              0.9317819999160907
47.95                                             0.9317804156212037
48.00000000000001                                 0.9317628877863109
48.050000000000004                                0.9317296250486234
48.099999999999994                                0.9316808190971009
48.15                                             0.9316166452638867
48.2                                              0.9315372631519114
48.25                                             0.9314428173120457
48.3                                              0.9313334379878387
48.35                                             0.9312092419163729
48.400000000000006                                0.9310703331712991
48.45                                             0.9309168040496686
48.5                                              0.9307487360057052
48.550000000000004                                0.9305662006313963
48.6                                              0.9303692606815361
48.65                                             0.9301579711407265
48.699999999999996                                0.9299323803290475
48.75                                             0.9296925310427856
48.800000000000004                                0.9294384617260724
48.85                                             0.9291702076695254
48.9                                              0.9288878022325981
48.95                                             0.9285912780867448
49.00000000000001                                 0.928280668474982
49.050000000000004                                0.9279560084819366
49.1                                              0.9276173363076547
49.150000000000006                                0.9272646945391839
49.2                                              0.9268981314144454
49.25                                             0.9265177020728919
49.3                                              0.9261234697871504
49.35                                             0.9257155071697819
49.400000000000006                                0.9252938973488878
49.45                                             0.924858735106448
49.5                                              0.9244101279731677
49.55                                             0.9239481972738273
49.6                                              0.9234730791169466
49.650000000000006                                0.9229849253229584
49.7                                              0.9224839042852253
49.75                                             0.9219702017582289
49.8                                              0.9214440215676114
49.85                                             0.9209055862368262
49.9                                              0.9203551375253135
49.949999999999996                                0.9197929368732684
50                                                0.9192192657485522
50.050000000000004                                0.9186344258917758
50.1                                              0.9180387394562732
50.15                                             0.917432549040266
50.2                                              0.9168162176089674
50.25000000000001                                 0.9161901283043477
50.300000000000004                                0.9155546841409421
50.349999999999994                                0.9149103075858614
50.4                                              0.9142574400221686
50.45                                             0.9135965410949733
50.5                                              0.9129280879403137
50.55                                             0.912252574297506
50.6                                              0.9115705095060005
50.650000000000006                                0.9108824173882553
50.7                                              0.9101888350203786
50.75                                             0.9094903113928877
50.800000000000004                                0.9087874059645907
50.85                                             0.9080806871147321
50.9                                              0.9073707305001864
50.949999999999996                                0.9066581173255069
51                                                0.9059434325305736
51.050000000000004                                0.9052272628977047
51.1                                              0.9045101950809822
51.15                                             0.9037928135644895
51.2                                              0.9030756985594125
51.25000000000001                                 0.9023594238506404
51.300000000000004                                0.9016445546024789
51.35                                             0.9009316451329994
51.400000000000006                                0.9002212366675462
51.45                                             0.8995138550820403
51.5                                              0.8988100086481019
51.55                                             0.8981101857846211
51.6                                              0.8974148528067813
51.650000000000006                                0.8967244516665878
51.7                                              0.8960393977451162
51.75                                             0.895360077779651
51.8                                              0.8946868478902401
51.85                                             0.8940200316333962
51.900000000000006                                0.8933599181040371
51.95                                             0.8927067601301012
52                                                0.8920607725705664
52.05                                             0.8914221307087711
52.1                                              0.8907909688301647
52.15                                             0.8901673797113253
52.199999999999996                                0.8895514155466308
52.25                                             0.8889430841074456
52.300000000000004                                0.8883423443066161
52.35                                             0.8877491104421554
52.4                                              0.8871632526423607
52.45                                             0.8865845956292231
52.50000000000001                                 0.886012918369875
52.550000000000004                                0.8854479586014858
52.599999999999994                                0.8848894079622418
52.65                                             0.8843369013984113
52.7                                              0.8837900457399213
52.75                                             0.8832484160323717
52.8                                              0.882711512066049
52.85                                             0.8821788281686506
52.900000000000006                                0.8816498105562574
52.95                                             0.8811238712194273
53                                                0.8806003905551129
53.050000000000004                                0.8800787197292973
53.1                                              0.8795581834123001
53.15                                             0.8790380827321163
53.199999999999996                                0.8785176984117137
53.25                                             0.8779962940725591
53.300000000000004                                0.8774731196885208
53.35                                             0.8769474151748191
53.4                                              0.8764184140954869
53.45                                             0.8758853474722155
53.50000000000001                                 0.8753474476766321
53.550000000000004                                0.8748039523872675
53.6                                              0.8742541085918695
53.65                                             0.8736971766149465
53.7                                              0.873132434150223
53.75                                             0.8725591802770654
53.8                                              0.871976739439734
53.849999999999994                                0.871384465368028
53.900000000000006                                0.870781744918019
53.95                                             0.8701680018110856
54                                                0.8695427002500854
54.05                                             0.868905348391258
54.10000000000001                                 0.8682555016508917
54.150000000000006                                0.8675927658260917
54.2                                              0.8669168000094727
54.25                                             0.8662273192780964
54.300000000000004                                0.8655240971376198
54.35                                             0.8648069677034697
54.4                                              0.8640758276015412
54.449999999999996                                0.8633306375719569
54.50000000000001                                 0.8625714237607052
54.550000000000004                                0.8617982786847037
54.6                                              0.8610113618577404
54.65                                             0.8602109000657403
54.70000000000001                                 0.859397187281594
54.75000000000001                                 0.8585705842116045
54.800000000000004                                0.8577315174672803
54.849999999999994                                0.8568804783582938
54.900000000000006                                0.8560180213045898
54.95                                             0.8551447618680432
55                                                0.8542613744058571
55.05                                             0.8533685893513784
55.10000000000001                                 0.8524671901296523
55.150000000000006                                0.8515580097182756
55.2                                              0.8506419268666285
55.25                                             0.8497198619893551
55.3                                              0.8487927727529844
55.35                                             0.8478616493765238
55.4                                              0.8469275096708854
55.449999999999996                                0.8459913938430225
55.49999999999999                                 0.8450543590946645
55.550000000000004                                0.8441174740464598
55.6                                              0.8431818130213492
55.65                                             0.8422484502226649
55.699999999999996                                0.8413184538437928
55.75000000000001                                 0.8403928801473745
55.800000000000004                                0.8394727675538817
55.85                                             0.8385591307787694
55.9                                              0.8376529550585364
55.95                                             0.8367551905052484
56                                                0.8358667466290782
56.05                                             0.8349884870669474
56.099999999999994                                0.8341212245543309
56.150000000000006                                0.8332657161752691
56.2                                              0.8324226589240026
56.25                                             0.8315926856087827
56.3                                              0.8307763611257454
56.35000000000001                                 0.8299741791283692
56.400000000000006                                0.8291865591144538
56.45                                             0.8284138439513382
56.5                                              0.8276562978682586
56.550000000000004                                0.8269141051174433
56.6                                              0.8261873655510236
56.65                                             0.8254761049570394
56.699999999999996                                0.8247802584241657
56.75000000000001                                 0.8240996831929532
56.800000000000004                                0.8234341555397834
56.85                                             0.8227833714047569
56.9                                              0.8221469478500897
56.95000000000001                                 0.8215244269730155
57.00000000000001                                 0.8209152770849754
57.050000000000004                                0.8203188958092233
57.099999999999994                                0.8197346133771137
57.150000000000006                                0.8191616962369292
57.2                                              0.8185993509889032
57.25                                             0.8180467283813632
57.3                                              0.8175029281276942
57.35000000000001                                 0.8169670032953585
57.400000000000006                                0.8164379653152204
57.45                                             0.8159147890347861
57.5                                              0.8153964179271976
57.55000000000001                                 0.8148817694199207
57.6                                              0.8143697403116084
57.65                                             0.8138592122483066
57.699999999999996                                0.8133490572317436
57.74999999999999                                 0.8128381431330542
57.800000000000004                                0.8123253391855877
57.85                                             0.8118095214272025
57.9                                              0.8112895780592557
57.949999999999996                                0.8107644146960099
58.00000000000001                                 0.8102329594915428
58.050000000000004                                0.8096941681276251
58.1                                              0.8091470286345503
58.15                                             0.808590566017128
58.2                                              0.8080238466640429
58.25                                             0.8074459825230443
58.3                                              0.8068561350250121
58.349999999999994                                0.8062535187408093
58.400000000000006                                0.8056374047565165
58.45                                             0.8050071237534385
58.5                                              0.8043620687819026
58.55                                             0.8037016977196914
58.60000000000001                                 0.8030255354079182
58.650000000000006                                0.802333175459999
58.7                                              0.8016242817412037
58.75                                             0.8008985895193215
58.800000000000004                                0.8001559062886829
58.85                                             0.7993961122727598
58.9                                              0.7986191606126859
58.949999999999996                                0.7978250772517664
59.00000000000001                                 0.7970139605283156
59.050000000000004                                0.7961859804912059
59.1                                              0.7953413779544739
59.15                                             0.7944804633085905
59.20000000000001                                 0.7936036151072645
59.25000000000001                                 0.7927112784494806
59.300000000000004                                0.7918039631769498
59.349999999999994                                0.7908822419071024
59.400000000000006                                0.7899467479214999
59.45                                             0.788998172928614
59.5                                              0.788037264718383
59.55                                             0.7870648247248457
59.60000000000001                                 0.7860817055102131
59.650000000000006                                0.7850888081819016
59.7                                              0.784087079750701
59.75                                             0.7830775104355007
59.80000000000001                                 0.7820611309162797
59.85                                             0.7810390095342024
59.9                                              0.7800122494330061
59.949999999999996                                0.7789819856339376
59.99999999999999                                 0.7779493820309485
60.050000000000004                                0.7769156282920372
60.1                                              0.775881936646978
60.15                                             0.7748495385415286
60.199999999999996                                0.7738196811342258
60.25000000000001                                 0.7727936236115833
60.300000000000004                                0.7717726332956942
60.35                                             0.7707579815191843
60.4                                              0.7697509392419057
60.45                                             0.7687527723865192
60.5                                              0.7677647368709234
60.55                                             0.7667880733205679
60.599999999999994                                0.7658240014458543
60.650000000000006                                0.7648737140766962
60.7                                              0.7639383708510362
60.75                                             0.7630190915625633
60.8                                              0.7621169491789823
60.85000000000001                                 0.7612329625525566
60.900000000000006                                0.7603680888525021
60.95                                             0.7595232157595555
61                                                0.7586991534721764
61.050000000000004                                0.757896626584902
61.1                                              0.7571162659087738
61.15                                             0.756358600313731
61.199999999999996                                0.7556240486827392
61.25000000000001                                 0.7549129120747557
61.300000000000004                                0.7542253662023947
61.35                                             0.7535614543347411
61.4                                              0.7529210807408563
61.45000000000001                                 0.7523040047899153
61.50000000000001                                 0.7517098358249322
61.550000000000004                                0.7511380289248586
61.599999999999994                                0.750587881665961
61.650000000000006                                0.7500585319881412
61.7                                              0.749548957263136
61.75                                             0.7490579746502668
61.8                                              0.7485842428119353
61.85000000000001                                 0.7481262650459691
61.900000000000006                                0.7476823938748477
61.95                                             0.7472508371146043
62                                                0.7468296654271372
62.05000000000001                                 0.7464168213413176
62.1                                              0.7460101297091591
62.15                                             0.7456073095445318
62.199999999999996                                0.7452059871724327
62.24999999999999                                 0.744803710594513
62.300000000000004                                0.7443979649535984
62.35                                             0.7439861889666682
62.4                                              0.7435657922119708
62.449999999999996                                0.7431341731808611
62.50000000000001                                 0.7426887379790378
62.550000000000004                                0.7422269194940754
62.6                                              0.7417461968264542
62.65                                             0.7412441148220386
62.7                                              0.7407183035728676
62.75                                             0.7401664977545878
62.8                                              0.7395865556602617
62.849999999999994                                0.7389764777891066
62.900000000000006                                0.7383344248504684
62.95                                             0.7376587350495495
63                                                0.7369479405358245
63.05                                             0.7362007829478797
63.10000000000001                                 0.735416228033771
63.150000000000006                                0.7345934789654851
63.2                                              0.7337319878109911
63.25                                             0.7328314657032486
63.300000000000004                                0.7318918922062648
63.35                                             0.7309135227797013
63.4                                              0.7298968942691859
63.449999999999996                                0.7288428285077077
63.50000000000001                                 0.7277524339375588
63.550000000000004                                0.7266271051675652
63.6                                              0.7254685212051739
63.65                                             0.7242786404885897
63.70000000000001                                 0.7230596870307903
63.75000000000001                                 0.7218141506671041
63.800000000000004                                0.7205447696042725
63.849999999999994                                0.7192545133941564
63.900000000000006                                0.7179465650336703
63.95                                             0.7166243205352231
64                                                0.7152913195994947
64.05                                             0.7139512644305367
64.10000000000001                                 0.7126079721590806
64.15                                             0.7112653468818956
64.2                                              0.7099273471858297
64.25                                             0.7085979516981372
64.30000000000001                                 0.7072811230906118
64.35000000000001                                 0.7059807709160147
64.4                                              0.7047007136882681
64.45                                             0.7034446406591728
64.50000000000001                                 0.7022160737771038
64.55000000000001                                 0.7010183303421403
64.60000000000001                                 0.6998544868892079
64.65                                             0.6987273448370477
64.7                                              0.6976393984363215
64.75                                             0.6965928055316122
64.8                                              0.6955893616220883
64.85                                             0.6946304776620721
64.89999999999999                                 0.693717161988695
64.95                                             0.6928500066992286
65                                                0.6920291787269918
65.05                                             0.6912544157853877
65.1                                              0.6905250272661437
65.15                                             0.6898399000921217
65.2                                              0.6891975094410853
65.25                                             0.6885959341762824
65.3                                              0.6880328767438441
65.35000000000001                                 0.6875056872309583
65.4                                              0.6870113912195556
65.45                                             0.6865467210246727
65.5                                              0.6861081498690971
65.55000000000001                                 0.6856919285227344
65.60000000000001                                 0.6852941239217459
65.65                                             0.6849106592798317
65.7                                              0.6845373552119742
65.75                                             0.6841699714056529
65.8                                              0.6838042483970934
65.85                                             0.6834359490371632
65.89999999999999                                 0.6830608992615927
65.95                                             0.6826750278119441
66                                                0.6822744045848274
66.05                                             0.681855277317135
66.1                                              0.6814141063415257
66.15                                             0.6809475971695247
66.2                                              0.6804527306786164
66.25                                             0.6799267906927956
66.3                                              0.6793673887566701
66.35000000000001                                 0.6787724859071275
66.4                                              0.6781404112490862
66.45                                             0.6774698771408714
66.5                                              0.6767599907934125
66.55000000000001                                 0.6760102620858559
66.60000000000001                                 0.6752206074024859
66.65                                             0.6743913493003382
66.7                                              0.673523211829649
66.75000000000001                                 0.6726173113485313
66.80000000000001                                 0.6716751427026927
66.85000000000001                                 0.6706985606824787
66.9                                              0.6696897567205682
66.95                                             0.6686512308605679
67                                                0.6675857591022806
67.05                                             0.6664963563201048
67.1                                              0.6653862350472871
67.14999999999999                                 0.6642587605263678
67.2                                              0.6631174025338546
67.25                                             0.6619656845977709
67.3                                              0.6608071313306652
67.35                                             0.6596452146962839
67.4                                              0.6584833001094772
67.45                                             0.6573245933293715
67.5                                              0.6561720891464534
67.55                                             0.6550285228732046
67.60000000000001                                 0.6538963256327426
67.65                                             0.6527775843903242
67.7                                              0.6516740075958176
67.75                                             0.6505868971990479
67.80000000000001                                 0.6495171276700601
67.85000000000001                                 0.6484651325051868
67.9                                              0.6474308985363313
67.95                                             0.6464139681870994
68                                                0.6454134496463517
68.05                                             0.6444280347615141
68.1                                              0.6434560242964552
68.14999999999999                                 0.6424953600602377
68.2                                              0.6415436632932776
68.25                                             0.6405982786035509
68.3                                              0.6396563226767155
68.35                                             0.6387147369396372
68.4                                              0.6377703433385918
68.45                                             0.6368199023952716
68.5                                              0.6358601727243871
68.55                                             0.6348879712319453
68.60000000000001                                 0.6339002332570759
68.65                                             0.632894071969723
68.7                                              0.6318668363850689
68.75                                             0.6308161674031006
68.80000000000001                                 0.6297400513162204
68.85000000000001                                 0.6286368702587819
68.9                                              0.6275054490853947
68.95                                             0.626345098166507
69.00000000000001                                 0.6251556515795168
69.05000000000001                                 0.6239375001481043
69.10000000000001                                 0.6226916187497854
69.15                                             0.6214195872697088
69.2                                              0.6201236045370646
69.25                                             0.6188064945405702
69.3                                              0.617471704190611
69.35                                             0.6161232918938858
69.39999999999999                                 0.6147659062787935
69.45                                             0.6134047553648563
69.5                                              0.6120455435076876
69.55                                             0.6106944831619039
69.6                                              0.6093581262360681
69.65                                             0.6080433624881271
69.7                                              0.6067573002989058
69.75                                             0.6055071667505013
69.8                                              0.6043001953926812
69.85000000000001                                 0.6031435050382133
69.9                                              0.6020439637175848
69.95                                             0.6010080588579434
70                                                0.6000417600407378
70.05000000000001                                 0.5991503798193858
70.10000000000001                                 0.59833843994612
70.15                                             0.597609544575932
70.2                                              0.5969662638746102
70.25                                             0.5964100314806858
70.3                                              0.5959410590186192
70.35                                             0.5955582704790652
70.39999999999999                                 0.5952592588219108
70.45                                             0.595040266668483
70.5                                              0.5948961901927087
70.55                                             0.5948206115374063
70.6                                              0.594805852287913
70.65                                             0.5948430515620343
70.7                                              0.5949222652412532
70.75                                             0.595032583753927
70.8                                              0.5951622655084852
70.85000000000001                                 0.5952988827015698
70.9                                              0.5954294761050539
70.95                                             0.5955407154633652
71                                                0.5956190623081329
71.05000000000001                                 0.5956509322938045
71.10000000000001                                 0.5956228545562607
71.15                                             0.5955216260590498
71.2                                              0.5953344593948369
71.25000000000001                                 0.5950491230168778
71.30000000000001                                 0.5946540733613972
71.35000000000001                                 0.5941385787620032
71.4                                              0.5934928354306678
71.45                                             0.5927080760721775
71.5                                              0.591776671898359
71.55                                             0.5906922289091073
71.6                                              0.5894496793037907
71.64999999999999                                 0.5880453687817236
71.7                                              0.586477140281347
71.75                                             0.5847444144037843
71.8                                              0.5828482663699732
71.85                                             0.5807914988860887
71.9                                              0.5785787097445767
71.95                                             0.5762163523895135
72                                                0.5737127870371496
72.05                                             0.5710783193000403
72.10000000000001                                 0.5683252226357871
72.15                                             0.5654677403810338
72.2                                              0.5625220626713046
72.25                                             0.559506273247798
72.30000000000001                                 0.5564402610664376
72.35000000000001                                 0.5533455918115445
72.4                                              0.5502453349295161
72.45                                             0.547163842690553
72.5                                              0.5441264790763988
72.55                                             0.5411592980036298
72.6                                              0.538288672480946
72.64999999999999                                 0.5355408787211502
72.7                                              0.532941641866506
72.75                                             0.5305156526964367
72.8                                              0.5282860672944399
72.85                                             0.5262740039377676
72.9                                              0.5244980532307578
72.95                                             0.5229738185254253
73                                                0.521713503804355
73.05                                             0.5207255653158365
73.10000000000001                                 0.5200144413585102
73.15                                             0.5195803717461314
73.2                                              0.5194193148225849
73.25                                             0.5195229656721484
73.30000000000001                                 0.5198788746824041
73.35000000000001                                 0.5204706611877923
73.4                                              0.521278312883582
73.45                                             0.5222785583218275
73.50000000000001                                 0.523445297310469
73.55000000000001                                 0.5247500725562294
73.60000000000001                                 0.5261625654642251
73.65                                             0.5276510995731245
73.7                                              0.5291831365426838
73.75                                             0.5307257517332744
73.8                                              0.5322460790146158
73.85                                             0.5337117172902022
73.89999999999999                                 0.5350910941228694
73.95                                             0.5363537846166945
74                                                0.5374707862118537
74.05                                             0.5384147521893535
74.1                                              0.5391601884034627
74.15                                             0.5396836190405929
74.2                                              0.5399637280499069
74.25                                             0.5399814833290145
74.3                                              0.539720250807622
74.35000000000001                                 0.5391659052926845
74.4                                              0.5383069443487761
74.45                                             0.5371346106145127
74.5                                              0.5356430268088761
74.55000000000001                                 0.5338293462705203
74.60000000000001                                 0.531693920186586
74.65                                             0.5292404807052176
74.7                                              0.5264763368773955
74.75                                             0.5234125778438165
74.8                                              0.520064274906036
74.85                                             0.516450671149268
74.89999999999999                                 0.5125953442308963
74.95                                             0.5085263249772446
75                                                0.504276151773203
