20                       0.4220383939233699
20.02                    0.4218972224516622
20.04                    0.4217559809094054
20.06                    0.421614670352498
20.080000000000002       0.4214732917441003
20.1                     0.4213318459508231
20.119999999999997       0.42119033373952597
20.14                    0.42104875577327866
20.16                    0.42090711260806696
20.18                    0.42076540468902673
20.2                     0.42062363234712286
20.22                    0.42048179579556005
20.240000000000002       0.42033989512637737
20.259999999999998       0.42019793030716346
20.279999999999998       0.4200559011778957
20.3                     0.41991380744759244
20.32                    0.41977164869141304
20.34                    0.4196294243475298
20.36                    0.4194871337141531
20.38                    0.41934477594673375
20.4                     0.419202350054645
20.419999999999998       0.41905985489858727
20.44                    0.4189172891873339
20.46                    0.41877465147486415
20.479999999999997       0.41863194015750343
20.5                     0.4184891534709913
20.52                    0.41834628948809205
20.540000000000003       0.4182033461160296
20.56                    0.4180603210942941
20.58                    0.4179172119928993
20.6                     0.41777401621038945
20.619999999999997       0.4176307309726079
20.64                    0.41748735333132214
20.66                    0.41734388016323165
20.68                    0.4172003081691315
20.7                     0.41705663387329567
20.72                    0.41691285362361147
20.740000000000002       0.4167689635949679
20.76                    0.4166249598247345
20.779999999999998       0.4164808369348412
20.8                     0.4163365933708492
20.82                    0.4161922221800223
20.84                    0.4160477191662663
20.86                    0.4159030792301224
20.88                    0.4157582984019497
20.900000000000002       0.4156133705206389
20.919999999999998       0.41546829022860005
20.939999999999998       0.41532305209016845
20.96                    0.4151776504054004
20.98                    0.4150320793041686
21                       0.41488633279179415
21.02                    0.41474040485729574
21.04                    0.4145942899799984
21.06                    0.4144479843666558
21.08                    0.41430146103000254
21.1                     0.41415473814671466
21.12                    0.41400780175017715
21.139999999999997       0.4138606430681242
21.16                    0.41371325479231386
21.18                    0.4135656295831012
21.2                     0.4134177599868418
21.22                    0.4132696384354548
21.24                    0.41312125725377735
21.26                    0.41297260866735647
21.28                    0.412823684811194
21.299999999999997       0.4126744777382207
21.32                    0.41252497942603983
21.34                    0.41237518178161653
21.36                    0.41222507664850594
21.38                    0.4120746558164492
21.4                     0.4119239110312687
21.42                    0.4117728340038085
21.439999999999998       0.4116214164184522
21.46                    0.41146964994202667
21.48                    0.41131752623267376
21.5                     0.4111650369489802
21.52                    0.41101217375958654
21.54                    0.4108589283523886
21.560000000000002       0.4107052924443054
21.58                    0.41055125779087953
21.599999999999998       0.41039681619621915
21.62                    0.4102419595229915
21.64                    0.41008667970282725
21.66                    0.40993096874674073
21.68                    0.409774818755492
21.7                     0.4096182219296986
21.720000000000002       0.40946117057946424
21.74                    0.4093036571341174
21.759999999999998       0.40914567415190156
21.78                    0.40898721432970553
21.799999999999997       0.4088282705129456
21.82                    0.4086688357049801
21.84                    0.4085089030766319
21.86                    0.4083484659753969
21.88                    0.40818751793418995
21.9                     0.40802605268019826
21.92                    0.4078640641429765
21.94                    0.4077015464626494
21.959999999999997       0.40753849399737574
21.98                    0.4073749013308251
22                       0.4072107632788226
22.02                    0.4070460748960167
22.04                    0.4068808314816578
22.06                    0.40671502858532754
22.080000000000002       0.40654866201189493
22.099999999999998       0.40638172782611104
22.119999999999997       0.4062142223566192
22.14                    0.40604614219936785
22.16                    0.4058774842204838
22.18                    0.40570824555834933
22.2                     0.4055384236250148
22.22                    0.4053680161068512
22.24                    0.4051970209644369
22.259999999999998       0.40502543643171995
22.28                    0.40485326101419494
22.3                     0.40468049348656765
22.319999999999997       0.40450713288953427
22.34                    0.4043331785255681
22.36                    0.404158629954205
22.380000000000003       0.40398348698626185
22.4                     0.40380774967725475
22.419999999999998       0.40363141832008664
22.44                    0.4034544934366169
22.46                    0.4032769757685635
22.48                    0.4030988662673389
22.5                     0.4029201660829937
22.52                    0.40274087655245816
22.54                    0.402560999186553
22.56                    0.4023805356563271
22.580000000000002       0.4021994877783269
22.6                     0.40201785749900026
22.619999999999997       0.4018356468781265
22.64                    0.40165285807135437
22.66                    0.40146949331183013
22.68                    0.40128555489090745
22.7                     0.40110104513823713
22.72                    0.40091596640118443
22.740000000000002       0.40073032102351835
22.759999999999998       0.4005441113236443
22.779999999999998       0.4003573395720822
22.8                     0.4001700079684428
22.82                    0.3999821186173873
22.84                    0.3997936735043986
22.86                    0.3996046744704291
22.88                    0.3994151231864442
22.900000000000002       0.3992250211273715
22.919999999999998       0.3990343695458909
22.94                    0.3988431694455911
22.96                    0.39865142155449984
22.98                    0.3984591262979803
23                       0.3982662837718314
23.02                    0.398072893715373
23.04                    0.39787895548476065
23.06                    0.397684468026453
23.08                    0.39748942985105734
23.1                     0.3972938390078596
23.12                    0.39709769305964254
23.139999999999997       0.3969009890576567
23.16                    0.39670372351686056
23.18                    0.39650589239120876
23.2                     0.39630749105002205
23.22                    0.3961085142556168
23.24                    0.39590895614272686
23.26                    0.3957088101993625
23.279999999999998       0.39550806924861215
23.3                     0.39530672543179707
23.32                    0.39510477019258294
23.34                    0.394902194262909
23.36                    0.3946989876501729
23.38                    0.3944951396261758
23.400000000000002       0.3942906387179663
23.419999999999998       0.3940854727004315
23.439999999999998       0.39387962859112113
23.46                    0.39367309264753225
23.48                    0.3934658503687142
23.5                     0.3932578865003828
23.52                    0.3930491850398865
23.54                    0.3928397292376147
23.560000000000002       0.3926295016017102
23.58                    0.39241848391210205
23.6                     0.3922066572403005
23.62                    0.3919940019725235
23.64                    0.39178049783875846
23.66                    0.39156612395679485
23.68                    0.39135085891389326
23.700000000000003       0.39113468094463305
23.72                    0.3909175670059878
23.74                    0.3906994749655214
23.759999999999998       0.3904804175431484
23.78                    0.3902603520936853
23.8                     0.39003925324096433
23.82                    0.3898170966810039
23.84                    0.38959385723797046
23.86                    0.3893695093842536
23.88                    0.38914402736387654
23.9                     0.3889173852277691
23.92                    0.3886895567600702
23.939999999999998       0.38846051674878546
23.959999999999997       0.3882302407488726
23.98                    0.38799869951778226
24                       0.38776586866491547
24.02                    0.387531723525838
24.04                    0.38729623586407824
24.06                    0.3870593851582377
24.080000000000002       0.3868211451520678
24.099999999999998       0.38658149234762357
24.12                    0.3863404037544691
24.14                    0.38609785708979627
24.16                    0.38585383087210195
24.18                    0.38560830450636874
24.2                     0.38536125836800467
24.220000000000002       0.3851126738861695
24.24                    0.3848625336269274
24.259999999999998       0.3846108213756146
24.28                    0.3843575222183162
24.3                     0.38410262262213446
24.32                    0.3838461105140858
24.34                    0.38358797535780237
24.36                    0.38332820822854224
24.38                    0.383066801884919
24.4                     0.3828037508387805
24.42                    0.3825390514208894
24.44                    0.3822727018432974
24.459999999999997       0.38200470225792804
24.48                    0.38173505481112285
24.5                     0.3814637636927085
24.520000000000003       0.3811908351808648
24.54                    0.38091627768127806
24.56                    0.38064010176091945
24.580000000000002       0.38036232017534133
24.6                     0.3800829478899975
24.62                    0.37980200209472914
24.64                    0.3795195022111633
24.66                    0.37923546989254336
24.68                    0.3789499290163507
24.7                     0.37866290566832017
24.720000000000002       0.37837442811867633
24.740000000000002       0.37808452678973803
24.759999999999998       0.37779323421432104
24.779999999999998       0.3775005849860266
24.8                     0.3772066156994566
24.82                    0.37691136488183097
24.84                    0.376614872914556
24.86                    0.3763171819455763
24.88                    0.376018335792103
24.9                     0.375718379833297
24.919999999999998       0.3754173608937351
24.94                    0.3751153271168405
24.96                    0.37481232782886326
24.979999999999997       0.3745084133934964
25                       0.37420363505681803
25.02                    0.3738980447836402
25.040000000000003       0.3735916950843851
25.06                    0.37328463883400503
25.08                    0.37297692908193186
25.1                     0.372668618855029
25.119999999999997       0.37235976095226564
25.14                    0.3720504077333083
25.16                    0.3717406109000997
25.18                    0.3714304212730033
25.2                     0.3711198885618992
25.22                    0.37080906113265977
25.240000000000002       0.370497985770241
25.26                    0.37018670743874593
25.279999999999998       0.36987526903966167
25.3                     0.3695637111693238
25.32                    0.3692520718757721
25.34                    0.36894038641701943
25.36                    0.3686286870212793
25.38                    0.36831700265030737
25.400000000000002       0.36800535876687335
25.419999999999998       0.3676937771080935
25.44                    0.3673822754648995
25.46                    0.36707086747018275
25.48                    0.3667595623955252
25.5                     0.36644836495873734
25.52                    0.3661372751432802
25.540000000000003       0.3658262880308156
25.56                    0.3655153936479555
25.58                    0.3652045768295508
25.6                     0.3648938170982309
25.62                    0.3645830885629156
25.64                    0.3642723598368975
25.66                    0.363961593976882
25.68                    0.3636507484436753
25.7                     0.36333977508722853
25.72                    0.36302862015442505
25.740000000000002       0.36271722432385417
25.76                    0.36240552276554644
25.78                    0.3620934452294498
25.799999999999997       0.36178091616014046
25.82                    0.3614678548420036
25.84                    0.36115417557280877
25.86                    0.360839787867244
25.88                    0.36052459669122794
25.9                     0.3602085027260891
25.92                    0.35989140266378866
25.939999999999998       0.3595731895327947
25.96                    0.3592537530544924
25.98                    0.35893298003017443
26                       0.35861075475844684
26.02                    0.35828695948324163
26.04                    0.35796147487785296
26.060000000000002       0.3576341807490626
26.08                    0.3573049550540688
26.099999999999998       0.35697367819054726
26.12                    0.35664022901270553
26.14                    0.3563044882736504
26.16                    0.35596633807197436
26.18                    0.35562566223986536
26.2                     0.35528234941723047
26.220000000000002       0.3549362907195429
26.24                    0.3545873818175607
26.26                    0.3542355234563326
26.28                    0.3538806220743812
26.299999999999997       0.3535225904736821
26.32                    0.35316134852165365
26.34                    0.3527968236967214
26.360000000000003       0.3524289441934308
26.38                    0.35205765643312437
26.4                     0.35168293673375506
26.42                    0.3513047293099688
26.44                    0.3509230114545631
26.46                    0.3505377702838055
26.48                    0.35014900423967027
26.5                     0.349756723890483
26.52                    0.3493609524498603
26.54                    0.34896172618977217
26.560000000000002       0.34855909478512165
26.580000000000002       0.3481531215969393
26.599999999999998       0.34774388389364014
26.619999999999997       0.34733147300935696
26.64                    0.34691599443838883
26.660000000000004       0.34649756786027625
26.68                    0.34607632708813857
26.7                     0.34565241993816437
26.72                    0.34522600801889897
26.74                    0.34479726643933784
26.759999999999998       0.3443663834306773
26.78                    0.34393355988099494
26.8                     0.3434990087791197
26.819999999999997       0.34306295456746544
26.84                    0.3426256324014389
26.86                    0.3421872873157492
26.880000000000003       0.3417481732963781
26.9                     0.34130855225919715
26.919999999999998       0.3408686929353863
26.94                    0.34042886966538666
26.96                    0.33998936110291855
26.98                    0.3395504488322919
27                       0.33911241590165936
27.02                    0.33867554527724547
27.04                    0.33824011822278616
27.06                    0.33780641260949995
27.080000000000002       0.3373747011631025
27.1                     0.3369452496545842
27.119999999999997       0.336518315043306
27.14                    0.33609414358047035
27.16                    0.3356729688834266
27.18                    0.33525500999057534
27.2                     0.33484046940865414
27.22                    0.3344295311640499
27.240000000000002       0.33402235887121096
27.259999999999998       0.33361909383121213
27.28                    0.3332198531753666
27.3                     0.3328247280679726
27.32                    0.3324337819837446
27.339999999999996       0.332047049075854
27.36                    0.3316645326504116
27.380000000000003       0.3312862037639424
27.400000000000002       0.33091199996023624
27.419999999999998       0.3305418241630543
27.439999999999998       0.33017554374135855
27.46                    0.3298129897625017
27.48                    0.32945395644978004
27.5                     0.329098200859025
27.52                    0.32874544278833223
27.54                    0.3283953649351292
27.56                    0.3280476133115245
27.580000000000002       0.327701797930565
27.6                     0.3273574937714063
27.62                    0.3270142420323653
27.639999999999997       0.32667155167767375
27.66                    0.3263289012820292
27.680000000000003       0.32598574117530293
27.7                     0.3256414958873039
27.72                    0.32529556688986316
27.74                    0.32494733563200306
27.76                    0.32459616686012127
27.78                    0.3242414122136835
27.8                     0.3238824140837711
27.82                    0.3235185097189783
27.84                    0.3231490355611878
27.86                    0.32277333179015355
27.880000000000003       0.3223907470544306
27.900000000000002       0.32200064336234163
27.919999999999998       0.3216024011053931
27.939999999999998       0.321195424183421
27.96                    0.32077914519905515
27.98                    0.3203530306865907
28                       0.3199165863386433
28.02                    0.3194693621922751
28.04                    0.31901095773466803
28.060000000000002       0.31854102688650476
28.08                    0.3180592828215261
28.1                     0.31756550257761534
28.12                    0.31705953141664156
28.14                    0.3165412868873789
28.16                    0.31601076254688676
28.18                    0.31546803129496154
28.200000000000003       0.3149132482769307
28.22                    0.3143466533091883
28.24                    0.3137685727842315
28.259999999999998       0.3131794210111609
28.28                    0.3125797009499424
28.3                     0.31197000429860355
28.32                    0.3113510108943312
28.34                    0.3107234873914704
28.36                    0.310088285182171
28.38                    0.30944633752773276
28.400000000000002       0.3087986558721772
28.42                    0.30814632531352765
28.439999999999998       0.3074904992117768
28.459999999999997       0.30683239291872005
28.48                    0.3061732766184299
28.500000000000004       0.30551446727663356
28.52                    0.30485731970219315
28.54                    0.3042032167343418
28.56                    0.30355355857618926
28.580000000000002       0.30290975130196685
28.6                     0.30227319457629576
28.62                    0.30164526863391333
28.64                    0.30102732058518394
28.66                    0.30042065012504204
28.679999999999996       0.29982649473793466
28.700000000000003       0.2992460145036989
28.720000000000002       0.2986802766243977
28.74                    0.2981302398067902
28.759999999999998       0.2975967386506255
28.780000000000005       0.29708046820861594
28.8                     0.2965819688978636
28.82                    0.2961016119573041
28.84                    0.2956395856602676
28.86                    0.2951958825062678
28.88                    0.294770287629476
28.900000000000002       0.2943623686527907
28.92                    0.2939714671728809
28.94                    0.2935966920640652
28.959999999999997       0.2932369149038171
28.980000000000004       0.2928907678360828
29.000000000000004       0.29255664404358384
29.020000000000003       0.29223270094968995
29.04                    0.2919168663079447
29.06                    0.29160684733266057
29.08                    0.2913001429802127
29.099999999999998       0.29099405942354084
29.12                    0.29068572859591524
29.14                    0.2903721287034095
29.16                    0.29005012007636666
29.179999999999996       0.289716457167675
29.200000000000003       0.289367822591534
29.220000000000002       0.28900087447856665
29.240000000000002       0.28861226982974786
29.259999999999998       0.28819870666887853
29.279999999999998       0.2877569644073919
29.299999999999997       0.2872839449562483
29.32                    0.2867767148346577
29.34                    0.2862325476638675
29.36                    0.2856489671792957
29.38                    0.2850237953236387
29.400000000000002       0.2843551714285261
29.42                    0.2836416177885815
29.44                    0.2828820643393101
29.46                    0.2820758833821422
29.479999999999997       0.28122292367288027
29.499999999999996       0.28032352796339194
29.520000000000003       0.2793785709997336
29.54                    0.27838946743555415
29.56                    0.2773581880421188
29.58                    0.276287267117593
29.600000000000005       0.27517980398011777
29.62                    0.2740394580308015
29.64                    0.2728704369793388
29.66                    0.27167747784751567
29.68                    0.27046582038041606
29.699999999999996       0.26924117250892743
29.720000000000002       0.2680096675254633
29.740000000000002       0.26677781265883965
29.76                    0.26555242876664326
29.779999999999998       0.2643405809092983
29.800000000000004       0.2631494996369785
29.820000000000004       0.26198649290448967
29.84                    0.2608588486470321
29.86                    0.25977372820009537
29.88                    0.2587380509335818
29.9                     0.2577583707061986
29.919999999999995       0.25684074502707727
29.94                    0.2559905981407886
29.96                    0.25521257963893007
29.98                    0.25451042062251883
30.000000000000004       0.2538867899120573
30.020000000000003       0.2533431532932974
30.040000000000003       0.2528796392891008
30.06                    0.25249491543935304
30.08                    0.2521860795127531
30.099999999999998       0.25194857044503627
30.119999999999997       0.25177610404482925
30.14                    0.2516606386008496
30.16                    0.2515923754129608
30.18                    0.25155979892182645
30.2                     0.2515497604930487
30.220000000000002       0.2515476090084657
30.240000000000002       0.251537370224026
30.26                    0.2515019753914185
30.28                    0.25142353795331257
30.299999999999997       0.251283675270184
30.319999999999997       0.2510638704187372
30.340000000000003       0.2507458672108918
30.36                    0.2503120898501278
30.38                    0.24974607717635453
30.4                     0.24903292036861266
30.42                    0.2481596923618869
30.44                    0.24711585715218337
30.46                    0.24589364762642232
30.48                    0.24448840154040252
30.5                     0.24289884670641823
30.519999999999996       0.24112732822881233
30.540000000000003       0.2391799726007794
30.560000000000002       0.2370667854784128
30.58                    0.23480168180608624
30.599999999999998       0.2324024485029395
30.620000000000005       0.2298906409831613
30.640000000000004       0.2272914152330714
30.66                    0.22463329691316036
30.68                    0.2219478879256991
30.7                     0.21926950907244602
30.72                    0.21663477485155114
30.740000000000002       0.21408209319448046
30.76                    0.21165107918611262
30.78                    0.20938186781035584
30.799999999999997       0.20731430692063108
30.820000000000004       0.2054870085436781
30.840000000000003       0.2039362351368636
30.860000000000003       0.20269459868054218
30.88                    0.20178955600729376
30.9                     0.20124169538072792
30.919999999999998       0.2010628290702709
30.939999999999998       0.20125393645174267
30.96                    0.20180304322799622
30.98                    0.20268317438173564
31                       0.2038505783378263
31.020000000000003       0.20524348039214999
31.040000000000003       0.20678167260613103
31.060000000000002       0.20836726803060887
31.080000000000002       0.20988691940771748
31.099999999999998       0.21121570839362652
31.119999999999997       0.2122227419963112
31.139999999999997       0.2127782569353347
31.160000000000004       0.2127617619464535
31.18                    0.2120704972015827
31.2                     0.21062732550012403
31.22                    0.20838715056884283
31.240000000000002       0.2053411123266515
31.26                    0.20151812015442647
31.28                    0.1969836903946445
31.3                     0.19183646341023133
31.319999999999997       0.18620310029234394
31.339999999999996       0.18023244065768065
31.360000000000003       0.1740898251426716
31.380000000000003       0.1679523729722597
31.4                     0.1620058015758399
31.419999999999998       0.1564431236445011
31.440000000000005       0.15146527102289975
31.46                    0.14728333531216709
31.48                    0.14412156059663564
31.5                     0.14221922974682366
31.52                    0.14182774077953497
31.54                    0.14319592089762487
31.560000000000002       0.1465316376540405
31.580000000000002       0.1519223021660455
31.6                     0.15919730871125676
31.619999999999997       0.16773855177047786
31.640000000000004       0.1763148444372403
31.660000000000004       0.18312273936415382
31.68                    0.1862348878173327
31.7                     0.18438860860077044
31.72                    0.17760531226700768
31.74                    0.16711785019845107
31.76                    0.15469814057322398
31.78                    0.14195478687427784
31.8                     0.1299904479985451
31.82                    0.11940496879787829
31.840000000000003       0.11047647950886828
31.860000000000003       0.10347476896826158
31.880000000000003       0.0996481692102212
31.900000000000002       0.10863702090954945
31.919999999999998       0.195368840856194
31.939999999999998       0.14507095225677777
31.959999999999997       0.11346292876986523
31.98                    0.10368334856012341
32                       0.09988101303101031
32.019999999999996       0.09859595665555836
32.04                    0.09872928379269286
32.06                    0.09981988006731005
32.080000000000005       0.1016322428820886
32.1                     0.10402748881350478
32.12                    0.10691445296904546
32.14                    0.11022829228999151
32.16                    0.11392001096298528
32.18                    0.11795084579917733
32.2                     0.12228902335189631
32.22                    0.12690776703441953
32.239999999999995       0.13178400742156757
32.260000000000005       0.13689751082804963
32.28                    0.14223026892474083
32.300000000000004       0.14776605813383037
32.32                    0.15349011344403024
32.339999999999996       0.15938888173522797
32.36                    0.16544983182165757
32.38                    0.171661305882451
32.4                     0.17801240168594537
32.42                    0.18449287811211068
32.44                    0.19109307856209448
32.46                    0.19780386827281565
32.480000000000004       0.20461658256146975
32.5                     0.21152298374367529
32.52                    0.2185152249936924
32.54                    0.22558581980010056
32.559999999999995       0.232727615963006
32.580000000000005       0.2399337732972167
32.6                     0.24719774437713712
32.62                    0.2545132577862913
32.64                    0.261874303442909
32.660000000000004       0.2692751196462336
32.68                    0.27671018155859234
32.7                     0.2841741908862247
32.72                    0.29166206656516364
32.74                    0.2991689362915955
32.76                    0.3066901287649369
32.779999999999994       0.3142211665312121
32.800000000000004       0.3217577593366316
32.82                    0.32929579791478547
32.839999999999996       0.3368313481417673
32.86000000000001        0.3443606455094528
32.88                    0.35188008986782926
32.9                     0.359386240403465
32.92                    0.36687581082064635
32.94                    0.3743456647014103
32.96                    0.38179281102022355
32.98                    0.38921439979951894
33                       0.3966077178876774
33.02                    0.4039701848499128
33.04                    0.4112993489615268
33.059999999999995       0.4185928832948111
33.080000000000005       0.425848581893836
33.1                     0.43306435603205296
33.12                    0.4402382305478141
33.14                    0.4473683402541198
33.16                    0.45445292642211854
33.18                    0.4614903333340157
33.2                     0.4684790049042884
33.22                    0.47541748137041184
33.24                    0.48230439604877995
33.26                    0.4891384721580196
33.28                    0.49591851970804474
33.300000000000004       0.5026434324551148
33.32                    0.5093121849219396
33.34                    0.515923829484072
33.36                    0.5224774935208812
33.379999999999995       0.5289723766325265
33.400000000000006       0.5354077479217975
33.42                    0.541782943341626
33.44                    0.5480973631058387
33.46                    0.5543504691674596
33.480000000000004       0.5605417827586788
33.5                     0.566670881997293
33.52                    0.5727373995553616
33.54                    0.578741020392188
33.56                    0.584681479549584
33.58                    0.5905585600100922
33.6                     0.5963720906165938
33.620000000000005       0.6021219440528843
33.64                    0.6078080348846937
33.66                    0.6134303176604332
33.68000000000001        0.618988785070523
33.7                     0.6244834661640066
33.72                    0.6299144246233159
33.74                    0.635281757093727
33.76                    0.6405855915687494
33.78                    0.6458260858285777
33.8                     0.6510034259317571
33.82                    0.656117824759151
33.84                    0.6611695206072712
33.86                    0.666158775832658
33.88                    0.6710858755431646
33.900000000000006       0.67595112633781
33.92                    0.6807548550920861
33.94                    0.6854974077878051
33.96                    0.6901791483879989
33.98                    0.6948004577534701
34                       0.6993617326006552
34.02                    0.7038633845006955
34.04                    0.7083058389173378
34.06                    0.7126895342821751
34.08                    0.7170149211079335
34.1                     0.721282461136812
34.120000000000005       0.7254926265237969
34.14                    0.7296458990533793
34.16                    0.7337427693892428
34.18                    0.7377837363550709
34.199999999999996       0.7417693062458369
34.220000000000006       0.7456999921693156
34.24                    0.7495763134149437
34.26                    0.7533987948516269
34.28                    0.7571679663506274
34.300000000000004       0.7608843622351088
34.32                    0.7645485207534546
34.34                    0.7681609835768205
34.36                    0.7717222953197032
34.379999999999995       0.7752330030822994
34.4                     0.7786936560144295
34.419999999999995       0.7821048048997841
34.440000000000005       0.7854670017600142
34.46                    0.7887807994779736
34.480000000000004       0.7920467514401163
34.50000000000001        0.7952654111982693
34.52                    0.7984373321532896
34.54                    0.8015630672635046
34.56                    0.8046431687801253
34.58                    0.8076781879963782
34.6                     0.8106686749649524
34.62                    0.813615178136238
34.64                    0.8165182439882483
34.660000000000004       0.8193784168182943
34.68                    0.8221962386873193
34.7                     0.8249722493306104
34.720000000000006       0.8277069859715048
34.74                    0.8304009831013417
34.76                    0.8330547722786634
34.78                    0.8356688819544354
34.8                     0.8382438373186868
34.82                    0.8407801601606819
34.84                    0.8432783687386826
34.86                    0.845738977654216
34.88                    0.8481624978663029
34.900000000000006       0.8505494362876957
34.92                    0.8529002957159655
34.940000000000005       0.8552155750328244
34.96                    0.857495769073871
34.98                    0.8597413684335982
35                       0.8619528593503388
35.019999999999996       0.8641307236678623
35.04                    0.8662754387871295
35.06                    0.8683874776125614
35.08                    0.870467308498656
35.1                     0.8725153950527472
35.120000000000005       0.8745321961913524
35.14                    0.8765181669044319
35.160000000000004       0.8784737564906907
35.18                    0.8803994095659454
35.199999999999996       0.8822955606932238
35.22                    0.8841626679639918
35.239999999999995       0.8860011338440146
35.26                    0.8878113961077962
35.28                    0.8895938749017439
35.300000000000004       0.8913489860363021
35.32000000000001        0.8930771405102446
35.34                    0.8947787444487074
35.36                    0.8964541990855609
35.38                    0.8981039007574209
35.4                     0.8997282409022432
35.419999999999995       0.9013276060608338
35.44                    0.9029023778808266
35.46                    0.9044529331230764
35.48                    0.9059796436694513
35.5                     0.9074828765331608
35.52                    0.9089629938699728
35.540000000000006       0.9104203529919245
35.56                    0.9118553063819524
35.58                    0.9132682017103466
35.6                     0.9146593818524053
35.62                    0.9160291849075802
35.63999999999999        0.9173779442199945
35.660000000000004       0.9187059883997286
35.68                    0.9200136413458325
35.7                     0.9213012222700628
35.720000000000006       0.9225690457217497
35.74                    0.9238174216138553
35.760000000000005       0.9250466552496501
35.78                    0.9262570473506553
35.8                     0.9274488940853102
35.82                    0.9286224870983675
35.839999999999996       0.9297781135412936
35.86                    0.9309160561034653
35.88                    0.9320365930437292
35.9                     0.933139998223211
35.92                    0.9342265411383716
35.940000000000005       0.9352964869548667
35.96                    0.9363500965421124
35.980000000000004       0.9373876265082595
36                       0.9384093292358581
36.019999999999996       0.9394154529179977
36.04                    0.940406241595078
36.059999999999995       0.9413819351919753
36.08                    0.9423427695556967
36.1                     0.9432889764934886
36.120000000000005       0.9442207838115106
36.14                    0.9451384153537736
36.160000000000004       0.9460420910414622
36.18                    0.9469320269128848
36.2                     0.9478084351635567
36.22                    0.9486715241866404
36.239999999999995       0.9495214986139656
36.26                    0.9503585593570768
36.28                    0.9511829036487932
36.3                     0.9519947250849746
36.32000000000001        0.9527942136666386
36.34                    0.9535815558422518
36.36                    0.9543569345503681
36.38                    0.9551205292625204
36.4                     0.9558725160261795
36.42                    0.9566130675081976
36.44                    0.9573423530382121
36.459999999999994       0.9580605386524729
36.480000000000004       0.9587677871376122
36.5                     0.9594642580747703
36.519999999999996       0.9601501078838529
36.540000000000006       0.9608254898678759
36.56                    0.9614905542574907
36.580000000000005       0.9621454482556773
36.6                     0.962790316082447
36.62                    0.9634252990197653
36.64                    0.9640505354565487
36.66                    0.9646661609336021
36.68                    0.9652723081888526
36.7                     0.9658691072025285
36.72                    0.9664566852422963
36.74                    0.9670351669085568
36.760000000000005       0.9676046741797883
36.78                    0.9681653264577427
36.800000000000004       0.9687172406127829
36.82                    0.9692605310291459
36.839999999999996       0.9697953096502092
36.86                    0.970321686023671
36.88                    0.9708397673468059
36.9                     0.9713496585115585
36.92                    0.9718514621496764
36.940000000000005       0.9723452786777825
36.96                    0.972831206342384
36.980000000000004       0.9733093412648381
37                       0.97377977748625
37.02                    0.9742426070123701
37.04                    0.9746979198582028
37.059999999999995       0.9751458040927254
37.08                    0.9755863458832388
37.1                     0.9760196295396323
37.12                    0.9764457375584227
37.14000000000001        0.9768647506664061
37.160000000000004       0.9772767478642216
37.18                    0.9776818064695004
37.2                     0.9780800021597097
37.22                    0.9784714090148446
37.24                    0.9788560995596938
37.26                    0.9792341448059253
37.279999999999994       0.9796056142938692
37.300000000000004       0.9799705761340812
37.32                    0.9803290970486328
37.34                    0.9806812424120926
37.36000000000001        0.9810270762923675
37.38                    0.9813666614911236
37.4                     0.9817000595840257
37.42                    0.9820273309605643
37.44                    0.9823485348636846
37.46                    0.9826637294306627
37.48                    0.9829729717557573
37.5                     0.9832763171427324
37.52                    0.9835738222597036
37.54                    0.983865539766693
37.56                    0.9841515230708505
37.580000000000005       0.9844318243164247
37.6                     0.9847064948678307
37.62                    0.9849755855899686
37.64                    0.9852391458673609
37.66                    0.9854972248478565
37.68                    0.9857498709343151
37.7                     0.9859971318181646
37.72                    0.9862390545242394
37.74                    0.986475685444914
37.760000000000005       0.9867070703740323
37.78                    0.9869332545444099
37.800000000000004       0.9871542826971638
37.82                    0.9873701995851873
37.84                    0.9875810520864514
37.86                    0.9877868741322444
37.879999999999995       0.9879877147897073
37.9                     0.9881836166624638
37.92                    0.9883746214816389
37.94                    0.9885607709328782
37.96000000000001        0.9887421064680189
37.980000000000004       0.9889186692779842
38                       0.9890905003015843
38.02                    0.9892576402431749
38.04                    0.9894201295928123
38.06                    0.9895780086469531
38.08                    0.9897313175290913
38.099999999999994       0.98988009620974
38.120000000000005       0.9900243845251339
38.14                    0.990164222194692
38.160000000000004       0.9902996488382931
38.18000000000001        0.9904307039939737
38.2                     0.990557427135202
38.22                    0.9906798576870368
38.24                    0.9907980350411182
38.26                    0.9909119985698122
38.28                    0.9910217876396507
38.3                     0.9911274416241093
38.32                    0.9912289999156436
38.34                    0.9913265019370786
38.36                    0.9914199871522382
38.38                    0.9915094950758709
38.400000000000006       0.9915950652828693
38.42                    0.9916767374167441
38.44                    0.9917545511974
38.46                    0.9918285464281661
38.48                    0.9918987630021062
38.5                     0.9919652409075681
38.52                    0.992028020232996
38.54                    0.9920871411710416
38.56                    0.992142644021986
38.580000000000005       0.9921945691965428
38.6                     0.9922429572180004
38.620000000000005       0.992287848723703
38.64                    0.992329284465837
38.66                    0.9923673053115126
38.68                    0.9924019522421601
38.699999999999996       0.9924332663522639
38.72                    0.9924612888474421
38.74                    0.9924860610418964
38.76                    0.9925076243552451
38.78000000000001        0.9925260203087353
38.800000000000004       0.992541290520867
38.82                    0.9925534767024189
38.84                    0.9925626206509003
38.86                    0.9925687642444316
38.879999999999995       0.9925719494350692
38.9                     0.9925722182415861
38.919999999999995       0.9925696127417123
38.940000000000005       0.9925641750638557
38.96                    0.992555947378309
38.980000000000004       0.992544971887943
39.00000000000001        0.9925312908184204
39.02                    0.9925149464079122
39.04                    0.9924959808963535
39.06                    0.9924744365142404
39.08                    0.9924503554709886
39.099999999999994       0.9924237799428862
39.12                    0.9923947520606413
39.14                    0.9923633138965762
39.160000000000004       0.9923295074514734
39.18000000000001        0.9922933746411211
39.2                     0.9922549572825534
39.220000000000006       0.9922142970800432
39.24                    0.9921714356108121
39.26                    0.9921264143105273
39.28                    0.9920792744585356
39.3                     0.9920300571628913
39.32                    0.9919788033451601
39.34                    0.9919255537250065
39.36                    0.9918703488046086
39.38                    0.9918132288528868
39.400000000000006       0.9917542338895967
39.42                    0.9916934036692522
39.440000000000005       0.9916307776649971
39.46                    0.9915663950523251
39.48                    0.9915002946927866
39.5                     0.9914325151176143
39.519999999999996       0.9913630945113378
39.54                    0.9912920706954055
39.56                    0.991219481111794
39.58                    0.9911453628066953
39.6                     0.9910697524142261
39.620000000000005       0.9909926861402636
39.64                    0.9909141997463656
39.660000000000004       0.9908343285338469
39.68                    0.9907531073280291
39.699999999999996       0.9906705704626843
39.72                    0.9905867517646963
39.74                    0.9905016845389382
39.76                    0.9904154015533414
39.78                    0.9903279350241846
39.800000000000004       0.990239316601521
39.82000000000001        0.9901495773547951
39.84                    0.9900587477586453
39.86                    0.9899668576789631
39.88                    0.9898739363592487
39.9                     0.9897800124073427
39.919999999999995       0.9896851137825846
39.94                    0.9895892677833608
39.96                    0.9894925010351635
39.98                    0.9893948394790261
40.00000000000001        0.9892963083604236
40.02                    0.9891969322186234
40.040000000000006       0.9890967348764521
40.06                    0.988995739430506
40.08                    0.9888939682418156
40.1                     0.9887914429270012
40.12                    0.9886881843498211
40.13999999999999        0.988584212613227
40.160000000000004       0.9884795470518634
40.18                    0.9883742062250053
40.2                     0.9882682079100145
40.220000000000006       0.9881615690963369
40.24                    0.988054305980208
40.260000000000005       0.9879464339603609
40.28                    0.987837967634872
40.3                     0.9877289207993075
40.32                    0.9876193064456964
40.339999999999996       0.9875091367616375
40.36                    0.987398423128827
40.38                    0.9872871761209148
40.4                     0.9871754055012988
40.42                    0.9870631202217319
40.440000000000005       0.9869503284222139
40.46                    0.9868370374322357
40.480000000000004       0.9867232537730529
40.5                     0.9866089831606936
40.519999999999996       0.9864942305095161
40.54                    0.9863789999362541
40.56                    0.9862632947646689
40.58                    0.986147117531105
40.6                     0.9860304699918945
40.620000000000005       0.9859133531343411
40.64                    0.9857957671948163
40.660000000000004       0.98567771168941
40.68                    0.9855591854617471
40.7                     0.9854401867388951
40.72                    0.9853207131492162
40.739999999999995       0.9852007616247156
40.76                    0.9850803281927
40.78                    0.9849594078548454
40.8                     0.984837994724192
40.82000000000001        0.984716082278953
40.84                    0.984593663502658
40.86                    0.9844707308847508
40.88                    0.9843472763740059
40.9                     0.9842232913445093
40.92                    0.9840987665845191
40.94                    0.9839736922999204
40.959999999999994       0.9838480581223883
40.980000000000004       0.9837218531130854
41                       0.9835950657494589
41.02                    0.9834676838807441
41.040000000000006       0.9833396950174905
41.06                    0.9832110863934903
41.080000000000005       0.9830818457114442
41.1                     0.9829519598641528
41.12                    0.9828214141294868
41.14                    0.9826901934614438
41.16                    0.9825582828269614
41.18                    0.9824256669976825
41.2                     0.9822923304233281
41.22                    0.9821582571405838
41.24                    0.9820234305179006
41.260000000000005       0.9818878324826819
41.28                    0.9817514518916644
41.300000000000004       0.9816142836274039
41.32                    0.9814762879840377
41.339999999999996       0.981337454568496
41.36                    0.9811977680674437
41.38                    0.9810572098281486
41.4                     0.9809157722993739
41.42                    0.9807734242507086
41.440000000000005       0.9806301556646903
41.46                    0.9804859485482059
41.480000000000004       0.9803407855757652
41.5                     0.9801946495593107
41.52                    0.9800475234203264
41.54                    0.9798993902041164
41.559999999999995       0.9797502331020502
41.580000000000005       0.9796000354759448
41.6                     0.9794487808831563
41.62                    0.9792964531018559
41.64000000000001        0.9791430361563092
41.660000000000004       0.9789885143421369
41.68                    0.9788328722513474
41.7                     0.9786760947972724
41.72                    0.9785181672392379
41.74                    0.9783590752070258
41.76                    0.9781988047250689
41.779999999999994       0.9780373422363059
41.800000000000004       0.977874674625801
41.82                    0.9777107892439332
41.84                    0.9775456739293003
41.86000000000001        0.9773793170311792
41.88                    0.9772117074315704
41.9                     0.9770428345668479
41.92                    0.9768726884488752
41.94                    0.9767012596857456
41.96                    0.9765285395019142
41.98                    0.9763545197578305
42                       0.9761791929690338
42.02                    0.9760025523247046
42.040000000000006       0.9758245917055359
42.06                    0.97564530570111
42.080000000000005       0.9754646896264836
42.1                     0.9752827395383145
42.12                    0.9750994522501482
42.14                    0.9749148253470853
42.16                    0.9747288571997552
42.18                    0.9745415469775297
42.2                     0.9743528946609923
42.22                    0.9741629010536794
42.24                    0.9739715677930096
42.260000000000005       0.9737788973604296
42.28                    0.9735848930907735
42.300000000000004       0.9733895591807824
42.32                    0.9731929006968002
42.34                    0.9729949235816137
42.36                    0.9727956346604097
42.379999999999995       0.9725950416459704
42.400000000000006       0.9723931531428374
42.42                    0.9721899786506861
42.44                    0.971985528566774
42.46000000000001        0.9717798141875023
42.480000000000004       0.9715728477090149
42.5                     0.9713646422269432
42.52                    0.9711552117351664
42.54                    0.9709445711236924
42.56                    0.9707327361755448
42.58                    0.9705197235627749
42.6                     0.9703055508415305
42.620000000000005       0.9700902364460919
42.64                    0.9698737996821011
42.660000000000004       0.9696562607187638
42.68000000000001        0.9694376405801404
42.7                     0.96921796113548
42.72                    0.968997245088683
42.74                    0.9687755159667271
42.76                    0.9685527981072602
42.78                    0.9683291166452686
42.8                     0.9681044974987673
42.82                    0.9678789673536826
42.84                    0.9676525536477377
42.86000000000001        0.9674252845535681
42.88                    0.9671971889607963
42.900000000000006       0.9669682964574687
42.92                    0.9667386373104274
42.94                    0.9665082424450049
42.96                    0.9662771434237628
42.98                    0.9660453724245537
43                       0.9658129622176662
43.02                    0.9655799461422847
43.04                    0.9653463580821797
43.06000000000001        0.9651122324405801
43.080000000000005       0.9648776041144724
43.1                     0.9646425084680192
43.120000000000005       0.9644069813054522
43.14                    0.9641710588432817
43.16                    0.963934777681732
43.18                    0.9636981747757607
43.199999999999996       0.9634612874054088
43.22                    0.9632241531454985
43.24                    0.9629868098349715
43.26                    0.9627492955455503
43.28000000000001        0.9625116485499967
43.300000000000004       0.9622739072899308
43.32                    0.9620361103431515
43.34                    0.9617982963905893
43.36                    0.9615605041829054
43.379999999999995       0.9613227725067589
43.4                     0.9610851401506981
43.42                    0.9608476458708602
43.440000000000005       0.9606103283563265
43.46                    0.9603732261943716
43.480000000000004       0.9601363778354823
43.50000000000001        0.9598998215582041
43.52                    0.9596635954338963
43.54                    0.9594277372914343
43.56                    0.9591922846817941
43.58                    0.9589572748426506
43.599999999999994       0.9587227446630117
43.62                    0.9584887306478557
43.64                    0.9582552688829024
43.660000000000004       0.958022394999439
43.68000000000001        0.9577901441393234
43.7                     0.9575585509201954
43.720000000000006       0.9573276494008903
43.74                    0.9570974730470639
43.76                    0.9568680546970966
43.78                    0.9566394265284338
43.8                     0.9564116200239142
43.82                    0.9561846659384321
43.84                    0.9559585942647326
43.86                    0.9557334341939405
43.88                    0.9555092140227243
43.900000000000006       0.9552859634195495
43.92                    0.9550637037767494
43.940000000000005       0.9548424653167755
43.96                    0.9546222716257706
43.98                    0.9544031464470194
44                       0.9541851124228609
44.019999999999996       0.953968191561013
44.04                    0.9537524049237979
44.06                    0.9535377716913267
44.08                    0.9533243104480286
44.1                     0.9531120386382183
44.120000000000005       0.9529009725382974
44.14                    0.9526911272466795
44.160000000000004       0.9524825166658268
44.18                    0.9522751534823616
44.199999999999996       0.9520690491469849
44.22                    0.9518642138513461
44.24                    0.9516606564898825
44.26                    0.9514583845710869
44.28                    0.9512574050690189
44.300000000000004       0.9510577227849311
44.32000000000001        0.9508593409243797
44.34                    0.9506622621057715
44.36                    0.9504664873811383
44.38                    0.950272016414048
44.4                     0.9500788474963812
44.419999999999995       0.9498869775450476
44.440000000000005       0.9496964020970589
44.46                    0.9495071153053398
44.48                    0.9493191099356382
44.50000000000001        0.949132377365143
44.52                    0.9489469075829435
44.540000000000006       0.9487626891925443
44.56                    0.9485797094155851
44.58                    0.9483979540944045
44.6                     0.9482174076924846
44.62                    0.948038053295941
44.63999999999999        0.9478598726201622
44.660000000000004       0.9476828460212405
44.68                    0.9475069525091164
44.7                     0.9473321697602596
44.720000000000006       0.9471584741304798
44.74                    0.9469858406685431
44.760000000000005       0.9468142431312017
44.78                    0.9466436539995193
44.8                     0.9464740444967904
44.82                    0.9463053846077524
44.839999999999996       0.9461376430992029
44.86                    0.9459707875420734
44.88                    0.9458047843346252
44.900000000000006       0.9456395987272748
44.92                    0.9454751948484023
44.940000000000005       0.9453115357317189
44.96                    0.9451485833445641
44.980000000000004       0.944986298617339
45                       0.944824641473774
45.019999999999996       0.9446635708619825
45.04                    0.944503044786559
45.06                    0.9443430203418053
45.08                    0.9441834537465649
45.1                     0.9440243003807336
45.120000000000005       0.9438655148230991
45.14                    0.9437070508905102
45.160000000000004       0.9435488616776345
45.18                    0.9433908995976246
45.2                     0.943233116423302
45.22                    0.9430754633291912
45.239999999999995       0.9429178909343535
45.260000000000005       0.9427603493459469
45.28                    0.9426027882036804
45.3                     0.9424451567250253
45.32000000000001        0.9422874037512131
45.34                    0.9421294777938793
45.36                    0.9419713270823666
45.38                    0.9418128996117513
45.4                     0.9416541431913077
45.42                    0.9414950054935486
45.44                    0.9413354341037662
45.46                    0.941175376569908
45.480000000000004       0.9410147804529773
45.5                     0.94085359337757
45.52                    0.9406917630828034
45.540000000000006       0.9405292374733991
45.56                    0.9403659646709045
45.580000000000005       0.9402018930651432
45.6                     0.9400369713655068
45.62                    0.9398711486525475
45.64                    0.93970437442934
45.66                    0.9395365986729299
45.68                    0.9393677718856459
45.7                     0.9391978451463256
45.720000000000006       0.9390267701612963
45.74                    0.938854499315203
45.760000000000005       0.9386809857214964
45.78                    0.9385061832726723
45.800000000000004       0.938330046690034
45.82                    0.9381525315731248
45.839999999999996       0.9379735944485692
45.86                    0.9377931928184665
45.88                    0.9376112852081212
45.9                     0.9374278312130626
45.92000000000001        0.9372427915454291
45.940000000000005       0.9370561280794981
45.96                    0.9368678038964324
45.980000000000004       0.9366777833280134
46                       0.9364860319996668
46.02                    0.9362925168722861
46.04                    0.9360972062831263
46.059999999999995       0.9359000699856831
46.080000000000005       0.935701079188322
46.1                     0.9355002065919166
46.12                    0.9352974264261696
46.14000000000001        0.9350927144847131
46.160000000000004       0.9348860481590017
46.18                    0.934677406470824
46.2                     0.9344667701034273
46.22                    0.9342541214313996
46.24                    0.9340394445489655
46.26                    0.9338227252969945
46.28                    0.9336039512883543
46.300000000000004       0.9333831119320507
46.32                    0.9331601984555865
46.34                    0.9329352039259455
46.36000000000001        0.9327081232688745
46.38                    0.9324789532865765
46.4                     0.9322476926736014
46.42                    0.9320143420308553
46.44                    0.9317789038779245
46.46                    0.9315413826631371
46.48                    0.9313017847719414
46.5                     0.9310601185332714
46.52                    0.9308163942240997
46.540000000000006       0.9305706240721421
46.56                    0.9303228222568448
46.580000000000005       0.9300730049086186
46.6                     0.9298211901062732
46.62                    0.9295673978726192
46.64                    0.9293116501682153
46.66                    0.9290539708833833
46.68                    0.928794385827947
46.7                     0.9285329227194807
46.72                    0.9282696111692607
46.74000000000001        0.928004482666458
46.760000000000005       0.9277375705604074
46.78                    0.9274689100409117
46.800000000000004       0.9271985381166236
46.82                    0.9269264935915299
46.839999999999996       0.9266528170396328
46.86                    0.9263775507774388
46.879999999999995       0.9261007388345925
46.900000000000006       0.9258224269223847
46.92                    0.925542662399609
46.94                    0.925261494236499
46.96000000000001        0.9249789729757776
46.980000000000004       0.9246951506919194
47                       0.9244100809489538
47.02                    0.9241238187581169
47.04                    0.9238364205357937
47.06                    0.9235479440619117
47.08                    0.9232584484372417
47.1                     0.922967994038568
47.120000000000005       0.922676642470125
47.14                    0.9223844565114732
47.160000000000004       0.9220915000626765
47.18000000000001        0.9217978380873905
47.2                     0.9215035365548527
47.22                    0.9212086623810548
47.24                    0.920913283369019
47.26                    0.9206174681482131
47.28                    0.9203212861130236
47.300000000000004       0.9200248073601435
47.32                    0.9197281026249545
47.34                    0.9194312432170332
47.36000000000001        0.919134300954913
47.38                    0.9188373481007611
47.400000000000006       0.918540457295831
47.42                    0.9182437014977295
47.44                    0.9179471539200078
47.46                    0.9176508879720982
47.48                    0.9173549771900461
47.5                     0.9170594951455651
47.52                    0.9167645153340315
47.54                    0.916470111070133
47.56000000000001        0.9161763554235418
47.580000000000005       0.915883321185121
47.6                     0.915591080827502
47.620000000000005       0.9152997064423593
47.64                    0.9150092696614279
47.66                    0.9147198415729583
47.68                    0.9144314926395841
47.699999999999996       0.9141442926179476
47.72                    0.9138583104784019
47.74                    0.9135736143217558
47.760000000000005       0.9132902712885066
47.78000000000001        0.9130083474550569
47.800000000000004       0.9127279077169259
47.82                    0.9124490157218045
47.84                    0.9121717341181952
47.86                    0.9118961253945753
47.879999999999995       0.9116222520462054
47.9                     0.9113501736119729
47.92                    0.9110799459377495
47.940000000000005       0.9108116235303075
47.96                    0.9105452601385439
47.980000000000004       0.910280908224138
48.00000000000001        0.910018618591391
48.02                    0.9097584402160164
48.04                    0.9095004201280568
48.06                    0.9092446032480899
48.08                    0.9089910321248047
48.099999999999994       0.9087397494447118
48.120000000000005       0.9084908045738579
48.14                    0.9082442191711054
48.160000000000004       0.9080000300178572
48.18000000000001        0.9077582724340544
48.2                     0.9075189777878944
48.220000000000006       0.9072821840603401
48.24                    0.9070478682147881
48.26                    0.9068161203012461
48.28                    0.9065869282349917
48.3                     0.9063603130478005
48.32                    0.9061362908683273
48.34                    0.9059148749906161
48.36                    0.9056960760615747
48.38                    0.9054799021017805
48.400000000000006       0.9052663584962866
48.42                    0.9050554479786325
48.440000000000005       0.9048471706145199
48.46                    0.904641523786707
48.48                    0.9044385021820333
48.5                     0.904238097780918
48.519999999999996       0.9040402998493399
48.54                    0.9038450949335401
48.56                    0.9036524668574408
48.580000000000005       0.903462396722767
48.6                     0.9032748629120836
48.620000000000005       0.9030898410945387
48.64                    0.9029073042344847
48.660000000000004       0.9027272226029108
48.68                    0.90254956379184
48.699999999999996       0.9023742927314764
48.72                    0.9022013717102952
48.739999999999995       0.902030760397888
48.760000000000005       0.9018624158708416
48.78000000000001        0.9016962926413387
48.800000000000004       0.9015323426887052
48.82000000000001        0.9013705154936491
48.84                    0.9012107580754396
48.86                    0.9010530150318172
48.88                    0.9008972285817631
48.9                     0.9007433386108707
48.919999999999995       0.9005912827195138
48.94                    0.900440996273783
48.96000000000001        0.9002924124588503
48.980000000000004       0.9001454623351253
49.00000000000001        0.9000000748969565
49.02                    0.899856177133693
49.040000000000006       0.8997136940934138
49.06                    0.8995725489489875
49.08                    0.899432663066455
49.1                     0.8992939560757236
49.12                    0.8991563459436531
49.13999999999999        0.8990197490490318
49.16                    0.8988840802600173
49.18000000000001        0.8987492530132317
49.2                     0.8986151793951771
49.220000000000006       0.8984817702253963
49.24                    0.898348935141419
49.260000000000005       0.8982165826854378
49.28                    0.8980846203928136
49.3                     0.8979529548819827
49.32                    0.8978214919458662
49.339999999999996       0.8976901366448083
49.35999999999999        0.8975587934006518
49.38000000000001        0.8974273660922268
49.400000000000006       0.8972957581517832
49.42                    0.8971638726625474
49.440000000000005       0.8970316124572192
49.46                    0.8968988802172579
49.480000000000004       0.8967655785729117
49.5                     0.8966316102039407
49.519999999999996       0.8964968779407844
49.54                    0.8963612848661856
49.559999999999995       0.896224734417207
49.580000000000005       0.8960871304872504
49.60000000000001        0.8959483775285368
49.620000000000005       0.8958083806542008
49.64                    0.895667045740589
49.660000000000004       0.8955242795291369
49.68                    0.8953799897280612
49.7                     0.8952340851134969
49.72                    0.8950864756302259
49.739999999999995       0.8949370724916478
49.76                    0.8947857882790455
49.78000000000001        0.8946325370399614
49.800000000000004       0.8944772343855778
49.82000000000001        0.8943197975870777
49.84                    0.8941601456707047
49.86                    0.8939981995116931
49.88                    0.8938338819265914
49.9                     0.8936671177641642
49.92                    0.8934978339947324
49.94                    0.8933259597976617
49.959999999999994       0.8931514266471343
49.98000000000001        0.8929741683960076
50.00000000000001        0.8927941213574587
