20                       0.2573519551940888
20.02                    0.25726542769208005
20.04                    0.2571790555101346
20.06                    0.2570928395407203
20.080000000000002       0.25700678056799464
20.1                     0.2569208792657679
20.119999999999997       0.2568351361953512
20.14                    0.2567495518035877
20.16                    0.2566641264208592
20.18                    0.25657886025923604
20.2                     0.2564937534105462
20.22                    0.25640880584463954
20.240000000000002       0.2563240174076142
20.259999999999998       0.256239387820041
20.279999999999998       0.2561549166754207
20.3                     0.25607060343835614
20.32                    0.25598644744300436
20.34                    0.25590244789143424
20.36                    0.2558186038521171
20.38                    0.2557349142583891
20.4                     0.2556513779071459
20.419999999999998       0.25556799345759507
20.44                    0.2554847594302508
20.46                    0.25540167420603166
20.479999999999997       0.25531873602554517
20.5                     0.2552359429885283
20.52                    0.2551532930534522
20.540000000000003       0.25507078403704947
20.56                    0.2549884136142288
20.58                    0.2549061793178014
20.6                     0.254824078538397
20.619999999999997       0.2547421085245421
20.64                    0.25466026638259864
20.66                    0.2545785490770142
20.68                    0.25449695343074435
20.7                     0.2544154761262006
20.72                    0.25433411370821896
20.740000000000002       0.254252862596093
20.76                    0.2541717191731853
20.779999999999998       0.25409067550545916
20.8                     0.25400973804819804
20.82                    0.25392889343493935
20.84                    0.25384814016984353
20.86                    0.2537674745091342
20.88                    0.2536868897067715
20.900000000000002       0.2536063829283588
20.919999999999998       0.2535259494735403
20.939999999999998       0.25344558416603147
20.96                    0.2533652819330556
20.98                    0.2532850376292242
21                       0.25320484601648974
21.02                    0.25312470176099133
21.04                    0.25304459923981815
21.06                    0.2529645266703378
21.08                    0.25288448796046586
21.1                     0.25280448022770036
21.12                    0.25272448912034406
21.139999999999997       0.2526445103205092
21.16                    0.2525645381922955
21.18                    0.2524845667462622
21.2                     0.25240458983879926
21.22                    0.2523246012257338
21.24                    0.25224459458229426
21.26                    0.2521645635138549
21.28                    0.25208450156349993
21.299999999999997       0.2520044022189218
21.32                    0.25192425891909276
21.34                    0.25184406505913404
21.36                    0.25176381399394865
21.38                    0.25168349904294873
21.4                     0.25160311349589953
21.42                    0.2515226506188451
21.439999999999998       0.25144210365955405
21.46                    0.2513614658528001
21.48                    0.25128073042564636
21.5                     0.25119989060264364
21.52                    0.2511189396111747
21.54                    0.251037870686543
21.560000000000002       0.2509566770772762
21.58                    0.2508753520502565
21.599999999999998       0.25079388889588594
21.62                    0.250712280933351
21.64                    0.2506305215158114
21.66                    0.2505486040357896
21.68                    0.25046652193028757
21.7                     0.250384268685589
21.720000000000002       0.25030183784180415
21.74                    0.250219222997154
21.759999999999998       0.2501364178122784
21.78                    0.25005341601457315
21.799999999999997       0.24997021140233305
21.82                    0.24988679784864498
21.84                    0.24980316930529728
21.86                    0.24971931980610446
21.88                    0.24963524347020655
21.9                     0.24955093450506874
21.92                    0.24946638720908085
21.94                    0.24938159597409426
21.959999999999997       0.2492965552873884
21.98                    0.2492112597336601
22                       0.24912570399643635
22.02                    0.24903988285939474
22.04                    0.248953791207247
22.06                    0.24886742402645384
22.080000000000002       0.24878077640561427
22.099999999999998       0.2486938435354598
22.119999999999997       0.2486066207085813
22.14                    0.24851910331879515
22.16                    0.2484312868598332
22.18                    0.24834316692377498
22.2                     0.24825473919876556
22.22                    0.2481659994664091
22.24                    0.2480769435985047
22.259999999999998       0.24798756755344958
22.28                    0.2478978673721977
22.3                     0.24780783917377477
22.319999999999997       0.24771747915049674
22.34                    0.24762678356268586
22.36                    0.24753574873311338
22.380000000000003       0.24744437104092892
22.4                     0.24735264691527836
22.419999999999998       0.24726057282843159
22.44                    0.24716814528858078
22.46                    0.24707536083213555
22.48                    0.24698221601581763
22.5                     0.24688870740807994
22.52                    0.24679483158049728
22.54                    0.24670058509860524
22.56                    0.24660596451232833
22.580000000000002       0.24651096634606293
22.6                     0.24641558708835454
22.619999999999997       0.24631982318060763
22.64                    0.246223671005526
22.66                    0.24612712687469523
22.68                    0.2460301870158368
22.7                     0.24593284756015843
22.72                    0.245835104529946
22.740000000000002       0.24573695382696803
22.759999999999998       0.2456383912212962
22.779999999999998       0.24553941234022134
22.8                     0.24544001265686602
22.82                    0.24534018747833272
22.84                    0.24523993193346355
22.86                    0.24513924096010334
22.88                    0.24503810929238837
22.900000000000002       0.24493653144807
22.919999999999998       0.24483450171595011
22.94                    0.24473201414356097
22.96                    0.24462906252503766
22.98                    0.24452564038938057
23                       0.24442174098865613
23.02                    0.24431735728664325
23.04                    0.24421248194761574
23.06                    0.2441071073254961
23.08                    0.24400122545440198
23.1                     0.24389482804106677
23.12                    0.24378790646051782
23.139999999999997       0.24368045175384284
23.16                    0.24357245462475646
23.18                    0.24346390543248736
23.2                     0.24335479418107409
23.22                    0.24324511050934558
23.24                    0.24313484368480226
23.26                    0.24302398260138344
23.279999999999998       0.24291251577968404
23.3                     0.24280043136835977
23.32                    0.24268771714614
23.34                    0.24257436052442297
23.36                    0.24246034855060378
23.38                    0.24234566791272913
23.400000000000002       0.24223030494566017
23.419999999999998       0.24211424564084905
23.439999999999998       0.24199747566204513
23.46                    0.2418799803693376
23.48                    0.24176174484150867
23.5                     0.24164275386463277
23.52                    0.24152299188596021
23.54                    0.2414024430144394
23.560000000000002       0.24128109109213614
23.58                    0.24115891975464707
23.6                     0.24103591245076136
23.62                    0.24091205245229436
23.64                    0.24078732287109358
23.66                    0.2406617066876086
23.68                    0.24053518679691377
23.700000000000003       0.24040774611371452
23.72                    0.24027936788735293
23.74                    0.24015002994947607
23.759999999999998       0.24001971956514137
23.78                    0.23988842021918205
23.8                     0.2397561133832408
23.82                    0.23962278187338548
23.84                    0.23948840858531065
23.86                    0.2393529766568353
23.88                    0.23921646947514033
23.9                     0.23907887070901784
23.92                    0.2389401645714554
23.939999999999998       0.2388003375457904
23.959999999999997       0.2386593689037291
23.98                    0.238517246721249
24                       0.23837395712343806
24.02                    0.2382294855173795
24.04                    0.23808382096782246
24.06                    0.2379369471985447
24.080000000000002       0.23778885395100255
24.099999999999998       0.2376395296714863
24.12                    0.23748896370356723
24.14                    0.23733714619243854
24.16                    0.23718406811297377
24.18                    0.237029721307466
24.2                     0.23687409852493155
24.220000000000002       0.23671719345985415
24.24                    0.23655900078995518
24.259999999999998       0.23639951621267485
24.28                    0.23623873648009047
24.3                     0.23607665943187098
24.32                    0.23591328402637468
24.34                    0.2357486103695242
24.36                    0.23558263974132215
24.38                    0.23541537461971745
24.4                     0.23524681870182593
24.42                    0.2350769769222452
24.44                    0.23490585546813203
24.459999999999997       0.23473346179116367
24.48                    0.23455980461595705
24.5                     0.23438489394485362
24.520000000000003       0.23420874105895967
24.54                    0.23403135851524987
24.56                    0.23385276013939393
24.580000000000002       0.23367296101474702
24.6                     0.23349197746668782
24.62                    0.23330982704242717
24.64                    0.2331265284866248
24.66                    0.2329421017120039
24.68                    0.2327565677653238
24.7                     0.2325699487885967
24.720000000000002       0.23238226797520783
24.740000000000002       0.23219354952150248
24.759999999999998       0.23200381857292576
24.779999999999998       0.23181310116559578
24.8                     0.23162142416268763
24.82                    0.23142881518587738
24.84                    0.23123530254206487
24.86                    0.23104091514509575
24.88                    0.23084568243271247
24.9                     0.2306496342790695
24.919999999999998       0.23045280090254128
24.94                    0.23025521276924224
24.96                    0.23005690049243488
24.979999999999997       0.22985789472783819
25                       0.22965822606539466
25.02                    0.22945792491732234
25.040000000000003       0.22925702140310342
25.06                    0.22905554523167326
25.08                    0.22885352558079325
25.1                     0.2286509909744049
25.119999999999997       0.22844796915823454
25.14                    0.22824448697380592
25.16                    0.22804057023172625
25.18                    0.22783624358433696
25.2                     0.22763153039841166
25.22                    0.22742645262852437
25.240000000000002       0.22722103069134136
25.26                    0.22701528334156706
25.279999999999998       0.22680922755028296
25.3                     0.22660287838592544
25.32                    0.22639624889886997
25.34                    0.22618935001003002
25.36                    0.22598219040430292
25.38                    0.22577477642936974
25.400000000000002       0.22556711200052434
25.419999999999998       0.2253591985125165
25.44                    0.22515103475843595
25.46                    0.2249426168571711
25.48                    0.22473393818934806
25.5                     0.22452498934286924
25.52                    0.22431575806852652
25.540000000000003       0.2241062292464596
25.56                    0.2238963848641212
25.58                    0.22368620400597652
25.6                     0.22347566285623566
25.62                    0.2232647347145685
25.64                    0.22305339002569952
25.66                    0.22284159642302534
25.68                    0.22262931878720102
25.7                     0.22241651931943116
25.72                    0.22220315763030407
25.740000000000002       0.22198919084399613
25.76                    0.22177457371829445
25.78                    0.22155925878054267
25.799999999999997       0.2213431964792982
25.82                    0.22112633535211765
25.84                    0.22090862220894658
25.86                    0.22069000233149771
25.88                    0.2204704196878548
25.9                     0.22024981716236247
25.92                    0.2200281368005669
25.939999999999998       0.21980532006860606
25.96                    0.21958130812700755
25.98                    0.2193560421188885
26                       0.2191294634732403
26.02                    0.218901514226812
26.04                    0.21867213739142524
26.060000000000002       0.21844127822186957
26.08                    0.21820887777724982
26.099999999999998       0.21797488998543965
26.12                    0.21773926185353862
26.14                    0.21750194610886062
26.16                    0.21726289737835852
26.18                    0.2170220740252334
26.2                     0.21677943941763914
26.220000000000002       0.21653495933782516
26.24                    0.2162886044473201
26.26                    0.21604035017283607
26.28                    0.21579017696742825
26.299999999999997       0.2155380705992942
26.32                    0.21528402237348138
26.34                    0.2150280287992605
26.360000000000003       0.2147700866623774
26.38                    0.2145102280010707
26.4                     0.21424845412228258
26.42                    0.21398478728531983
26.44                    0.2137192604352044
26.46                    0.21345191201804514
26.48                    0.2131827876048044
26.5                     0.21291194020561122
26.52                    0.21263943038416055
26.54                    0.21236532630454913
26.560000000000002       0.21208970373296848
26.580000000000002       0.21181264599894448
26.599999999999998       0.2115342439176395
26.619999999999997       0.21125459567152155
26.64                    0.2109738066445479
26.660000000000004       0.21069198920549284
26.68                    0.21040926244843394
26.7                     0.21012575189297103
26.72                    0.20984158913815532
26.74                    0.20955691146692124
26.759999999999998       0.209271861401366
26.78                    0.20898658620901212
26.8                     0.20870123736097282
26.819999999999997       0.20841596994214107
26.84                    0.2081309420140424
26.86                    0.20784631393125733
26.880000000000003       0.20756224761238118
26.9                     0.20727890576735716
26.919999999999998       0.2069964510825468
26.94                    0.2067150453663764
26.96                    0.20643484865745326
26.98                    0.2061560182989081
27                       0.20587870798182373
27.02                    0.20560306676140336
27.04                    0.2053292380501346
27.06                    0.205057358592305
27.080000000000002       0.2047875574252959
27.1                     0.2045199548331567
27.119999999999997       0.20425466129845468
27.14                    0.20399177645889605
27.16                    0.2037313880751018
27.18                    0.20347357101712663
27.2                     0.2032183862767535
27.22                    0.2029658800138163
27.240000000000002       0.20271608264469174
27.259999999999998       0.2024690079811935
27.28                    0.20222465242879029
27.3                     0.20198299425293934
27.32                    0.2017439929224063
27.339999999999996       0.20150758853864992
27.36                    0.2012737013601421
27.380000000000003       0.20104223143056363
27.400000000000002       0.20081305831944252
27.419999999999998       0.20058604098318225
27.439999999999998       0.2003610177550601
27.46                    0.20013780647073298
27.48                    0.1999162047362779
27.5                     0.1996959903448869
27.52                    0.19947692184687962
27.54                    0.19925873927812807
27.56                    0.19904116504909547
27.580000000000002       0.19882390499813898
27.6                     0.1986066496088155
27.62                    0.19838907539197279
27.639999999999997       0.19817084643023805
27.66                    0.1979516160825007
27.680000000000003       0.19773102884321012
27.7                     0.19750872235072187
27.72                    0.19728432953738004
27.74                    0.1970574809114149
27.76                    0.19682780696097354
27.78                    0.19659494066761307
27.8                     0.19635852011585297
27.82                    0.19611819118427953
27.84                    0.1958736103015016
27.86                    0.19562444725004535
27.880000000000003       0.19537038799962886
27.900000000000002       0.19511113755012383
27.919999999999998       0.19484642276422964
27.939999999999998       0.1945759951683629
27.96                    0.19429963370024184
27.98                    0.19401714738079465
28                       0.19372837788756994
28.02                    0.19343320200714914
28.04                    0.19313153394367602
28.060000000000002       0.19282332746122655
28.08                    0.19250857783771225
28.1                     0.19218732360903604
28.12                    0.19185964808127803
28.14                    0.19152568058940078
28.16                    0.1911855974817916
28.18                    0.19083962280935676
28.200000000000003       0.19048802870001577
28.22                    0.19013113539953086
28.24                    0.18976931096177624
28.259999999999998       0.18940297057108532
28.28                    0.18903257548188096
28.3                     0.18865863156067972
28.32                    0.18828168741755616
28.34                    0.18790233211508126
28.36                    0.1875211924446991
28.38                    0.1871389297613539
28.400000000000002       0.18675623637033498
28.42                    0.1863738314614203
28.439999999999998       0.1859924565887652
28.459999999999997       0.18561287069805613
28.48                    0.185235844706912
28.500000000000004       0.18486215564905248
28.52                    0.18449258039689412
28.54                    0.18412788897936147
28.56                    0.1837688375123219
28.580000000000002       0.18341616076497674
28.6                     0.1830705643977173
28.62                    0.18273271691950582
28.64                    0.18240324142084138
28.66                    0.1820827071429551
28.679999999999996       0.18177162095017074
28.700000000000003       0.1814704187805621
28.720000000000002       0.1811794571603205
28.74                    0.18089900487720592
28.759999999999998       0.18062923491785496
28.780000000000005       0.1803702167831715
28.8                     0.18012190930462615
28.82                    0.17988415409395095
28.84                    0.1796566697708
28.86                    0.1794390471239567
28.88                    0.17923074534740285
28.900000000000002       0.17903108940797505
28.92                    0.17883926854459425
28.94                    0.17865433614371282
28.959999999999997       0.1784752114271872
28.980000000000004       0.17830068300183563
29.000000000000004       0.17812941409341387
29.020000000000003       0.17795994949922087
29.04                    0.17779072438910917
29.06                    0.1776200750167271
29.08                    0.17744625133433695
29.099999999999998       0.1772674314612737
29.12                    0.1770817378750755
29.14                    0.1768872540290001
29.16                    0.17668203778683486
29.179999999999996       0.1764641809250791
29.200000000000003       0.17623176287322898
29.220000000000002       0.17598292592610362
29.240000000000002       0.17571588162808277
29.259999999999998       0.17542893591486225
29.279999999999998       0.1751205134271393
29.299999999999997       0.1747891810420082
29.32                    0.17443367095109732
29.34                    0.1740529029636937
29.36                    0.17364600779658923
29.38                    0.173212346853549
29.400000000000002       0.17275151132125632
29.42                    0.1722633755984735
29.44                    0.1717480833593448
29.46                    0.17120609342627002
29.479999999999997       0.17063805271236532
29.499999999999996       0.1700450759254664
29.520000000000003       0.1694284749535254
29.54                    0.1687898963635843
29.56                    0.16813129108465874
29.58                    0.16745490835618246
29.600000000000005       0.16676328630383858
29.62                    0.16605923902979008
29.64                    0.16534584008951084
29.66                    0.1646264022161038
29.68                    0.16390445313648666
29.699999999999996       0.16318370731078863
29.720000000000002       0.16246803341149157
29.740000000000002       0.1617614173506035
29.76                    0.16106792066374456
29.779999999999998       0.16039163407220644
29.800000000000004       0.15973662607347763
29.820000000000004       0.15910688646325893
29.84                    0.1585062647705654
29.86                    0.15793840370028026
29.88                    0.15740666782704343
29.9                     0.15691406797550908
29.919999999999995       0.15646318195955256
29.94                    0.15605607263291715
29.96                    0.15569420452956145
29.98                    0.1553783607323597
30.000000000000004       0.15510856199643924
30.020000000000003       0.1548839905501348
30.040000000000003       0.15470292138067276
30.06                    0.15456266415460929
30.08                    0.15445951919202655
30.099999999999998       0.15438875106829344
30.119999999999997       0.15434458342245205
30.14                    0.1543202183649073
30.16                    0.1543078834712603
30.18                    0.15429890870135626
30.2                     0.15428383468877452
30.220000000000002       0.15425255272311128
30.240000000000002       0.15419447543455223
30.26                    0.15409873575132077
30.28                    0.15395441022473785
30.299999999999997       0.15375076140523938
30.319999999999997       0.15347749272049002
30.340000000000003       0.1531250083627005
30.36                    0.15268467013219902
30.38                    0.15214904307371382
30.4                     0.1515121221142762
30.42                    0.15076953275087668
30.44                    0.1499187000851756
30.46                    0.14895898206588665
30.48                    0.14789176454539393
30.5                     0.1467205175406704
30.519999999999996       0.14545081375855165
30.540000000000003       0.14409031186085372
30.560000000000002       0.14264870798454454
30.58                    0.14113765960503466
30.599999999999998       0.13957068587454008
30.620000000000005       0.13796304804715726
30.640000000000004       0.13633161251511325
30.66                    0.13469469733037248
30.68                    0.13307190090239146
30.7                     0.13148390888180722
30.72                    0.12995227211407523
30.740000000000002       0.12849914506574583
30.76                    0.12714697043157286
30.78                    0.12591809196441325
30.799999999999997       0.12483427433276721
30.820000000000004       0.12391610662513217
30.840000000000003       0.12318226591882689
30.860000000000003       0.12264862041443172
30.88                    0.12232715968795217
30.9                     0.12222475460461875
30.919999999999998       0.12234177332990641
30.939999999999998       0.12267061402037205
30.96                    0.12319425897564586
30.98                    0.12388500621868168
31                       0.12470358536276335
31.020000000000003       0.12559890285686917
31.040000000000003       0.12650867041106156
31.060000000000002       0.1273611312794611
31.080000000000002       0.12807799840163991
31.099999999999998       0.128578555233869
31.119999999999997       0.1287846636883339
31.139999999999997       0.12862621542945527
31.160000000000004       0.12804640919012028
31.18                    0.12700619158153084
31.2                     0.12548729167397238
31.22                    0.12349349990725993
31.240000000000002       0.12105013853161896
31.26                    0.11820196913925059
31.28                    0.11501001191942536
31.3                     0.11154786781542209
31.319999999999997       0.10789813369821848
31.339999999999996       0.104149409246345
31.360000000000003       0.10039425562662241
31.380000000000003       0.09672832122859079
31.4                     0.09325072343986134
31.419999999999998       0.09006566807938443
31.440000000000005       0.08728516834198947
31.46                    0.08503251715201786
31.48                    0.08344572339929932
31.5                     0.08267918068748879
31.52                    0.08289998083623616
31.54                    0.08427203735149351
31.560000000000002       0.08691663499974848
31.580000000000002       0.09083487096864894
31.6                     0.09578521441564009
31.619999999999997       0.10114666185428901
31.640000000000004       0.10587354472000496
31.660000000000004       0.10869988467472415
31.68                    0.10862564827370422
31.7                     0.10540085336246684
31.72                    0.09960335285127662
31.74                    0.09226714182864414
31.76                    0.08441273220758824
31.78                    0.07678153489182107
31.8                     0.06980089929367142
31.82                    0.063668371418887
31.840000000000003       0.05847281275583098
31.860000000000003       0.05438134943277356
31.880000000000003       0.05233265377374441
31.900000000000002       0.05976918781191948
31.919999999999998       0.11484378011998438
31.939999999999998       0.07464812854949525
31.959999999999997       0.05756561911758782
31.98                    0.051901056899327926
32                       0.04945933746173569
32.019999999999996       0.048436841867637304
32.04                    0.04825505649428448
32.06                    0.048672795942845216
32.080000000000005       0.04956953907906587
32.1                     0.050876641953108676
32.12                    0.05255102185540988
32.14                    0.05456358285227172
32.16                    0.05689353656164825
32.18                    0.05952535667969121
32.2                     0.06244702073752372
32.22                    0.06564892987109575
32.239999999999995       0.06912320918231957
32.260000000000005       0.07286323378825131
32.28                    0.0768632952237152
32.300000000000004       0.08111835883235924
32.32                    0.08562388234647898
32.339999999999996       0.09037567697120634
32.36                    0.09536979885853074
32.38                    0.10060246287802135
32.4                     0.10606997313574279
32.42                    0.11176866634885087
32.44                    0.1176948652882679
32.46                    0.12384484025838957
32.480000000000004       0.13021477710907653
32.5                     0.13680075065045086
32.52                    0.1435987026101758
32.54                    0.1506044234719478
32.559999999999995       0.1578135376789083
32.580000000000005       0.16522149179829357
32.6                     0.1728235453233616
32.62                    0.1806147638543624
32.64                    0.1885900144420381
32.660000000000004       0.196743962916824
32.68                    0.20507107304957145
32.7                     0.21356560741692224
32.72                    0.22222162985362753
32.74                    0.23103300939161273
32.76                    0.23999342558782344
32.779999999999994       0.24909637515099858
32.800000000000004       0.2583351797825421
32.82                    0.2677029951430028
32.839999999999996       0.277192820864737
32.86000000000001        0.2867975115230538
32.88                    0.29650978848488263
32.9                     0.30632225254999085
32.92                    0.31622739729752997
32.94                    0.3262176230539373
32.96                    0.33628525139420984
32.98                    0.34642254008805584
33                       0.3566216984055138
33.02                    0.3668749026913385
33.04                    0.3771743121240073
33.059999999999995       0.38751208456941416
33.080000000000005       0.39788039244853673
33.1                     0.4082714385329453
33.12                    0.41867747158845253
33.14                    0.42909080178945896
33.16                    0.43950381583105935
33.18                    0.44990899166431103
33.2                     0.46029891279257823
33.22                    0.47066628206419414
33.24                    0.48100393490346727
33.26                    0.49130485193074874
33.28                    0.5015621709212602
33.300000000000004       0.5117691980632826
33.32                    0.5219194184779106
33.34                    0.5320065059722279
33.36                    0.5420243319989932
33.379999999999995       0.551966973805211
33.400000000000006       0.5618287217553624
33.42                    0.5716040858213625
33.44                    0.5812878012368607
33.46                    0.590874833316704
33.480000000000004       0.6003603814500934
33.5                     0.6097398822782384
33.52                    0.6190090120707867
33.54                    0.6281636883230945
33.56                    0.6372000705957751
33.58                    0.6461145606225309
33.6                     0.6549038017159424
33.620000000000005       0.6635646775036588
33.64                    0.6720943100259243
33.66                    0.6804900572334661
33.68000000000001        0.6887495099197161
33.7                     0.6968704881262131
33.72                    0.7048510370623418
33.74                    0.7126894225737631
33.76                    0.7203841262042268
33.78                    0.727933839886528
33.8                     0.7353374603019047
33.82                    0.7425940829469614
33.84                    0.7497029959443481
33.86                    0.7566636736342891
33.88                    0.7634757699817071
33.900000000000006       0.7701391118340004
33.92                    0.7766536920605644
33.94                    0.7830196626063148
33.96                    0.789237327488659
33.98                    0.7953071357652804
34                       0.8012296744988769
34.02                    0.8070056617438115
34.04                    0.8126359395761561
34.06                    0.8181214671900086
34.08                    0.823463314076593
34.1                     0.8286626533061809
34.120000000000005       0.8337207549260558
34.14                    0.8386389794894756
34.16                    0.8434187717268673
34.18                    0.8480616543691127
34.199999999999996       0.8525692221345686
34.220000000000006       0.8569431358894082
34.24                    0.8611851169926342
34.26                    0.8652969418314606
34.28                    0.8692804365490494
34.300000000000004       0.8731374719631493
34.32                    0.8768699586762508
34.34                    0.8804798423794227
34.36                    0.883969099351892
34.379999999999995       0.8873397321578138
34.4                     0.8905937655398909
34.419999999999995       0.8937332425076979
34.440000000000005       0.896760220618528
34.46                    0.8996767684481464
34.480000000000004       0.9024849622488801
34.50000000000001        0.9051868827929217
34.52                    0.9077846124025812
34.54                    0.9102802321700881
34.56                    0.9126758193692863
34.58                    0.9149734450298688
34.6                     0.9171751715771795
34.62                    0.9192830504564147
34.64                    0.9212991199150521
34.660000000000004       0.9232254032288204
34.68                    0.925063907238674
34.7                     0.9268166208802172
34.720000000000006       0.9284855136792979
34.74                    0.9300725343344688
34.76                    0.9315796094388998
34.78                    0.9330086423353282
34.8                     0.9343615120832641
34.82                    0.9356400725181799
34.84                    0.9368461513832016
34.86                    0.9379815495438523
34.88                    0.9390480405573058
34.900000000000006       0.940047371420547
34.92                    0.9409812627348041
34.940000000000005       0.9418514030970677
34.96                    0.942659449654802
34.98                    0.9434070317894796
35                       0.9440957501418732
35.019999999999996       0.9447271755853625
35.04                    0.9453028488314753
35.06                    0.9458242798956032
35.08                    0.9462929458276307
35.1                     0.9467102913202491
35.120000000000005       0.9470777966959066
35.14                    0.947396791147865
35.160000000000004       0.9476686432035456
35.18                    0.9478946923500056
35.199999999999996       0.9480762408105313
35.22                    0.9482145715326714
35.239999999999995       0.9483109199536336
35.26                    0.9483665074302446
35.28                    0.9483825226879214
35.300000000000004       0.9483601267863466
35.32000000000001        0.9483004533144661
35.34                    0.9482046087256423
35.36                    0.9480736726989418
35.38                    0.9479086985149224
35.4                     0.9477107134426541
35.419999999999995       0.9474807191363048
35.44                    0.947219692039865
35.46                    0.9469285837988262
35.48                    0.9466083216776525
35.5                     0.9462598089821435
35.52                    0.9458839254855836
35.540000000000006       0.9454815278579276
35.56                    0.9450534500971379
35.58                    0.944600503961895
35.6                     0.9441234794050708
35.62                    0.9436231450071734
35.63999999999999        0.9431002484093115
35.660000000000004       0.9425555167449151
35.68                    0.9419896570700552
35.7                     0.9414033567914301
35.720000000000006       0.9407972840919387
35.74                    0.9401720883533803
35.760000000000005       0.939528400575748
35.78                    0.9388668337930591
35.8                     0.9381879834851617
35.82                    0.9374924279853947
35.839999999999996       0.936780728883952
35.86                    0.9360534314263886
35.88                    0.935311064907611
35.9                     0.934554143060543
35.92                    0.9337831644399515
35.940000000000005       0.9329986128007702
35.96                    0.9322009574711917
35.980000000000004       0.9313906537201594
36                       0.9305681431194066
36.019999999999996       0.9297338538997372
36.04                    0.9288882013017334
36.059999999999995       0.9280315879206502
36.08                    0.9271644040455475
36.1                     0.92628702799267
36.120000000000005       0.9253998264330034
36.14                    0.9245031547140092
36.160000000000004       0.9235973571755777
36.18                    0.9226827674601817
36.2                     0.9217597088172172
36.22                    0.9208284944016721
36.239999999999995       0.919889427566949
36.26                    0.9189428021521518
36.28                    0.9179889027634889
36.3                     0.9170280050503492
36.32000000000001        0.9160603759755309
36.34                    0.9150862740801706
36.36                    0.914105949743048
36.38                    0.9131196454345674
36.4                     0.9121275959653085
36.42                    0.9111300287293165
36.44                    0.9101271639422104
36.459999999999994       0.9091192148739435
36.480000000000004       0.9081063880765866
36.5                     0.9070888836070142
36.519999999999996       0.9060668952444775
36.540000000000006       0.9050406107035123
36.56                    0.9040102118416855
36.580000000000005       0.9029758748626578
36.6                     0.9019377705145989
36.62                    0.9008960642836694
36.64                    0.8998509165832035
36.66                    0.898802482938057
36.68                    0.897750914164591
36.7                     0.8966963565462825
36.72                    0.8956389520047716
36.74                    0.8945788382668419
36.760000000000005       0.8935161490269311
36.78                    0.8924510141056168
36.800000000000004       0.8913835596038898
36.82                    0.8903139080534639
36.839999999999996       0.8892421785629943
36.86                    0.8881684869604682
36.88                    0.8870929459317063
36.9                     0.8860156651550356
36.92                    0.8849367514324207
36.940000000000005       0.8838563088167646
36.96                    0.8827744387356543
36.980000000000004       0.8816912401115213
37                       0.8806068094783865
37.02                    0.879521241094929
37.04                    0.8784346270540517
37.059999999999995       0.877347057389186
37.08                    0.8762586201768764
37.1                     0.8751694016361083
37.12                    0.8740794862242924
37.14000000000001        0.8729889567299427
37.160000000000004       0.8718978943620727
37.18                    0.870806378836643
37.2                     0.8697144884597492
37.22                    0.8686223002079344
37.24                    0.8675298898055159
37.26                    0.8664373317991094
37.279999999999994       0.8653446996291975
37.300000000000004       0.864252065699004
37.32                    0.8631595014405702
37.34                    0.8620670773781389
37.36000000000001        0.8609748631886938
37.38                    0.8598829277597291
37.4                     0.8587913392438126
37.42                    0.857700165109499
37.44                    0.856609472186195
37.46                    0.8555193266954787
37.48                    0.854429794188339
37.5                     0.8533409427124259
37.52                    0.8522528301224249
37.54                    0.8511655263171923
37.56                    0.8500790937003313
37.580000000000005       0.8489935957288769
37.6                     0.8479090949252526
37.62                    0.846825654895478
37.64                    0.845743339010368
37.66                    0.8446622092029112
37.68                    0.8435823277512277
37.7                     0.8425037567318121
37.72                    0.8414265580131801
37.74                    0.8403507932822004
37.760000000000005       0.839276524072735
37.78                    0.8382038118115113
37.800000000000004       0.8371327179785151
37.82                    0.8360633053743202
37.84                    0.8349956355703041
37.86                    0.833929757060021
37.879999999999995       0.8328657438104234
37.9                     0.8318036540334821
37.92                    0.8307435476171219
37.94                    0.8296854848438299
37.96000000000001        0.8286295259896651
37.980000000000004       0.8275757312426365
38                       0.8265241606760172
38.02                    0.8254748742332957
38.04                    0.8244279317159962
38.06                    0.8233833927715017
38.08                    0.822341316881299
38.099999999999994       0.8213017633491653
38.120000000000005       0.8202647912887554
38.14                    0.819230459606746
38.160000000000004       0.8181988269812087
38.18000000000001        0.8171699518397858
38.2                     0.8161438923411806
38.22                    0.8151207063573356
38.24                    0.8141004514534544
38.26                    0.8130831848661704
38.28                    0.8120689634801914
38.3                     0.8110578438040399
38.32                    0.8100498819450044
38.34                    0.8090451335832688
38.36                    0.8080436539455826
38.38                    0.8070454977780053
38.400000000000006       0.8060507193183407
38.42                    0.8050593722676865
38.44                    0.8040715097616911
38.46                    0.8030871843409121
38.48                    0.8021064479207145
38.5                     0.8011293517603099
38.52                    0.8001559464312711
38.54                    0.7991862817857437
38.56                    0.7982204069248456
38.580000000000005       0.797258370167397
38.6                     0.7963002190189414
38.620000000000005       0.7953460001404193
38.64                    0.7943957593162831
38.66                    0.7934495414222218
38.68                    0.7925073903924374
38.699999999999996       0.7915693491868883
38.72                    0.7906354597586185
38.74                    0.7897057630213042
38.76                    0.7887802988168291
38.78000000000001        0.7878591058831708
38.800000000000004       0.7869422218226203
38.82                    0.7860296830699748
38.84                    0.7851215248614188
38.86                    0.7842177812033914
38.879999999999995       0.78331848484198
38.9                     0.7824236672327451
38.919999999999995       0.7815333585109523
38.940000000000005       0.7806475874623142
38.96                    0.779766381494155
38.980000000000004       0.7788897666073523
39.00000000000001        0.7780177673685857
39.02                    0.7771504068833673
39.04                    0.7762877067697092
39.06                    0.7754296871324386
39.08                    0.7745763665381571
39.099999999999994       0.7737277619912778
39.12                    0.7728838889104253
39.14                    0.7720447611061969
39.160000000000004       0.7712103907594489
39.18000000000001        0.7703807884007581
39.2                     0.7695559628906364
39.220000000000006       0.768735921400828
39.24                    0.7679206693966191
39.26                    0.7671102106200579
39.28                    0.7663045470743044
39.3                     0.7655036790091697
39.32                    0.764707604907511
39.34                    0.7639163214729363
39.36                    0.763129823618718
39.38                    0.7623481044577087
39.400000000000006       0.7615711552935636
39.42                    0.7607989656131358
39.440000000000005       0.7600315230801789
39.46                    0.7592688135302483
39.48                    0.7585108209668068
39.5                     0.7577575275587789
39.519999999999996       0.7570089136393389
39.54                    0.7562649577059363
39.56                    0.7555256364218081
39.58                    0.7547909246187191
39.6                     0.7540607953012626
39.620000000000005       0.7533352196523605
39.64                    0.7526141670403068
39.660000000000004       0.7518976050272016
39.68                    0.7511854993789912
39.699999999999996       0.750477814076612
39.72                    0.7497745113288918
39.74                    0.7490755515865046
39.76                    0.7483808935574221
39.78                    0.7476904942232687
39.800000000000004       0.7470043088573324
39.82000000000001        0.7463222910435334
39.84                    0.7456443926968499
39.86                    0.7449705640853809
39.88                    0.7443007538537371
39.9                     0.7436349090481531
39.919999999999995       0.7429729751428582
39.94                    0.7423148960681882
39.96                    0.7416606142397681
39.98                    0.741010070589193
40.00000000000001        0.7403632045959948
40.02                    0.7397199543207817
40.040000000000006       0.7390802564397252
40.06                    0.738444046280257
40.08                    0.7378112578581029
40.1                     0.7371818239153751
40.12                    0.7365556759601649
40.13999999999999        0.7359327443070831
40.160000000000004       0.7353129581192769
40.18                    0.7346962454514074
40.2                     0.7340825332939708
40.220000000000006       0.7334717476182561
40.24                    0.7328638134222494
40.260000000000005       0.732258654776874
40.28                    0.7316561948726945
40.3                     0.7310563560671535
40.32                    0.7304590599335472
40.339999999999996       0.7298642273120626
40.36                    0.729271778363233
40.38                    0.7286816326228388
40.4                     0.7280937090570002
40.42                    0.7275079261172301
40.440000000000005       0.7269242017950287
40.46                    0.7263424536767007
40.480000000000004       0.7257625989988298
40.5                     0.7251845547043156
40.519999999999996       0.7246082374991181
40.54                    0.7240335639096627
40.56                    0.7234604503408042
40.58                    0.7228888131344945
40.6                     0.7223185686293324
40.620000000000005       0.7217496332218105
40.64                    0.7211819234313581
40.660000000000004       0.7206153559715162
40.68                    0.7200498478302112
40.7                     0.7194853163528717
40.72                    0.7189216793006686
40.739999999999995       0.7183588548442432
40.76                    0.7177967615157806
40.78                    0.7172353182376828
40.8                     0.7166744444753178
40.82000000000001        0.7161140604020837
40.84                    0.7155540869889133
40.86                    0.7149944460416346
40.88                    0.7144350602314887
40.9                     0.7138758531356806
40.92                    0.7133167492858118
40.94                    0.7127576742186951
40.959999999999994       0.712198554523577
40.980000000000004       0.7116393178804606
41                       0.7110798930897178
41.02                    0.7105202101668523
41.040000000000006       0.7099602006363142
41.06                    0.7093997981942657
41.080000000000005       0.7088389390281773
41.1                     0.7082775583038851
41.12                    0.7077155918298949
41.14                    0.7071529780083091
41.16                    0.7065896573874614
41.18                    0.7060255722524704
41.2                     0.7054606665649256
41.22                    0.704894885976943
41.24                    0.704328177732922
41.260000000000005       0.7037604897747257
41.28                    0.7031917718010482
41.300000000000004       0.7026219903825165
41.32                    0.7020510887095431
41.339999999999996       0.7014790244710979
41.36                    0.7009057578693391
41.38                    0.700331249702571
41.4                     0.6997554711658139
41.42                    0.6991783751077849
41.440000000000005       0.6985999372019122
41.46                    0.6980201266346607
41.480000000000004       0.697438915745036
41.5                     0.6968562792638003
41.52                    0.696272194269916
41.54                    0.6956866402007873
41.559999999999995       0.6950995988710049
41.580000000000005       0.6945110544918457
41.6                     0.6939209936899697
41.62                    0.6933294055243617
41.64000000000001        0.6927362815018226
41.660000000000004       0.692141615590403
41.68                    0.6915454042311403
41.7                     0.6909476463478095
41.72                    0.6903483433546888
41.74                    0.6897474991624287
41.76                    0.6891451201818922
41.779999999999994       0.6885412153261453
41.800000000000004       0.6879357960101572
41.82                    0.6873288761487882
41.84                    0.6867204721524938
41.86000000000001        0.6861106029211949
41.88                    0.6854992898359009
41.9                     0.6848865567484386
41.92                    0.6842724299690579
41.94                    0.6836569382519554
41.96                    0.683040112778795
41.98                    0.6824219871400915
42                       0.6818025973146769
42.02                    0.6811819816469608
42.040000000000006       0.6805601808222909
42.06                    0.6799372378401446
42.080000000000005       0.6793131979855351
42.1                     0.6786881087980643
42.12                    0.6780620200393777
42.14                    0.6774349836583559
42.16                    0.6768070537544614
42.18                    0.6761782865391932
42.2                     0.6755487402955347
42.22                    0.6749184753355418
42.24                    0.6742875539561677
42.260000000000005       0.6736560403930847
42.28                    0.6730240007728132
42.300000000000004       0.6723915030630205
42.32                    0.6717586170211394
42.34                    0.6711254141411662
42.36                    0.6704919675989136
42.379999999999995       0.6698583521954755
42.400000000000006       0.6692246442993045
42.42                    0.6685909217864416
42.44                    0.6679572639795639
42.46000000000001        0.6673237515852499
42.480000000000004       0.666690466630044
42.5                     0.6660574923950296
42.52                    0.6654249133490349
42.54                    0.6647928150807467
42.56                    0.6641612842293138
42.58                    0.6635304084140069
42.6                     0.6629002761626865
42.620000000000005       0.6622709768390405
42.64                    0.661642600569079
42.660000000000004       0.6610152381664803
42.68000000000001        0.6603889810570057
42.7                     0.6597639212022484
42.72                    0.6591401510224817
42.74                    0.6585177633187485
42.76                    0.6578968511943374
42.78                    0.657277507975731
42.8                     0.6566598271328912
42.82                    0.6560439021991498
42.84                    0.6554298266906345
42.86000000000001        0.6548176940254511
42.88                    0.654207597442489
42.900000000000006       0.6535996299200365
42.92                    0.6529938840943414
42.94                    0.6523904521779301
42.96                    0.6517894258781456
42.98                    0.6511908963154363
43                       0.6505949539421088
43.02                    0.6500016884610554
43.04                    0.6494111887447507
43.06000000000001        0.6488235427547566
43.080000000000005       0.6482388374613953
43.1                     0.6476571587640408
43.120000000000005       0.6470785914119414
43.14                    0.6465032189254931
43.16                    0.6459311235184232
43.18                    0.6453623860204887
43.199999999999996       0.6447970858011132
43.22                    0.6442353006938402
43.24                    0.6436771069216506
43.26                    0.6431225790234065
43.28000000000001        0.6425717897812735
43.300000000000004       0.6420248101492774
43.32                    0.6414817091830871
43.34                    0.6409425539709607
43.36                    0.6404074095661915
43.379999999999995       0.6398763389206801
43.4                     0.6393494028201702
43.42                    0.6388266598209474
43.440000000000005       0.6383081661879652
43.46                    0.6377939758347726
43.480000000000004       0.6372841402650029
43.50000000000001        0.636778708515578
43.52                    0.6362777271017688
43.54                    0.6357812399640774
43.56                    0.635289288416825
43.58                    0.6348019110988975
43.599999999999994       0.6343191439262845
43.62                    0.6338410200467404
43.64                    0.6333675697964496
43.660000000000004       0.6328988206587969
43.68000000000001        0.6324347972252193
43.7                     0.6319755211583535
43.720000000000006       0.6315210111573335
43.74                    0.6310712829250704
43.76                    0.6306263491379999
43.78                    0.6301862194175499
43.8                     0.6297509003031242
43.82                    0.6293203952245955
43.84                    0.6288947044673936
43.86                    0.6284738250922361
43.88                    0.6280577504182387
43.900000000000006       0.6276464911851869
43.92                    0.6272399851749816
43.940000000000005       0.6268382603070404
43.96                    0.6264412859178119
43.98                    0.6260490392783816
44                       0.6256614922307115
44.019999999999996       0.625278619477212
44.04                    0.6249003983867054
44.06                    0.6245267839686591
44.08                    0.624157739379506
44.1                     0.6237932242644583
44.120000000000005       0.6234331947227477
44.14                    0.6230776036090365
44.160000000000004       0.6227264006353915
44.18                    0.622379532422518
44.199999999999996       0.6220369425434461
44.22                    0.6216985715676272
44.24                    0.6213643570236759
44.26                    0.6210342329512002
44.28                    0.6207081319763863
44.300000000000004       0.6203859835534302
44.32000000000001        0.6200677120250201
44.34                    0.6197532409789539
44.36                    0.6194424909538897
44.38                    0.6191353797190404
44.4                     0.6188318223832111
44.419999999999995       0.6185317314625405
44.440000000000005       0.6182350169417303
44.46                    0.617941586335197
44.48                    0.617651344749963
44.50000000000001        0.6173641949508241
44.52                    0.6170800374283126
44.540000000000006       0.6167987704690064
44.56                    0.6165202902270535
44.58                    0.6162444907946296
44.6                     0.6159712642716906
44.62                    0.6157005008399223
44.63999999999999        0.6154320888449617
44.660000000000004       0.6151659148834182
44.68                    0.614901863889306
44.7                     0.6146398192192505
44.720000000000006       0.6143796627383461
44.74                    0.6141212749078548
44.760000000000005       0.6138645348749723
44.78                    0.613609320564533
44.8                     0.613355508772514
44.82                    0.6131029752610604
44.839999999999996       0.6128515948549164
44.86                    0.6126012415392669
44.88                    0.6123517885587801
44.900000000000006       0.612103108517772
44.92                    0.611855073481626
44.940000000000005       0.6116075550789566
44.96                    0.6113604246050094
44.980000000000004       0.6111135531256425
45                       0.6108668115822738
45.019999999999996       0.6106200708976672
45.04                    0.6103732020823222
45.06                    0.6101260763415887
45.08                    0.609878565183178
45.1                     0.6096305405249506
45.120000000000005       0.6093818748027549
45.14                    0.6091324410784296
45.160000000000004       0.6088821131477629
45.18                    0.608630765648522
45.2                     0.608378274168526
45.22                    0.608124515353445
45.239999999999995       0.6078693670145289
45.260000000000005       0.6076127082358709
45.28                    0.6073544194812719
45.3                     0.6070943827005559
45.32000000000001        0.6068324814351611
45.34                    0.6065686009230264
45.36                    0.6063026282026935
45.38                    0.6060344522163528
45.4                     0.6057639639119156
45.42                    0.6054910563440439
45.44                    0.6052156247737404
45.46                    0.6049375667668404
45.480000000000004       0.6046567822908867
45.5                     0.6043731738106083
45.52                    0.604086646381771
45.540000000000006       0.6037971077431067
45.56                    0.603504468406639
45.580000000000005       0.6032086417459404
45.6                     0.6029095440824506
45.62                    0.6026070947696485
45.64                    0.6023012162751814
45.66                    0.6019918342607603
45.68                    0.6016788776598607
45.7                     0.6013622787532059
45.720000000000006       0.6010419732417205
45.74                    0.6007179003173271
45.760000000000005       0.6003900027309628
45.78                    0.6000582268580245
45.800000000000004       0.5997225227612247
45.82                    0.5993828442502903
45.839999999999996       0.599039148939091
45.86                    0.5986913982994564
45.88                    0.5983395577121017
45.9                     0.5979835965142306
45.92000000000001        0.5976234880441281
45.940000000000005       0.5972592096822859
45.96                    0.5968907428894754
45.980000000000004       0.5965180732411672
46                       0.5961411904588804
46.02                    0.5957600884377944
46.04                    0.595374765271157
46.059999999999995       0.5949852232710177
46.080000000000005       0.594591468985488
46.1                     0.5941935132123294
46.12                    0.5937913710090791
46.14000000000001        0.5933850616994186
46.160000000000004       0.59297460887592
46.18                    0.5925600403991418
46.2                     0.5921413883929828
46.22                    0.5917186892364104
46.24                    0.5912919835515026
46.26                    0.5908613161878147
46.28                    0.5904267362029991
46.300000000000004       0.5899882968398623
46.32                    0.5895460554995247
46.34                    0.5891000737109603
46.36000000000001        0.5886504170964103
46.38                    0.5881971553329627
46.4                     0.5877403621098417
46.42                    0.5872801150817238
46.44                    0.5868164958178517
46.46                    0.5863495897473425
46.48                    0.5858794861007307
46.5                     0.5854062778480722
46.52                    0.5849300616338224
46.540000000000006       0.5844509377081186
46.56                    0.5839690098552137
46.580000000000005       0.5834843853181199
46.6                     0.5829971747201826
46.62                    0.5825074919828981
46.64                    0.5820154542404492
46.66                    0.581521181750643
46.68                    0.5810247978025075
46.7                     0.5805264286205086
46.72                    0.5800262032654984
46.74000000000001        0.5795242535323628
46.760000000000005       0.5790207138447102
46.78                    0.5785157211462482
46.800000000000004       0.5780094147892468
46.82                    0.5775019364200422
46.839999999999996       0.5769934298614326
46.86                    0.5764840409921018
46.879999999999995       0.5759739176231966
46.900000000000006       0.575463209371881
46.92                    0.5749520675325156
46.94                    0.5744406449455759
46.96000000000001        0.5739290958656785
46.980000000000004       0.5734175758291435
47                       0.5729062415219093
47.02                    0.5723952506470719
47.04                    0.571884761789931
47.06                    0.571374934278759
47.08                    0.5708659280396993
47.1                     0.5703579034472729
47.120000000000005       0.5698510211727207
47.14                    0.5693454420316045
47.160000000000004       0.5688413268324176
47.18000000000001        0.5683388362255826
47.2                     0.5678381305526383
47.22                    0.5673393696949252
47.24                    0.5668427129217367
47.26                    0.5663483187375451
47.28                    0.565856344728461
47.300000000000004       0.5653669474084559
47.32                    0.5648802820656845
47.34                    0.5643965026096059
47.36000000000001        0.5639157614214607
47.38                    0.5634382092110818
47.400000000000006       0.5629639948858592
47.42                    0.5624932654386448
47.44                    0.5620261658529259
47.46                    0.5615628389970362
47.48                    0.5611034254325691
47.5                     0.560648063068851
47.52                    0.5601968867504677
47.54                    0.5597500280316935
47.56000000000001        0.5593076152385161
47.580000000000005       0.5588697736022994
47.6                     0.5584366252476216
47.620000000000005       0.5580082890350455
47.64                    0.5575848803561477
47.66                    0.5571665109428301
47.68                    0.5567532887035167
47.699999999999996       0.5563453175801563
47.72                    0.5559426974163172
47.74                    0.555545523829609
47.760000000000005       0.5551538880785085
47.78000000000001        0.5547678769056352
47.800000000000004       0.5543875723193721
47.82                    0.55401305129891
47.84                    0.5536443856442927
47.86                    0.5532816425894852
47.879999999999995       0.5529248874796086
47.9                     0.5525741809341805
47.92                    0.5522295755756345
47.940000000000005       0.5518911177679623
47.96                    0.551558849019056
47.980000000000004       0.5512328058785364
48.00000000000001        0.5509130196182238
48.02                    0.550599516003343
48.04                    0.5502923150635345
48.06                    0.5499914305885637
48.08                    0.5496968683065291
48.099999999999994       0.5494086268247586
48.120000000000005       0.5491267444882827
48.14                    0.5488511812595191
48.160000000000004       0.5485819150474972
48.18000000000001        0.5483189331746485
48.2                     0.5480622133306747
48.220000000000006       0.5478117475492147
48.24                    0.5475673846411983
48.26                    0.5473292395387029
48.28                    0.5470971848720226
48.3                     0.5468711726317219
48.32                    0.546651143081422
48.34                    0.5464370299952503
48.36                    0.5462287612206478
48.38                    0.5460262588340095
48.400000000000006       0.5458294392228126
48.42                    0.5456382131514124
48.440000000000005       0.545452485825376
48.46                    0.5452721569591157
48.48                    0.5450971208479017
48.5                     0.5449272664455466
48.519999999999996       0.5447624774477081
48.54                    0.5446026323809662
48.56                    0.5444476046978274
48.580000000000005       0.5442972628775241
48.6                     0.5441514705325521
48.620000000000005       0.5440100865210366
48.64                    0.5438729650647001
48.660000000000004       0.5437399558723813
48.68                    0.5436109042690959
48.699999999999996       0.5434856513304331
48.72                    0.5433640340221655
48.739999999999995       0.5432458853451874
48.760000000000005       0.5431310344851865
48.78000000000001        0.5430193069675363
48.800000000000004       0.5429105248166527
48.82000000000001        0.5428045067201417
48.84                    0.5427010681973413
48.86                    0.5426000217720731
48.88                    0.5425011771496805
48.9                     0.5424043413979196
48.919999999999995       0.5423093191316819
48.94                    0.5422159127012385
48.96000000000001        0.5421239223840574
48.980000000000004       0.5420331465796362
49.00000000000001        0.5419433820075698
49.02                    0.5418544239083644
49.040000000000006       0.5417660662467639
49.06                    0.5416781019177483
49.08                    0.5415903229544707
49.1                     0.5415025207383559
49.12                    0.5414144862109201
49.13999999999999        0.541326010087077
49.16                    0.5412368830699034
49.18000000000001        0.5411468960663581
49.2                     0.5410558404039569
49.220000000000006       0.54096350804802
49.24                    0.5408696918194118
49.260000000000005       0.5407741856123736
49.28                    0.540676784612254
49.3                     0.5405772855130541
49.32                    0.5404754867343238
49.339999999999996       0.5403711886373775
49.35999999999999        0.5402641937403805
49.38000000000001        0.5401543069322506
49.400000000000006       0.5400413356850843
49.42                    0.5399250902648135
49.440000000000005       0.539805383939927
49.46                    0.5396820331879711
49.480000000000004       0.5395548578996424
49.5                     0.5394236815802186
49.519999999999996       0.5392883315480919
49.54                    0.5391486391302087
49.559999999999995       0.5390044398540681
49.580000000000005       0.5388555736363139
49.60000000000001        0.5387018849674133
49.620000000000005       0.5385432230923667
49.64                    0.5383794421872073
49.660000000000004       0.5382104015310988
49.68                    0.5380359656737054
49.7                     0.5378560045978403
49.72                    0.537670393876964
49.739999999999995       0.5374790148275427
49.76                    0.537281754655891
49.78000000000001        0.5370785065994199
49.800000000000004       0.536869170062198
49.82000000000001        0.5366536507443692
49.84                    0.5364318607654869
49.86                    0.5362037187816335
49.88                    0.5359691500959202
49.9                     0.5357280867624007
49.92                    0.5354804676832595
49.94                    0.5352262386990578
49.959999999999994       0.5349653526717991
49.98000000000001        0.5346977695609861
50.00000000000001        0.5344234564922505
