20                       0.4927470806548362
20.02                    0.49259381539567404
20.04                    0.49244035248233986
20.06                    0.49228669356216764
20.080000000000002       0.4921328402124622
20.1                     0.49197879393663346
20.119999999999997       0.49182455616036097
20.14                    0.4916701282276982
20.16                    0.49151551139722083
20.18                    0.49136070683820915
20.2                     0.491205715626716
20.22                    0.4910505387418578
20.240000000000002       0.4908951770619151
20.259999999999998       0.4907396313605717
20.279999999999998       0.49058390230318133
20.3                     0.4904279904429643
20.32                    0.4902718962173125
20.34                    0.49011561994412933
20.36                    0.4899591618181147
20.38                    0.4898025219071679
20.4                     0.489645700148854
20.419999999999998       0.48948869634687336
20.44                    0.4893315101677629
20.46                    0.48917414113762847
20.479999999999997       0.4890165886390332
20.5                     0.4888588519081566
20.52                    0.48870093003206844
20.540000000000003       0.4885428219461438
20.56                    0.48838452643175984
20.58                    0.4882260421141017
20.6                     0.48806736746012214
20.619999999999997       0.4879085007766697
20.64                    0.4877494402087623
20.66                    0.487590183737937
20.68                    0.4874307291809056
20.7                     0.48727107418818183
20.72                    0.4871112162433434
20.740000000000002       0.48695115266327677
20.76                    0.4867908806071713
20.779999999999998       0.48663039665651997
20.8                     0.48646969863228856
20.82                    0.4863087823039548
20.84                    0.48614764443811737
20.86                    0.4859862814739665
20.88                    0.4858246891148165
20.900000000000002       0.48566286377990686
20.919999999999998       0.4855008012634192
20.939999999999998       0.4853384971827668
20.96                    0.48517594702541056
20.98                    0.48501314613365415
21                       0.4848500897093308
21.02                    0.4846867728141287
21.04                    0.48452319018241585
21.06                    0.484359331803823
21.08                    0.4841951955660289
21.1                     0.48403078804123306
21.12                    0.48386609007179376
21.139999999999997       0.4837010979262452
21.16                    0.48353580624922815
21.18                    0.4833702091926848
21.2                     0.4832043006959821
21.22                    0.48303807455936604
21.24                    0.4828715244715097
21.26                    0.48270464402456476
21.28                    0.4825374267250732
21.299999999999997       0.48236986600314113
21.32                    0.48220195522024073
21.34                    0.48203368767712285
21.36                    0.48186505662251733
21.38                    0.4816960552623478
21.4                     0.48152667676877814
21.42                    0.4813569142892866
21.439999999999998       0.4811867609559165
21.46                    0.48101620989468463
21.48                    0.48084525423529484
21.5                     0.48067388712086
21.52                    0.4805021017180237
21.54                    0.4803298912270256
21.560000000000002       0.4801572488919963
21.58                    0.47998416801137556
21.599999999999998       0.4798106419483877
21.62                    0.4796366641416849
21.64                    0.47946222811610667
21.66                    0.47928732749342245
21.68                    0.47911195600314305
21.7                     0.47893610749324295
21.720000000000002       0.4787597759408334
21.74                    0.4785829554628134
21.759999999999998       0.4784056403263806
21.78                    0.47822782495962096
21.799999999999997       0.4780495039618367
21.82                    0.4778706721137206
21.84                    0.47769132438741263
21.86                    0.4775114559562559
21.88                    0.47733106220432625
21.9                     0.47715013873569356
21.92                    0.47696868138330406
21.94                    0.47678668621764403
21.959999999999997       0.47660414955484126
21.98                    0.4764210679645896
22                       0.4762374382774311
22.02                    0.47605325759172934
22.04                    0.47586852328009016
22.06                    0.47568323299524
22.080000000000002       0.47549738467546476
22.099999999999998       0.47531097654927235
22.119999999999997       0.47512400713966374
22.14                    0.47493647526763005
22.16                    0.47474838005498704
22.18                    0.474559720926587
22.2                     0.4743704976116292
22.22                    0.47418071014435914
22.24                    0.47399035886372753
22.259999999999998       0.47379944441241034
22.28                    0.4736079677346975
22.3                     0.4734159300736999
22.319999999999997       0.4732233329675778
22.34                    0.4730301782447872
22.36                    0.47283646801850693
22.380000000000003       0.4726422046801341
22.4                     0.4724473908917832
22.419999999999998       0.4722520295777846
22.44                    0.4720561239153373
22.46                    0.47185967732406675
22.48                    0.4716626934545185
22.5                     0.47146517617582384
22.52                    0.47126712956211575
22.54                    0.47106855787808755
22.56                    0.4708694655634449
22.580000000000002       0.47066985721633936
22.6                     0.47046973757575367
22.619999999999997       0.47026911150282436
22.64                    0.4700679839611086
22.66                    0.469866359995746
22.68                    0.46966424471157137
22.7                     0.46946164325030226
22.72                    0.46925856076677946
22.740000000000002       0.46905500240469566
22.759999999999998       0.4688509732715516
22.779999999999998       0.4686464784132773
22.8                     0.4684415227880112
22.82                    0.4682361112393037
22.84                    0.46803024846836266
22.86                    0.4678239390055847
22.88                    0.4676171871812341
22.900000000000002       0.4674099970956443
22.919999999999998       0.4672023725889103
22.94                    0.46699431721016327
22.96                    0.4667858341867192
22.98                    0.46657692639286874
23                       0.4663675963186672
23.02                    0.46615784603856625
23.04                    0.46594767718011254
23.06                    0.46573709089268434
23.08                    0.46552608781665833
23.1                     0.46531466805289895
23.12                    0.4651028311335232
23.139999999999997       0.46489057599355105
23.16                    0.4646779009436287
23.18                    0.4644648036427853
23.2                     0.46425128107026603
23.22                    0.4640373294970852
23.24                    0.4638229444583207
23.26                    0.4636081207280026
23.279999999999998       0.4633928522963356
23.3                     0.46317713234894525
23.32                    0.46296095324763487
23.34                    0.4627443065125404
23.36                    0.46252718280571303
23.38                    0.46230957191667427
23.400000000000002       0.4620914627499459
23.419999999999998       0.4618728433156633
23.439999999999998       0.461653700724
23.46                    0.4614340211847708
23.48                    0.4612137900100507
23.5                     0.460992991608458
23.52                    0.4607716094579262
23.54                    0.46054962608133776
23.560000000000002       0.4603270230717181
23.58                    0.46010378114357003
23.6                     0.4598798801596358
23.62                    0.4596552991384068
23.64                    0.4594300162667761
23.66                    0.45920400892771507
23.68                    0.45897725375269677
23.700000000000003       0.4587497267255956
23.72                    0.45852140262066615
23.74                    0.4582922472668611
23.759999999999998       0.458062250584604
23.78                    0.4578313778098535
23.8                     0.45759960116273
23.82                    0.45736689276744363
23.84                    0.4571332240496419
23.86                    0.4568985660633611
23.88                    0.45666288952229966
23.9                     0.456426164842559
23.92                    0.4561883622590017
23.939999999999998       0.45594945277181065
23.959999999999997       0.45570940470095656
23.98                    0.4554681878458806
24                       0.4552257730127283
24.02                    0.4549821300189452
24.04                    0.4547372300611745
24.06                    0.45449104218448
24.080000000000002       0.45424353825216546
24.099999999999998       0.4539946896109172
24.12                    0.4537444682721289
24.14                    0.45349284691260183
24.16                    0.4532397989579156
24.18                    0.4529852986730881
24.2                     0.4527293212553472
24.220000000000002       0.45247184292743475
24.24                    0.4522128410312815
24.259999999999998       0.45195229412136384
24.28                    0.45169018205757644
24.3                     0.4514264860971649
24.32                    0.45116118898538504
24.34                    0.45089427504463203
24.36                    0.4506257302614935
24.38                    0.4503555423715595
24.4                     0.45008370094129213
24.42                    0.44981019744706496
24.44                    0.4495350253503667
24.459999999999997       0.4492581801693336
24.48                    0.4489796595457284
24.5                     0.4486994633073326
24.520000000000003       0.4484175935250533
24.54                    0.4481340545645655
24.56                    0.4478488531318463
24.580000000000002       0.447561998312467
24.6                     0.44727350160398177
24.62                    0.4469833769411112
24.64                    0.4466916407134581
24.66                    0.4463983117752037
24.68                    0.44610341144646815
24.7                     0.4458069635060414
24.720000000000002       0.4455089941750734
24.740000000000002       0.4452095320914623
24.759999999999998       0.4449086082746172
24.779999999999998       0.44460625608025817
24.8                     0.4443025111452332
24.82                    0.44399741132165865
24.84                    0.44369099660086675
24.86                    0.44338330902628287
24.88                    0.4430743925955936
24.9                     0.4427642931519689
24.919999999999998       0.4424530582641885
24.94                    0.44214073709580004
24.96                    0.4418273802632085
24.979999999999997       0.4415130396829175
25                       0.4411977684078409
25.02                    0.44088162045313856
25.040000000000003       0.4405646506114757
25.06                    0.44024691425818463
25.08                    0.43992846714670164
25.1                     0.4396093651944149
25.119999999999997       0.4392896642596537
25.14                    0.4389694199101055
25.16                    0.43864868718339545
25.18                    0.43832752034032185
25.2                     0.4380059726114345
25.22                    0.4376840959378138
25.240000000000002       0.43736194070676315
25.26                    0.4370395554832605
25.279999999999998       0.43671698673826587
25.3                     0.4363942785745096
25.32                    0.43607147245140876
25.34                    0.4357486069094255
25.36                    0.43542571729578444
25.38                    0.43510283549229345
25.400000000000002       0.43477998964658704
25.419999999999998       0.43445720390829373
25.44                    0.434134498171185
25.46                    0.43381188782302027
25.48                    0.4334893835042216
25.5                     0.43316699087690064
25.52                    0.43284471040592903
25.540000000000003       0.43252253715319294
25.56                    0.43220046058683675
25.58                    0.43187846440673355
25.6                     0.43155652638805175
25.62                    0.4312346182439575
25.64                    0.43091270550925653
25.66                    0.4305907474461346
25.68                    0.43026869697362097
25.7                     0.4299465006219049
25.72                    0.4296240985127991
25.740000000000002       0.42930142436763546
25.76                    0.42897840554369204
25.78                    0.42865496310025664
25.799999999999997       0.4283310118954998
25.82                    0.4280064607147375
25.84                    0.42768121243140494
25.86                    0.42735516420118264
25.88                    0.42702820768996474
25.9                     0.4267002293363046
25.92                    0.42637111064859934
25.939999999999998       0.4260407285371133
25.96                    0.42570895568123057
25.98                    0.4253756609315023
26                       0.4250407097461882
26.02                    0.4247039646613727
26.04                    0.4243652857920211
26.060000000000002       0.4240245313333878
26.08                    0.42368155830765414
26.099999999999998       0.4233362226862986
26.12                    0.4229883805036776
26.14                    0.4226378881951906
26.16                    0.4222846028985928
26.18                    0.42192838435945773
26.2                     0.42156909477316984
26.220000000000002       0.4212065995317363
26.24                    0.4208407683269479
26.26                    0.4204714757432498
26.28                    0.4200986019760859
26.299999999999997       0.4197220335736974
26.32                    0.4193416641310718
26.34                    0.41895739440452384
26.360000000000003       0.4185691255990688
26.38                    0.4181767959290784
26.4                     0.4177803377994948
26.42                    0.41737967550756616
26.44                    0.41697476587445936
26.46                    0.4165655746196835
26.48                    0.41615207973969265
26.5                     0.4157342726083538
26.52                    0.4153121586506546
26.54                    0.4148857578915262
26.560000000000002       0.4144551054318459
26.580000000000002       0.414020251861159
26.599999999999998       0.4135812636064145
26.619999999999997       0.41313822321241556
26.64                    0.41269122954952203
26.660000000000004       0.41224039794502193
26.68                    0.4117858602348434
26.7                     0.41132776473054894
26.72                    0.41086627609708437
26.74                    0.4104015751370925
26.759999999999998       0.40993385847852465
26.78                    0.4094633381620925
26.8                     0.40899024112567095
26.819999999999997       0.4085148085831924
26.84                    0.40803729529577065
26.86                    0.40755796873336503
26.880000000000003       0.40707710812625214
26.9                     0.4065950034053223
26.919999999999998       0.4061119540317569
26.94                    0.40562826771654503
26.96                    0.4051442590315462
26.98                    0.4046602479142917
27                       0.4041765580696344
27.02                    0.4036935152721798
27.04                    0.40321144557422334
27.06                    0.402730673424992
27.080000000000002       0.4022515197077107
27.1                     0.4017742997019664
27.119999999999997       0.40129932098013255
27.14                    0.40082688124703797
27.16                    0.4003572661336325
27.18                    0.3998907469559474
27.2                     0.3994275784518093
27.22                    0.39896799650848197
27.240000000000002       0.39851221589571884
27.259999999999998       0.3980604280188386
27.28                    0.39761279870822225
27.3                     0.39716946606111336
27.32                    0.39673053835351324
27.339999999999996       0.396296092039388
27.36                    0.3958661698558033
27.380000000000003       0.39544077905212377
27.400000000000002       0.3950198897620629
27.419999999999998       0.39460343353762606
27.439999999999998       0.39419130206318254
27.46                    0.3937833460684721
27.48                    0.39337937445836885
27.5                     0.39297915367721453
27.52                    0.39258240732404204
27.54                    0.3921888160351288
27.56                    0.39179801764818617
27.580000000000002       0.3914096076620834
27.6                     0.39102314000408145
27.62                    0.390638128115217
27.639999999999997       0.3902540463626018
27.66                    0.3898703317856505
27.680000000000003       0.3894863861809616
27.7                     0.38910157852852495
27.72                    0.38871524775947336
27.74                    0.38832670586329815
27.76                    0.38793524132948937
27.78                    0.3875401229166934
27.8                     0.38714060373833054
27.82                    0.38673592565294207
27.84                    0.3863253239423772
27.86                    0.38590803226003373
27.880000000000003       0.3854832878273221
27.900000000000002       0.38505033685427476
27.919999999999998       0.3846084401570034
27.939999999999998       0.38415687894243267
27.96                    0.38369496072741505
27.98                    0.3832220253573173
28                       0.3827374510857947
28.02                    0.38224066067592893
28.04                    0.3817311274797278
28.060000000000002       0.38120838145125824
28.08                    0.380672015046259
28.1                     0.38012168895988796
28.12                    0.3795571376512148
28.14                    0.3789781746030502
28.16                    0.3783846972628137
28.18                    0.37777669160973476
28.200000000000003       0.3771542362924184
28.22                    0.3765175062798917
28.24                    0.37586677596943385
28.259999999999998       0.3752024216942595
28.28                    0.37452492357399814
28.3                     0.3738348666529591
28.32                    0.37313294127072055
28.34                    0.37241994261296124
28.36                    0.371696769391284
28.38                    0.3709644216047738
28.400000000000002       0.3702239973388605
28.42                    0.3694766885620622
28.439999999999998       0.3687237758855634
28.459999999999997       0.3679666222577309
28.48                    0.36720666557153475
28.500000000000004       0.36644541017265214
28.52                    0.36568441726362977
28.54                    0.3649252942104601
28.56                    0.36416968276792594
28.580000000000002       0.36341924624960614
28.6                     0.3626756556827107
28.62                    0.3619405750029495
28.64                    0.36121564536312206
28.66                    0.3605024686447288
28.679999999999996       0.35980259027730777
28.700000000000003       0.35911748148596684
28.720000000000002       0.35844852110349495
28.74                    0.3577969771025526
28.759999999999998       0.35716398802019655
28.780000000000005       0.35655054446383744
28.8                     0.35595747090467406
28.82                    0.3553854079790739
28.84                    0.3548347955337603
28.86                    0.35430585666445846
28.88                    0.3537985830053321
28.900000000000002       0.35331272151041376
28.92                    0.352847762921756
28.94                    0.35240293214081675
28.959999999999997       0.3519771808931968
28.980000000000004       0.3515691830752019
29.000000000000004       0.35117733289445174
29.020000000000003       0.35079974587416596
29.04                    0.3504342629328431
29.06                    0.3500784577637429
29.08                    0.34972964767251513
29.099999999999998       0.34938490797672894
29.12                    0.3490410899000251
29.14                    0.3486948376919705
29.16                    0.3483426073150323
29.179999999999996       0.3479807673447949
29.200000000000003       0.3476054935148506
29.220000000000002       0.34721291330791954
29.240000000000002       0.3467991101664847
29.259999999999998       0.3463601649223388
29.279999999999998       0.345892200659588
29.299999999999997       0.3453914285190403
29.32                    0.34485419513289944
29.34                    0.3442770313101676
29.36                    0.34365670220378053
29.38                    0.3429902660775788
29.400000000000002       0.3422750930429714
29.42                    0.3415089525479804
29.44                    0.340690043625704
29.46                    0.33981704914665206
29.479999999999997       0.338889134100742
29.499999999999996       0.33790608002550965
29.520000000000003       0.3368682255804215
29.54                    0.3357765461016079
29.56                    0.334632669855918
29.58                    0.33343889811925187
29.600000000000005       0.3321982185239591
29.62                    0.3309143109806639
29.64                    0.32959154546893704
29.66                    0.32823497100100824
29.68                    0.32685029508050445
29.699999999999996       0.32544385300882445
29.720000000000002       0.32402256643345234
29.740000000000002       0.32259389059304877
29.76                    0.3211657497911965
29.779999999999998       0.3197464607340391
29.800000000000004       0.31834464349438324
29.820000000000004       0.3169691200238291
29.84                    0.3156288003260005
29.86                    0.31433255663302
29.88                    0.3130890861930945
29.9                     0.31190676358359387
29.919999999999995       0.31079348380732236
29.94                    0.3097564978119256
29.96                    0.3088022424827298
29.98                    0.3079361675969393
30.000000000000004       0.30716256267726383
30.020000000000003       0.3064843871342712
30.040000000000003       0.305903107522487
30.06                    0.30541854613572383
30.08                    0.30502874551053216
30.099999999999998       0.30472985366758687
30.119999999999997       0.3045160350755021
30.14                    0.3043794123436169
30.16                    0.30431004351531843
30.18                    0.3042959395228406
30.2                     0.3043231258602983
30.220000000000002       0.3043757518282466
30.240000000000002       0.30443624979783396
30.26                    0.30448554584868726
30.28                    0.30450332187135754
30.299999999999997       0.3044683278268529
30.319999999999997       0.3043587413646747
30.340000000000003       0.304152570469612
30.36                    0.3038280932965465
30.38                    0.3033643279226697
30.4                     0.30274152346085664
30.42                    0.3019416628951166
30.44                    0.3009489671641775
30.46                    0.2997503894704331
30.48                    0.29833608854475924
30.5                     0.2966998696522298
30.519999999999996       0.29483958245832254
30.540000000000003       0.29275746544649345
30.560000000000002       0.29046042732525873
30.58                    0.2879602567101591
30.599999999999998       0.28527375222204665
30.620000000000005       0.2824227659149293
30.640000000000004       0.27943415353813195
30.66                    0.27633962545920965
30.68                    0.27317549205533515
30.7                     0.2699822969712845
30.72                    0.26680433083150135
30.740000000000002       0.263689016821591
30.76                    0.26068615812923274
30.78                    0.2578470357557466
30.799999999999997       0.255223343994972
30.820000000000004       0.2528659503930267
30.840000000000003       0.2508234678965738
30.860000000000003       0.24914063001882322
30.88                    0.24785646626382882
30.9                     0.24700228599209015
30.919999999999998       0.24659949571227652
30.939999999999998       0.24665729866700234
30.96                    0.24717035733217949
30.98                    0.24811653893753408
31                       0.2494549096453151
31.020000000000003       0.25112419061227287
31.040000000000003       0.25304193189709545
31.060000000000002       0.2551046879664023
31.080000000000002       0.2571894786672523
31.099999999999998       0.2591567783693959
31.119999999999997       0.2608551823433161
31.139999999999997       0.2621277490850486
31.160000000000004       0.2628198178353336
31.18                    0.26278787484994554
31.2                     0.2619088280211165
31.22                    0.2600888945860155
31.240000000000002       0.2572712565447795
31.26                    0.25344172291600436
31.28                    0.24863185898559287
31.3                     0.24291936928281224
31.319999999999997       0.23642589488729046
31.339999999999996       0.22931273626344426
31.360000000000003       0.22177527621009285
31.380000000000003       0.2140370118089727
31.4                     0.20634409502134385
31.419999999999998       0.19896113477321015
31.440000000000005       0.1921687363835964
31.46                    0.1862628274316505
31.48                    0.1815551589764838
31.5                     0.17837328469560199
31.52                    0.17705646334260644
31.54                    0.1779408200494292
31.560000000000002       0.18132238204390613
31.580000000000002       0.18738103954457444
31.6                     0.1960465529202687
31.619999999999997       0.20680200334203394
31.640000000000004       0.21847219259901646
31.660000000000004       0.2291434081807506
31.68                    0.23643913768936894
31.7                     0.23825328248305555
31.72                    0.23363384651944852
31.74                    0.22319168954375276
31.76                    0.20871232451652488
31.78                    0.19232288215598914
31.8                     0.17580589192444013
31.82                    0.1603299546185
31.840000000000003       0.1465235454888822
31.860000000000003       0.1348049606339053
31.880000000000003       0.12654651671016695
31.900000000000002       0.1330428476705853
31.919999999999998       0.24667306989350773
31.939999999999998       0.20947791548722483
31.959999999999997       0.1578180078389621
31.98                    0.14005762170906047
32                       0.13220372984805676
32.019999999999996       0.12849080725921377
32.04                    0.1270380608052812
32.06                    0.12704649991382716
32.080000000000005       0.12810596190673448
32.1                     0.12997457073509808
32.12                    0.13249422651402581
32.14                    0.13555335023147827
32.16                    0.13906854829386808
32.18                    0.14297474590430956
32.2                     0.1472194707499316
32.22                    0.1517593301644889
32.239999999999995       0.15655772424722406
32.260000000000005       0.16158329471351404
32.28                    0.16680883294688
32.300000000000004       0.172210486651305
32.32                    0.17776716769541953
32.339999999999996       0.18346009976102662
32.36                    0.1892724657800974
32.38                    0.1951891282836614
32.4                     0.20119640412694695
32.42                    0.207281880509588
32.44                    0.2134342628603346
32.46                    0.21964324766643986
32.480000000000004       0.2258994150824606
32.5                     0.23219413740887324
32.52                    0.23851950043908254
32.54                    0.24486823534702773
32.559999999999995       0.2512336592858338
32.580000000000005       0.25760962324972786
32.6                     0.2639904660371502
32.62                    0.2703709733791291
32.64                    0.2767463414680811
32.660000000000004       0.28311214426479003
32.68                    0.28946430406522744
32.7                     0.29579906490254
32.72                    0.30211296842303426
32.74                    0.3084028319370626
32.76                    0.31466572838778456
32.779999999999994       0.32089896802078355
32.800000000000004       0.3271000815696178
32.82                    0.33326680479495135
32.839999999999996       0.3393970642414013
32.86000000000001        0.34548896408943114
32.88                    0.3515407739985231
32.9                     0.35755091785022924
32.92                    0.3635179633077521
32.94                    0.3694406121225671
32.96                    0.3753176911232057
32.98                    0.3811481438292855
33                       0.38693102264088175
33.02                    0.39266548155659675
33.04                    0.3983507693803155
33.059999999999995       0.4039862233780995
33.080000000000005       0.4095712633536964
33.1                     0.41510538611025666
33.12                    0.42058816027130486
33.14                    0.4260192214350459
33.16                    0.43139826764021155
33.18                    0.4367250551194526
33.2                     0.44199939432328605
33.22                    0.4472211461952637
33.24                    0.4523902186812718
33.26                    0.45750656345922186
33.28                    0.4625701728732859
33.300000000000004       0.46758107706049
33.32                    0.4725393412567094
33.34                    0.47744506327163444
33.36                    0.48229837112091284
33.379999999999995       0.48709942080669894
33.400000000000006       0.49184839423660165
33.42                    0.4965454972728666
33.44                    0.5011909579037327
33.46                    0.5057850245293138
33.480000000000004       0.5103279643550441
33.5                     0.5148200618867261
33.52                    0.5192616175195359
33.54                    0.5236529462172209
33.56                    0.5279943762747202
33.58                    0.5322862481594708
33.6                     0.5365289134267199
33.620000000000005       0.5407227337049951
33.64                    0.5448680797459717
33.66                    0.5489653305368813
33.68000000000001        0.5530148724700107
33.7                     0.5570170985664727
33.72                    0.5609724077520083
33.74                    0.5648812041795297
33.76                    0.5687438965978452
33.78                    0.5725608977628216
33.8                     0.5763326238879654
33.82                    0.5800594941330554
33.84                    0.5837419301276221
33.86                    0.5873803555276457
33.88                    0.5909751956029416
33.900000000000006       0.5945268768541041
33.92                    0.5980358266562672
33.94                    0.6015024729287833
33.96                    0.6049272438291251
33.98                    0.6083105674694189
34                       0.6116528716541216
34.02                    0.6149545836378538
34.04                    0.6182161299016274
34.06                    0.621437935947247
34.08                    0.6246204261074579
34.1                     0.6277640233722902
34.120000000000005       0.6308691492295097
34.14                    0.633936223518852
34.16                    0.636965664298876
34.18                    0.6399578877247765
34.199999999999996       0.6429133079364526
34.220000000000006       0.6458323369547836
34.24                    0.6487153845862731
34.26                    0.6515628583366977
34.28                    0.6543751633356051
34.300000000000004       0.6571527022717419
34.32                    0.6598958753375428
34.34                    0.6626050801801788
34.36                    0.6652807118566361
34.379999999999995       0.667923162792859
34.4                     0.6705328227472632
34.419999999999995       0.6731100787787017
34.440000000000005       0.6756553152190785
34.46                    0.6781689136505229
34.480000000000004       0.6806512528872257
34.50000000000001        0.6831027089612588
34.52                    0.6855236551144062
34.54                    0.6879144617958568
34.56                    0.6902754966686965
34.58                    0.6926071246221402
34.6                     0.6949097077720997
34.62                    0.6971836054181328
34.64                    0.6994291739563625
34.660000000000004       0.70164676684428
34.68                    0.7038367346869713
34.7                     0.7059994253470039
34.720000000000006       0.7081351839757244
34.74                    0.710244352991229
34.76                    0.7123272720551641
34.78                    0.7143842780642485
34.8                     0.7164157051498379
34.82                    0.7184218846752659
34.84                    0.7204031452171255
34.86                    0.7223598124924142
34.88                    0.7242922096040381
34.900000000000006       0.7262006573355911
34.92                    0.7280854746502804
34.940000000000005       0.7299469782333172
34.96                    0.7317854795610732
34.98                    0.7336012874404286
35                       0.7353947089627025
35.019999999999996       0.7371660488488744
35.04                    0.7389156091163739
35.06                    0.7406436888223087
35.08                    0.7423505831577982
35.1                     0.7440365831914326
35.120000000000005       0.7457020111653528
35.14                    0.7473471258761732
35.160000000000004       0.7489722134286875
35.18                    0.7505775635115631
35.199999999999996       0.7521634542574508
35.22                    0.7537301821279194
35.239999999999995       0.755278002822566
35.26                    0.7568071994231119
35.28                    0.7583180430931161
35.300000000000004       0.7598108028873015
35.32000000000001        0.7612857454260888
35.34                    0.7627431348610153
35.36                    0.7641832328694457
35.38                    0.7656062986551245
35.4                     0.7670125889498175
35.419999999999995       0.7684023580152353
35.44                    0.7697758576444943
35.46                    0.771133337163479
35.48                    0.7724750434315463
35.5                     0.7738012208419607
35.52                    0.7751121113218203
35.540000000000006       0.7764079543316349
35.56                    0.7776889868643855
35.58                    0.7789554434443534
35.6                     0.7802075561253141
35.62                    0.7814455544886852
35.63999999999999        0.7826696656410177
35.660000000000004       0.7838801142114985
35.68                    0.7850771223486865
35.7                     0.7862609097174168
35.720000000000006       0.787431693495201
35.74                    0.7885896883683307
35.760000000000005       0.7897351065279304
35.78                    0.7908681576655769
35.8                     0.7919890489689859
35.82                    0.7930979851174109
35.839999999999996       0.7941951682768176
35.86                    0.7952807980951901
35.88                    0.7963550716974409
35.9                     0.797418183680625
35.92                    0.7984703261087286
35.940000000000005       0.7995116885077727
35.96                    0.8005424578607282
35.980000000000004       0.8015628186025632
36                       0.8025729526152636
36.019999999999996       0.8035730392230543
36.04                    0.8045632551875934
36.059999999999995       0.8055437747033722
36.08                    0.806514769393324
36.1                     0.8074764083044587
36.120000000000005       0.8084288579038448
36.14                    0.8093722820747042
36.160000000000004       0.8103068421128325
36.18                    0.8112326967232552
36.2                     0.8121500020171892
36.22                    0.8130589115092344
36.239999999999995       0.813959576115095
36.26                    0.8148521441493838
36.28                    0.8157367613241127
36.3                     0.8166135707472657
36.32000000000001        0.8174827129220934
36.34                    0.8183443257465771
36.36                    0.8191985445135219
36.38                    0.820045501911087
36.4                     0.8208853280237903
36.42                    0.8217181503340306
36.44                    0.8225440937241137
36.459999999999994       0.8233632804788896
36.480000000000004       0.8241758302889272
36.5                     0.824981860254216
36.519999999999996       0.825781484888573
36.540000000000006       0.8265748161245103
36.56                    0.8273619633188745
36.580000000000005       0.8281430332590122
36.6                     0.8289181301696636
36.62                    0.8296873557204737
36.64                    0.8304508090341715
36.66                    0.8312085866954848
36.68                    0.8319607827607062
36.7                     0.8327074887679135
36.72                    0.8334487937480802
36.74                    0.8341847842366786
36.760000000000005       0.834915544286161
36.78                    0.8356411554791433
36.800000000000004       0.8363616969423057
36.82                    0.8370772453609955
36.839999999999996       0.8377878749947076
36.86                    0.8384936576931457
36.88                    0.8391946629132048
36.9                     0.8398909577365921
36.92                    0.8405826068882627
36.940000000000005       0.8412696727556269
36.96                    0.8419522154085436
36.980000000000004       0.8426302926201416
37                       0.8433039598883393
37.02                    0.8439732704583118
37.04                    0.8446382753456759
37.059999999999995       0.8452990233605279
37.08                    0.8459555611323031
37.1                     0.8466079331354837
37.12                    0.8472561817160021
37.14000000000001        0.8479003471185101
37.160000000000004       0.8485404675143613
37.18                    0.8491765790303213
37.2                     0.8498087157779706
37.22                    0.8504369098838396
37.24                    0.8510611915202223
37.26                    0.8516815889365461
37.279999999999994       0.852298128491593
37.300000000000004       0.8529108346863202
37.32                    0.8535197301973695
37.34                    0.8541248359113917
37.36000000000001        0.8547261709601569
37.38                    0.8553237527566386
37.4                     0.8559175970323226
37.42                    0.8565077178765788
37.44                    0.8570941277809352
37.46                    0.857676837703893
37.48                    0.8582558573310259
37.5                     0.858831189029507
37.52                    0.8594028519706387
37.54                    0.8599708408569273
37.56                    0.8605351618513947
37.580000000000005       0.8610958173819843
37.6                     0.8616528085915977
37.62                    0.8622061345913428
37.64                    0.8627557940919268
37.66                    0.8633017844304636
37.68                    0.8638441017736176
37.7                     0.8643827412439423
37.72                    0.8649176969432418
37.74                    0.8654489619783651
37.760000000000005       0.865976528487648
37.78                    0.8665003876531526
37.800000000000004       0.8670205296345005
37.82                    0.8675369433975956
37.84                    0.8680496233811836
37.86                    0.8685585547555572
37.879999999999995       0.8690637184711978
37.9                     0.869565106001257
37.92                    0.87006270367238
37.94                    0.8705564970442615
37.96000000000001        0.871046471192534
37.980000000000004       0.871532610752411
38                       0.8720148999569276
38.02                    0.8724933226785163
38.04                    0.8729678624723708
38.06                    0.8734385026209346
38.08                    0.8739052261785595
38.099999999999994       0.8743680160158289
38.120000000000005       0.8748268548628005
38.14                    0.8752817253520531
38.160000000000004       0.8757326100626884
38.18000000000001        0.8761794915649428
38.2                     0.8766223524642067
38.22                    0.8770611754441909
38.24                    0.8774959433094859
38.26                    0.8779266390277054
38.28                    0.8783532457712497
38.3                     0.8787757469586401
38.32                    0.8791941262954132
38.34                    0.8796083678145573
38.36                    0.8800184559163586
38.38                    0.8804243754078512
38.400000000000006       0.8808261115415387
38.42                    0.8812236500538212
38.44                    0.8816169772027056
38.46                    0.8820060798050878
38.48                    0.8823909452731684
38.5                     0.8827715616501597
38.52                    0.8831479176446901
38.54                    0.8835200026643716
38.56                    0.8838878068483907
38.580000000000005       0.8842513210996713
38.6                     0.8846105371164728
38.620000000000005       0.8849654474233816
38.64                    0.885316045401555
38.66                    0.8856623253179872
38.68                    0.8860042823538139
38.699999999999996       0.8863419126315996
38.72                    0.8866752132416527
38.74                    0.8870041822672894
38.76                    0.8873288188092332
38.78000000000001        0.8876491230088964
38.800000000000004       0.8879650960706907
38.82                    0.8882767402833764
38.84                    0.8885840590402825
38.86                    0.8888870568584926
38.879999999999995       0.8891857393970526
38.9                     0.8894801134739084
38.919999999999995       0.8897701870818564
38.940000000000005       0.8900559694032577
38.96                    0.8903374708237138
38.980000000000004       0.8906147029443855
39.00000000000001        0.8908876785933327
39.02                    0.8911564118356349
39.04                    0.8914209179823814
39.06                    0.8916812135985662
39.08                    0.8919373165098816
39.099999999999994       0.8921892458083297
39.12                    0.8924370218567432
39.14                    0.8926806662919908
39.160000000000004       0.8929202020271017
39.18000000000001        0.8931556532520206
39.2                     0.8933870454332612
39.220000000000006       0.8936144053123414
39.24                    0.8938377609029398
39.26                    0.8940571414869741
39.28                    0.894272577609444
39.3                     0.8944841010720395
39.32                    0.8946917449256825
39.34                    0.8948955434617952
39.36                    0.8950955322023983
39.38                    0.8952917478890239
39.400000000000006       0.8954842284705093
39.42                    0.895673013089572
39.440000000000005       0.895858142068209
39.46                    0.8960396568920448
39.48                    0.8962176001934693
39.5                     0.8963920157337077
39.519999999999996       0.8965629483837343
39.54                    0.8967304441041878
39.56                    0.8968945499241502
39.58                    0.8970553139189552
39.6                     0.8972127851868845
39.620000000000005       0.8973670138250129
39.64                    0.8975180509039844
39.660000000000004       0.8976659484419247
39.68                    0.8978107593774491
39.699999999999996       0.8979525375417671
39.72                    0.8980913376298589
39.74                    0.8982272151707491
39.76                    0.8983602264967141
39.78                    0.898490428711435
39.800000000000004       0.8986178796570375
39.82000000000001        0.8987426378800157
39.84                    0.8988647625962899
39.86                    0.8989843136554039
39.88                    0.8991013515042179
39.9                     0.8992159371502383
39.919999999999995       0.8993281321245845
39.94                    0.8994379984446302
39.96                    0.8995455985761692
39.98                    0.8996509953951166
40.00000000000001        0.8997542521485369
40.02                    0.8998554324151236
40.040000000000006       0.8999546000650533
40.06                    0.9000518192192737
40.08                    0.9001471542083349
40.1                     0.9002406695307595
40.12                    0.9003324298110222
40.13999999999999        0.9004224997571256
40.160000000000004       0.900510944117838
40.18                    0.9005978276394019
40.2                     0.9006832150218286
40.220000000000006       0.9007671708743921
40.24                    0.9008497596704725
40.260000000000005       0.9009310457016332
40.28                    0.9010110930315972
40.3                     0.9010899654511657
40.32                    0.9011677264356619
40.339999999999996       0.9012444391058626
40.36                    0.9013201661916231
40.38                    0.9013949699952786
40.4                     0.90146891235161
40.42                    0.9015420545831194
40.440000000000005       0.9016144574522864
40.46                    0.9016861811135108
40.480000000000004       0.9017572850667049
40.5                     0.9018278281130994
40.519999999999996       0.9018978683128948
40.54                    0.9019674629441444
40.56                    0.9020366684622291
40.58                    0.9021055404599331
40.6                     0.9021741336280573
40.620000000000005       0.9022425017173473
40.64                    0.9023106975030688
40.660000000000004       0.9023787727551689
40.68                    0.902446778218517
40.7                     0.9025147636067757
40.72                    0.9025827776012407
40.739999999999995       0.9026508678149164
40.76                    0.9027190806637989
40.78                    0.9027874611711884
40.8                     0.9028560528699012
40.82000000000001        0.9029248978897427
40.84                    0.9029940370878883
40.86                    0.903063510080749
40.88                    0.9031333551917872
40.9                     0.9032036093806607
40.92                    0.9032743081847424
40.94                    0.9033454856736209
40.959999999999994       0.9034171744075274
40.980000000000004       0.9034894053878754
41                       0.9035622079835122
41.02                    0.9036356098248651
41.040000000000006       0.9037096368169039
41.06                    0.9037843137218253
41.080000000000005       0.9038596658811616
41.1                     0.9039357172102661
41.12                    0.9040124866087309
41.14                    0.9040899906818304
41.16                    0.904168245471464
41.18                    0.9042472658701411
41.2                     0.9043270651359243
41.22                    0.9044076546420807
41.24                    0.9044890434338458
41.260000000000005       0.9045712366791333
41.28                    0.9046542429239451
41.300000000000004       0.9047380999446988
41.32                    0.9048227673127339
41.339999999999996       0.9049082542233178
41.36                    0.9049945649413309
41.38                    0.905081700181408
41.4                     0.9051696485828713
41.42                    0.9052584138993047
41.440000000000005       0.9053479853839392
41.46                    0.9054383542967438
41.480000000000004       0.9055295101702975
41.5                     0.9056214408580178
41.52                    0.9057141325590414
41.54                    0.9058075698356826
41.559999999999995       0.9059017356300935
41.580000000000005       0.9059966112816165
41.6                     0.906092176545261
41.62                    0.9061884096114774
41.64000000000001        0.9062852871272095
41.660000000000004       0.9063827842182598
41.68                    0.906480874513043
41.7                     0.9065795301675824
41.72                    0.9066787218918347
41.74                    0.9067784189773191
41.76                    0.9068785893259558
41.779999999999994       0.906979199480201
41.800000000000004       0.9070802146543959
41.82                    0.9071815987673
41.84                    0.9072833144758317
41.86000000000001        0.9073853232099257
41.88                    0.9074875852085689
41.9                     0.907590059556907
41.92                    0.9076927042244372
41.94                    0.9077954761042322
41.96                    0.9078983310532182
41.98                    0.9080012239334156
42                       0.9081041086541173
42.02                    0.9082069382150506
42.040000000000006       0.908309664750333
42.06                    0.9084122395734171
42.080000000000005       0.908514613222708
42.1                     0.908616735508104
42.12                    0.9087185555581563
42.14                    0.9088200218680745
42.16                    0.9089210823482762
42.18                    0.9090216843736553
42.2                     0.9091217748334143
42.22                    0.9092213001814322
42.24                    0.9093202064871828
42.260000000000005       0.9094184394870883
42.28                    0.9095159446363076
42.300000000000004       0.9096126671609213
42.32                    0.9097085521104297
42.34                    0.9098035444105779
42.36                    0.9098975889164058
42.379999999999995       0.9099906304655134
42.400000000000006       0.9100826139314796
42.42                    0.910173484277415
42.44                    0.910263186609561
42.46000000000001        0.9103516662309092
42.480000000000004       0.9104388686948014
42.5                     0.9105247398584746
42.52                    0.9106092259364745
42.54                    0.9106922735538667
42.56                    0.9107738297992971
42.58                    0.9108538422777485
42.6                     0.9109322591629863
42.620000000000005       0.9110090292496955
42.64                    0.9110841020051459
42.660000000000004       0.9111574276204456
42.68000000000001        0.9112289570613115
42.7                     0.9112986421182614
42.72                    0.9113664354562114
42.74                    0.9114322906634938
42.76                    0.9114961623001135
42.78                    0.9115580059453173
42.8                     0.9116177782444027
42.82                    0.9116754369546536
42.84                    0.9117309409904852
42.86000000000001        0.9117842504676084
42.88                    0.9118353267462818
42.900000000000006       0.9118841324735768
42.92                    0.9119306316245713
42.94                    0.911974789542508
42.96                    0.9120165729777951
42.98                    0.9120559501258955
43                       0.9120928906639589
43.02                    0.9121273657862767
43.04                    0.9121593482384275
43.06000000000001        0.9121888123501314
43.080000000000005       0.9122157340667698
43.1                     0.9122400909794761
43.120000000000005       0.9122618623538931
43.14                    0.9122810291574311
43.16                    0.9122975740850499
43.18                    0.912311481583593
43.199999999999996       0.9123227378745321
43.22                    0.91233133097517
43.24                    0.9123372507182927
43.26                    0.9123404887701568
43.28000000000001        0.912341038646896
43.300000000000004       0.9123388957292787
43.32                    0.9123340572757603
43.34                    0.9123265224338724
43.36                    0.9123162922499316
43.379999999999995       0.9123033696769788
43.4                     0.912287759581045
43.42                    0.9122694687456188
43.440000000000005       0.9122485058743934
43.46                    0.9122248815922278
43.480000000000004       0.9121986084443254
43.50000000000001        0.9121697008936284
43.52                    0.9121381753164138
43.54                    0.9121040499960725
43.56                    0.9120673451151295
43.58                    0.9120280827453708
43.599999999999994       0.9119862868362822
43.62                    0.9119419832015709
43.64                    0.9118951995039949
43.660000000000004       0.9118459652383712
43.68000000000001        0.9117943117127953
43.7                     0.9117402720281739
43.720000000000006       0.9116838810559973
43.74                    0.9116251754144388
43.76                    0.9115641934427832
43.78                    0.9115009751743692
43.8                     0.9114355623081403
43.82                    0.9113679981795666
43.84                    0.9112983277333236
43.86                    0.9112265975115774
43.88                    0.9111528558069644
43.900000000000006       0.9110771466240536
43.92                    0.9109995340220882
43.940000000000005       0.9109200594652875
43.96                    0.9108387793649905
43.98                    0.9107557484137021
44                       0.9106710214803158
44.019999999999996       0.9105846624401461
44.04                    0.9104967272339027
44.06                    0.9104072730659758
44.08                    0.9103163619914061
44.1                     0.9102240563811258
44.120000000000005       0.9101304193924505
44.14                    0.9100355150584585
44.160000000000004       0.9099394082660538
44.18                    0.9098421647164392
44.199999999999996       0.9097438509100014
44.22                    0.9096445341681201
44.24                    0.9095442825134372
44.26                    0.9094431648311768
44.28                    0.9093412519007597
44.300000000000004       0.9092386070788321
44.32000000000001        0.9091353037039214
44.34                    0.9090314123408683
44.36                    0.9089270032979246
44.38                    0.9088221472153875
44.4                     0.9087169149311316
44.419999999999995       0.9086113773911737
44.440000000000005       0.9085056055769054
44.46                    0.9083996704371019
44.48                    0.908293642821413
44.50000000000001        0.9081875934143414
44.52                    0.9080815926698779
44.540000000000006       0.9079757107471949
44.56                    0.9078700174473747
44.58                    0.907764582149448
44.6                     0.9076594737439584
44.62                    0.9075547605649691
44.63999999999999        0.9074505103235254
44.660000000000004       0.9073467900434804
44.68                    0.9072436659985252
44.7                     0.9071412036494488
44.720000000000006       0.9070394675815743
44.74                    0.9069385214423983
44.760000000000005       0.9068384278797179
44.78                    0.9067392484804836
44.8                     0.9066410437102932
44.82                    0.9065438728538795
44.839999999999996       0.9064477939563383
44.86                    0.9063528637655078
44.88                    0.9062591376753036
44.900000000000006       0.9061666696701653
44.92                    0.906075512270672
44.940000000000005       0.9059857164801348
44.96                    0.9058973317321551
44.980000000000004       0.9058104058389796
45                       0.9057249849408432
45.019999999999996       0.9056411134564074
45.04                    0.9055588340349425
45.06                    0.905478187510663
45.08                    0.905399212859266
45.1                     0.9053219471564101
45.120000000000005       0.9052464255378752
45.14                    0.9051726811610422
45.160000000000004       0.9051007451677303
45.18                    0.9050306466485901
45.2                     0.9049624126090373
45.22                    0.9048960679369991
45.239999999999995       0.9048316353725893
45.260000000000005       0.9047691354796337
45.28                    0.9047085866192385
45.3                     0.9046500049253787
45.32000000000001        0.9045934042824308
45.34                    0.9045387963049027
45.36                    0.9044861903191384
45.38                    0.9044355933472206
45.4                     0.9043870100929425
45.42                    0.9043404429299927
45.44                    0.9042958918922795
45.46                    0.9042533546664681
45.480000000000004       0.9042128265867085
45.5                     0.9041743006316654
45.52                    0.9041377674236533
45.540000000000006       0.904103215230136
45.56                    0.9040706299674326
45.580000000000005       0.9040399952067067
45.6                     0.9040112921822184
45.62                    0.9039844998019377
45.64                    0.9039595946603046
45.66                    0.903936551053443
45.68                    0.9039153409965471
45.7                     0.9038959342435668
45.720000000000006       0.9038782983091866
45.74                    0.9038623984930053
45.760000000000005       0.9038481979060017
45.78                    0.9038356574992042
45.800000000000004       0.903824736094604
45.82                    0.9038153904183039
45.839999999999996       0.9038075751358429
45.86                    0.9038012428897063
45.88                    0.9037963443390251
45.9                     0.903792828201358
45.92000000000001        0.9037906412966485
45.940000000000005       0.9037897285931288
45.96                    0.9037900332553694
45.980000000000004       0.9037914966941955
46                       0.9037940586186204
46.02                    0.9037976570896199
46.04                    0.9038022285758055
46.059999999999995       0.9038077080108371
46.080000000000005       0.9038140288526694
46.1                     0.9038211231444375
46.12                    0.903828921577061
46.14000000000001        0.9038373535534047
46.160000000000004       0.9038463472540341
46.18                    0.9038558297044376
46.2                     0.9038657268437412
46.22                    0.9038759635947631
46.24                    0.9038864639354326
46.26                    0.9038971509714827
46.28                    0.9039079470103947
46.300000000000004       0.903918773636488
46.32                    0.9039295517871282
46.34                    0.9039402018300018
46.36000000000001        0.9039506436413276
46.38                    0.9039607966849725
46.4                     0.9039705800923024
46.42                    0.9039799127426711
46.44                    0.9039887133443754
46.46                    0.9039969005160483
46.48                    0.9040043928682464
46.5                     0.9040111090853603
46.52                    0.904016968007658
46.540000000000006       0.9040218887136233
46.56                    0.9040257906025102
46.580000000000005       0.9040285934770963
46.6                     0.9040302176265603
46.62                    0.9040305839094575
46.64                    0.9040296138364975
46.66                    0.9040272296531999
46.68                    0.9040233544221297
46.7                     0.904017912104699
46.72                    0.9040108276423926
46.74000000000001        0.9040020270373772
46.760000000000005       0.9039914374323084
46.78                    0.9039789871894521
46.800000000000004       0.9039646059687954
46.82                    0.9039482248052951
46.839999999999996       0.9039297761849487
46.86                    0.9039091941197592
46.879999999999995       0.9038864142212338
46.900000000000006       0.903861373772384
46.92                    0.9038340117977682
46.94                    0.9038042691315167
46.96000000000001        0.9037720884829575
46.980000000000004       0.9037374145000668
47                       0.9037001938312602
47.02                    0.9036603751866803
47.04                    0.9036179094003494
47.06                    0.9035727494938005
47.08                    0.903524850740444
47.1                     0.9034741707280984
47.120000000000005       0.9034206694168684
47.14                    0.9033643091909389
47.160000000000004       0.9033050549046155
47.18000000000001        0.9032428739244046
47.2                     0.9031777361687893
47.22                    0.9031096141466334
47.24                    0.9030384829944289
47.26                    0.9029643205119737
47.28                    0.9028871071961705
47.300000000000004       0.9028068262724176
47.32                    0.90272346372349
47.34                    0.902637008315767
47.36000000000001        0.9025474516231629
47.38                    0.9024547880495007
47.400000000000006       0.9023590148509127
47.42                    0.9022601321612901
47.44                    0.9021581430244855
47.46                    0.9020530534349073
47.48                    0.9019448723759369
47.5                     0.9018336118220758
47.52                    0.9017192866604523
47.54                    0.9016019145457702
47.56000000000001        0.9014815158036653
47.580000000000005       0.9013581134774943
47.6                     0.9012317334571112
47.620000000000005       0.9011024045644733
47.64                    0.900970158556343
47.66                    0.9008350300795166
47.68                    0.9006970566165748
47.699999999999996       0.9005562784372309
47.72                    0.9004127385556047
47.74                    0.9002664826891171
47.760000000000005       0.9001175592136144
47.78000000000001        0.8999660191074856
47.800000000000004       0.8998119158735093
47.82                    0.8996553054409445
47.84                    0.8994962460675442
47.86                    0.899334798541215
47.879999999999995       0.899171027229481
47.9                     0.8990049996821868
47.92                    0.8988367843982834
47.940000000000005       0.8986664509841508
47.96                    0.8984940714030134
47.980000000000004       0.8983197200909432
48.00000000000001        0.8981434736861619
48.02                    0.8979654108201097
48.04                    0.8977856119421237
48.06                    0.8976041590142899
48.08                    0.8974211344389728
48.099999999999994       0.8972366179946901
48.120000000000005       0.8970507147148303
48.14                    0.8968635180011783
48.160000000000004       0.8966750976684654
48.18000000000001        0.8964855491768795
48.2                     0.8962949663416263
48.220000000000006       0.8961034359452104
48.24                    0.8959110967547007
48.26                    0.8957179796887027
48.28                    0.895524216559376
48.3                     0.8953299011495203
48.32                    0.8951351312218954
48.34                    0.8949400054564604
48.36                    0.894744623078853
48.38                    0.8945490837019243
48.400000000000006       0.8943534872061574
48.42                    0.8941579336297388
48.440000000000005       0.8939625230615832
48.46                    0.893767355535149
48.48                    0.8935725309223501
48.5                     0.8933781488273127
48.519999999999996       0.8931843084801153
48.54                    0.8929911086303571
48.56                    0.8927986474407505
48.580000000000005       0.8926070223808313
48.6                     0.892416330120811
48.620000000000005       0.8922266664257832
48.64                    0.8920381260503396
48.660000000000004       0.8918508026336699
48.68                    0.8916647885953873
48.699999999999996       0.8914801750320538
48.72                    0.8912970516145884
48.739999999999995       0.8911155064867461
48.760000000000005       0.8909356261645865
48.78000000000001        0.8907574954372711
48.800000000000004       0.8905811972691847
48.82000000000001        0.8904068127034499
48.84                    0.8902344207671496
48.86                    0.8900640983780936
48.88                    0.8898959202534811
48.9                     0.8897299588204608
48.919999999999995       0.8895662841286849
48.94                    0.8894049637650383
48.96000000000001        0.8892460627705616
48.980000000000004       0.8890896435598149
49.00000000000001        0.8889357658425342
49.02                    0.8887844865480126
49.040000000000006       0.8886358597520612
49.06                    0.8884899366066663
49.08                    0.8883467652726007
49.1                     0.8882063908549049
49.12                    0.8880688553414239
49.13999999999999        0.8879341975444276
49.16                    0.8878024530455008
49.18000000000001        0.8876736541436234
49.2                     0.8875478298066589
49.220000000000006       0.8874250056263344
49.24                    0.887305203776571
49.260000000000005       0.887188442975518
49.28                    0.8870747384511666
49.3                     0.8869641019106588
49.32                    0.8868565415133517
49.339999999999996       0.886752061847657
49.35999999999999        0.8866506639117412
49.38000000000001        0.8865523450981168
49.400000000000006       0.8864570991821333
49.42                    0.8863649163144776
49.440000000000005       0.886275783017597
49.46                    0.8861896821861581
49.480000000000004       0.8861065930915686
49.5                     0.8860264913904963
49.519999999999996       0.8859493491374787
49.54                    0.8858751348015675
49.559999999999995       0.8858038132870961
49.580000000000005       0.885735345958397
49.60000000000001        0.8856696906686915
49.620000000000005       0.8856068017929295
49.64                    0.8855466302646757
49.660000000000004       0.8854891236170223
49.68                    0.8854342260273929
49.7                     0.8853818783663651
49.72                    0.8853320182503105
49.739999999999995       0.8852845800979477
49.76                    0.8852394951906657
49.78000000000001        0.8851966917366011
49.800000000000004       0.8851560949384595
49.82000000000001        0.8851176270648475
49.84                    0.8850812075253645
49.86                    0.8850467529490046
49.88                    0.8850141772660789
49.9                     0.884983391793509
49.92                    0.884954305323297
49.94                    0.8849268242142301
49.959999999999994       0.8849008524866557
49.98000000000001        0.8848762919202454
50.00000000000001        0.8848530421546484
