20                                                0.2690492600480227
20.05                                             0.2688256283372647
20.1                                              0.2686028838279932
20.15                                             0.2683810363349887
20.2                                              0.2681600911855385
20.25                                             0.2679400490200062
20.3                                              0.2677209056113996
20.35                                             0.26750265170726856
20.4                                              0.2672852728850851
20.45                                             0.26706874941376774
20.5                                              0.26685305612191956
20.55                                             0.2666381622901267
20.6                                              0.26642403158338446
20.650000000000002                                0.26621062202358936
20.7                                              0.2659978859885897
20.75                                             0.26578577020445276
20.8                                              0.26557421542831927
20.85                                             0.2653631572182996
20.900000000000002                                0.26515252597091854
20.95                                             0.2649422488034705
21                                                0.26473224628882147
21.05                                             0.26452243762492145
21.099999999999998                                0.26431271576198123
21.150000000000002                                0.2641030149845177
21.2                                              0.2638932266942364
21.249999999999996                                0.26368325275110993
21.299999999999997                                0.2634729916511545
21.349999999999998                                0.2632623395990492
21.4                                              0.2630511910074545
21.45                                             0.2628394390195207
21.5                                              0.26262697611673436
21.549999999999997                                0.2624136946509317
21.599999999999998                                0.26219948737845417
21.65                                             0.2619842479948193
21.7                                              0.2617678716781612
21.75                                             0.2615502556223549
21.799999999999997                                0.2613312995109419
21.849999999999998                                0.26111090595880526
21.9                                              0.2608889809253811
21.95                                             0.2606654340724452
22                                                0.26044017905554206
22.05                                             0.2602131337442284
22.099999999999998                                0.25998422036392754
22.15                                             0.25975336555038075
22.2                                              0.2595205003037924
22.25                                             0.25928555983458823
22.3                                              0.2590484833041748
22.35                                             0.25880921346360525
22.4                                              0.2585676961839554
22.45                                             0.25832387987324973
22.5                                              0.25807771477703073
22.55                                             0.25782915216483293
22.6                                              0.25757814340169727
22.65                                             0.2573246389072742
22.7                                              0.25706858702977314
22.75                                             0.25680993289642173
22.8                                              0.25654861724162653
22.85                                             0.25628457513806746
22.900000000000002                                0.2560177346484156
22.95                                             0.2557480154841332
23                                                0.2554753277082044
23.05                                             0.25519957049836384
23.1                                              0.25492063106001084
23.150000000000002                                0.25463838383718124
23.2                                              0.25435268965908814
23.25                                             0.25406339452911414
23.3                                              0.25377032913779024
23.349999999999998                                0.25347330893184494
23.400000000000002                                0.2531721342148953
23.45                                             0.25286659053664984
23.5                                              0.2525564495410308
23.549999999999997                                0.25224146932659713
23.6                                              0.25192139594163265
23.65                                             0.25159596617493757
23.700000000000003                                0.2512649100080779
23.75                                             0.25092794676861807
23.799999999999997                                0.2505847967219987
23.849999999999998                                0.2502351908258555
23.9                                              0.2498788513693512
23.95                                             0.2495155166713473
24                                                0.2491449364750307
24.049999999999997                                0.24876686910886467
24.099999999999998                                0.24838111267500992
24.15                                             0.24798747676574567
24.2                                              0.24758580728547414
24.25                                             0.247175984726304
24.3                                              0.24675792879222722
24.349999999999998                                0.24633160214593838
24.4                                              0.24589701366030314
24.45                                             0.24545422107811474
24.5                                              0.24500333296414128
24.55                                             0.2445445098336795
24.6                                              0.2440779643470861
24.65                                             0.24360396047129482
24.7                                              0.24312281152458223
24.75                                             0.2426348770325294
24.8                                              0.24214055834193457
24.85                                             0.24164029296078937
24.9                                              0.24113454761964562
24.95                                             0.24062381007997072
25                                                0.2401085797499142
25.05                                             0.2395893572039625
25.1                                              0.23906663274335083
25.150000000000002                                0.23854087417623152
25.2                                              0.23801251403910886
25.25                                             0.23748193652508107
25.3                                              0.23694946442687978
25.35                                             0.2364153464414479
25.400000000000002                                0.23587974521854913
25.45                                             0.23534272656207603
25.5                                              0.23480425021311865
25.55                                             0.23426416264918526
25.599999999999998                                0.23372219233310276
25.650000000000002                                0.23317794783191342
25.7                                              0.23263091919958598
25.75                                             0.23208048296908304
25.799999999999997                                0.2315259110120504
25.85                                             0.23096638342919049
25.9                                              0.2304010055340973
25.950000000000003                                0.22982882889711348
26                                                0.22924887634797525
26.05                                             0.2286601713618448
26.099999999999998                                0.22806176514519005
26.15                                             0.2274527822423103
26.2                                              0.22683243779766885
26.25                                             0.22620008422454746
26.299999999999997                                0.22555525159080464
26.349999999999998                                0.2248976718419947
26.4                                              0.22422733251892168
26.45                                             0.22354446771448436
26.5                                              0.22284960794263187
26.55                                             0.22214359003722375
26.599999999999998                                0.22142756197594096
26.65                                             0.22070298205900843
26.7                                              0.2199716069226085
26.75                                             0.21923546816688577
26.8                                              0.21849683705114417
26.85                                             0.21775817682908077
26.9                                              0.21702208266929413
26.95                                             0.21629120954214387
27                                                0.2155681889182128
27.05                                             0.21485553567752108
27.1                                              0.21415554731548764
27.15                                             0.21347019813691775
27.2                                              0.21280103177607104
27.25                                             0.2121490561404136
27.3                                              0.21151464550299054
27.35                                             0.21089745498062937
27.400000000000002                                0.21029635299503205
27.45                                             0.2097093774364685
27.5                                              0.20913372106779088
27.55                                             0.20856575116465323
27.6                                              0.2080010674619734
27.65                                             0.2074346011420722
27.7                                              0.20686075586137015
27.749999999999996                                0.20627358973207696
27.8                                              0.20566703487864013
27.849999999999998                                0.2050351487967976
27.900000000000002                                0.2043723894008015
27.95                                             0.2036739034990386
28                                                0.2029358166317519
28.049999999999997                                0.20215551085706848
28.1                                              0.20133187624031165
28.15                                             0.2004655214802656
28.200000000000003                                0.19955892924813398
28.25                                             0.19861654243373641
28.3                                              0.19764476851289015
28.349999999999998                                0.1966518905609243
28.400000000000002                                0.1956478750945375
28.45                                             0.19464406909031623
28.500000000000004                                0.1936527814870195
28.549999999999997                                0.19268674852979972
28.6                                              0.19175848728138567
28.65                                             0.19087954889102052
28.700000000000003                                0.19005969413942891
28.75                                             0.18930602496608478
28.8                                              0.18862211899823164
28.849999999999998                                0.18800722951625093
28.899999999999995                                0.18745562715629985
28.95                                             0.18695616340276974
29.000000000000004                                0.1864921477864294
29.05                                             0.18604162855284878
29.099999999999998                                0.18557811755983245
29.15                                             0.18507178699767873
29.200000000000003                                0.18449117148758112
29.25                                             0.18380516179982467
29.299999999999997                                0.18298538268159628
29.35                                             0.18200859234562997
29.400000000000002                                0.18085905404074099
29.45                                             0.17953058187939028
29.499999999999996                                0.17802822084963268
29.55                                             0.17636925252315586
29.600000000000005                                0.17458353805883017
29.650000000000002                                0.172713042858765
29.699999999999996                                0.17081047941802216
29.75                                             0.16893697383937406
29.800000000000004                                0.1671586489846253
29.85                                             0.16554200797937432
29.9                                              0.16414803403163522
29.95                                             0.16302503876558944
29.999999999999996                                0.16220053788475047
30.05                                             0.1616728392455009
30.099999999999998                                0.1614035714990282
30.150000000000002                                0.1613129431312554
30.2                                              0.161279863039777
30.25                                             0.16114885368424864
30.299999999999997                                0.1607446861105879
30.35                                             0.1598938869121206
30.4                                              0.15845018775560318
30.450000000000003                                0.15631945530881494
30.5                                              0.15347945538146276
30.55                                             0.14999119230729907
30.599999999999998                                0.1460009158512541
30.650000000000002                                0.14173403570134302
30.7                                              0.13748298702053474
30.750000000000004                                0.1335898882369911
30.799999999999997                                0.1304215355584527
30.85                                             0.12832940535164558
30.9                                              0.12758272936921553
30.950000000000003                                0.12826361459889835
31                                                0.13013047486446414
31.05                                             0.132501324182718
31.099999999999998                                0.13426862904402612
31.149999999999995                                0.13415930664416628
31.2                                              0.1312067215054862
31.250000000000004                                0.12517802641156053
31.3                                              0.11667543208072123
31.349999999999998                                0.10690359301408792
31.4                                              0.09736440192252992
31.450000000000003                                0.08974292920891767
31.5                                              0.08606935721458607
31.549999999999997                                0.08888286481861452
31.6                                              0.09974084109794357
31.650000000000002                                0.11230866966485542
31.7                                              0.11030081350799219
31.749999999999996                                0.09245366801001328
31.8                                              0.07279431964722671
31.850000000000005                                0.05837752666116338
31.900000000000002                                0.061919972774755846
31.949999999999996                                0.06620117660018814
32                                                0.05125257837834876
32.050000000000004                                0.050150697089258116
32.1                                              0.05283000019951225
32.15                                             0.05799496777678942
32.2                                              0.06522057646415763
32.25                                             0.07429930930730819
32.300000000000004                                0.08510430211081049
32.35                                             0.0975440361139854
32.4                                              0.1115426454954565
32.449999999999996                                0.1270297872929691
32.5                                              0.14393487562471696
32.55                                             0.16218363357775026
32.6                                              0.1816960370251123
32.65                                             0.20238518557350965
32.7                                              0.22415684538872044
32.75                                             0.2469095099505638
32.800000000000004                                0.2705348750971673
32.85                                             0.29491864951712854
32.9                                              0.31994163348407306
32.949999999999996                                0.3454810036501017
33                                                0.37141174386178616
33.05                                             0.3976081633921974
33.1                                              0.42394544596789696
33.15                                             0.4503011761981777
33.2                                              0.47655679477499435
33.25                                             0.5025989400282778
33.300000000000004                                0.5283206408865693
33.35                                             0.5536223345951643
33.4                                              0.5784126912769108
33.45                                             0.6026092360776444
33.5                                              0.6261387678117163
33.55                                             0.6489375803095333
33.599999999999994                                0.6709514988279115
33.65                                             0.6921357487289468
33.7                                              0.7124546771198165
33.75                                             0.7318813502754788
33.8                                              0.7503970505763731
33.85                                             0.7679906965500387
33.900000000000006                                0.7846582085739674
33.95                                             0.8004018410440418
34                                                0.8152294996053289
34.05                                             0.8291540595536141
34.1                                              0.8421926989244916
34.15                                             0.8543662571945047
34.199999999999996                                0.8656986280261187
34.25                                             0.8762161920946441
34.300000000000004                                0.8859472940431798
34.35                                             0.8949217661876745
34.4                                              0.9031704997635851
34.45                                             0.9107250630911542
34.50000000000001                                 0.9176173653997473
34.550000000000004                                0.9238793646868507
34.6                                              0.9295428183976076
34.65                                             0.9346390686414074
34.7                                              0.9391988557636103
34.75                                             0.9432521803659213
34.8                                              0.9468281863096774
34.85                                             0.9499550646695689
34.900000000000006                                0.9526599818096532
34.95                                             0.9549690353937677
35                                                0.9569072121633464
35.050000000000004                                0.9584983687385641
35.1                                              0.9597652271897654
35.15                                             0.9607293988966783
35.199999999999996                                0.9614113338263348
35.24999999999999                                 0.961830436743299
35.3                                              0.9620049901867875
35.35                                             0.9619522610859624
35.4                                              0.9616884977656396
35.449999999999996                                0.9612289738798355
35.5                                              0.9605880262650192
35.550000000000004                                0.9597790941776055
35.6                                              0.9588147592970042
35.65                                             0.9577067860336442
35.7                                              0.9564661617663922
35.75                                             0.9551031367024937
35.8                                              0.9536272631122819
35.849999999999994                                0.9520474337410776
35.9                                              0.950371919243331
35.95                                             0.9486084045205602
36                                                0.946764023875018
36.05                                             0.9448453949168656
36.1                                              0.9428586511839426
36.150000000000006                                0.9408094734505064
36.2                                              0.9387031197159322
36.25                                             0.9365444538753379
36.3                                              0.9343379730836765
36.35                                             0.932087833831927
36.4                                              0.9297978767596234
36.449999999999996                                0.9274716502318431
36.5                                              0.9251124327125961
36.550000000000004                                0.9227232539674556
36.6                                              0.920306915130504
36.65                                             0.9178660076703212
36.7                                              0.9154029312901741
36.75000000000001                                 0.9129199107968159
36.800000000000004                                0.910419011972213
36.849999999999994                                0.9079021564820196
36.9                                              0.9053711358566575
36.95                                             0.9028276245816527
37                                                0.9002731923333656
37.05                                             0.8977093153893309
37.1                                              0.8951373872303594
37.150000000000006                                0.8925587283482262
37.2                                              0.8899745952801958
37.25                                             0.8873861889053871
37.300000000000004                                0.8847946620411075
37.35                                             0.8822011263706473
37.4                                              0.8796066587202742
37.449999999999996                                0.8770123066276766
37.49999999999999                                 0.8744190982445273
37.55                                             0.8718280230649528
37.6                                              0.8692400778357527
37.65                                             0.8666562371757682
37.699999999999996                                0.8640774647889327
37.75                                             0.8615047184543331
37.800000000000004                                0.8589389501375815
37.85                                             0.8563811112328119
37.9                                              0.8538321325536824
37.95                                             0.8512929653079606
38                                                0.8487645435594117
38.05                                             0.8462478007730638
38.099999999999994                                0.8437436665314092
38.15                                             0.8412530653877357
38.2                                              0.8387769151619452
38.25                                             0.8363161256384983
38.3                                              0.8338715968465693
38.35                                             0.8314442168066597
38.400000000000006                                0.829034859185417
38.45                                             0.826644380795055
38.5                                              0.8242736189306328
38.55                                             0.8219233885687248
38.6                                              0.8195944794491581
38.65                                             0.8172876530692882
38.699999999999996                                0.8150036396244158
38.75                                             0.812743134911471
38.800000000000004                                0.8105067972184818
38.85                                             0.808295244228072
38.9                                              0.806109049962031
38.95                                             0.8039487417912213
39.00000000000001                                 0.8018147975334374
39.050000000000004                                0.7997076426582369
39.099999999999994                                0.7976276476182111
39.15                                             0.7955751253372861
39.2                                              0.7935503288897762
39.25                                             0.7915534493866062
39.3                                              0.7895846140743011
39.35                                             0.7876438846610674
39.400000000000006                                0.785731255890205
39.45                                             0.7838466543797241
39.5                                              0.7819899377431888
39.550000000000004                                0.7801608940045883
39.6                                              0.7783592413225832
39.65                                             0.7765846280412008
39.699999999999996                                0.7748366330857098
39.75                                             0.7731147666976127
39.8                                              0.7714184714564117
39.85                                             0.7697471235432267
39.9                                              0.7681000343203412
39.949999999999996                                0.7664764523325687
40                                                0.7648755657102928
40.050000000000004                                0.7632965048922226
40.1                                              0.7617383456409291
40.15                                             0.7602001123758416
40.2                                              0.7586807818734437
40.25                                             0.7571792873374277
40.3                                              0.7556945224982137
40.349999999999994                                0.7542253451830374
40.4                                              0.7527705814242421
40.45                                             0.7513290313139995
40.5                                              0.7498994747550242
40.55                                             0.7484806764365415
40.6                                              0.7470713909203577
40.650000000000006                                0.7456703680563852
40.7                                              0.7442763585909772
40.75                                             0.7428881199185821
40.8                                              0.7415044218755766
40.85                                             0.7401240523547313
40.9                                              0.7387458230771804
40.949999999999996                                0.7373685752801767
41                                                0.7359911849278827
41.050000000000004                                0.7346125683688467
41.1                                              0.7332316982027262
41.15                                             0.7318475847980649
41.2                                              0.7304592970940159
41.25000000000001                                 0.7290659691138087
41.300000000000004                                0.7276668114710437
41.349999999999994                                0.7262610781139551
41.4                                              0.7248481244621476
41.45                                             0.723427371208793
41.5                                              0.7219983260160652
41.55                                             0.7205605789434405
41.6                                              0.7191138081911131
41.650000000000006                                0.7176577818667523
41.7                                              0.7161923597974562
41.75                                             0.7147174949195719
41.800000000000004                                0.7132332342170074
41.85                                             0.7117397191943663
41.9                                              0.7102371858743123
41.949999999999996                                0.7087259643120749
42                                                0.707206477623012
42.050000000000004                                0.7056792405209481
42.1                                              0.7041448573680547
42.15                                             0.7026040197400879
42.199999999999996                                0.7010575035117302
42.25                                             0.699506165471664
42.300000000000004                                0.6979509394782138
42.35                                             0.6963928321697532
42.4                                              0.694832918246666
42.45                                             0.6932723353439655
42.5                                              0.6917122785166098
42.55                                             0.6901539943612389
42.599999999999994                                0.6885987748012522
42.65                                             0.6870479505632279
42.7                                              0.6855028843757421
42.75                                             0.6839649639227137
42.8                                              0.6824355945856607
42.85                                             0.6809161920101484
42.900000000000006                                0.6794081745338205
42.95                                             0.6779129555137012
43                                                0.6764319355923151
43.05                                             0.6749664949420591
43.1                                              0.6735179855284981
43.15                                             0.6720877234327404
43.199999999999996                                0.6706769812742635
43.25                                             0.6692869807734473
43.300000000000004                                0.667918885494533
43.35                                             0.666573793807896
43.4                                              0.6652527321106624
43.45                                             0.6639566483446327
43.50000000000001                                 0.6626864058483534
43.550000000000004                                0.6614427775794987
43.599999999999994                                0.6602264407399575
43.65                                             0.6590379718351173
43.7                                              0.6578778421965826
43.75                                             0.6567464139955939
43.8                                              0.655643936770556
43.85                                             0.6545705444643615
43.900000000000006                                0.6535262575646849
43.95                                             0.652510960484287
44                                                0.651524440626888
44.050000000000004                                0.6505663468682991
44.1                                              0.649636214468117
44.15                                             0.6487334542072236
44.199999999999996                                0.6478573586835397
44.25                                             0.6470071032716742
44.300000000000004                                0.6461817496688678
44.35                                             0.6453802464735835
44.4                                              0.6446014343194567
44.449999999999996                                0.6438440515732453
44.5                                              0.6431067382133099
44.550000000000004                                0.6423880416933908
44.6                                              0.6416864231445301
44.65                                             0.6410002639609997
44.7                                              0.6403278732145001
44.75                                             0.6396674955009776
44.8                                              0.6390173190297771
44.849999999999994                                0.6383754842033852
44.9                                              0.637740092601486
44.95                                             0.6371092162961437
45                                                0.6364809074557044
45.05                                             0.6358532081957482
45.1                                              0.635224160624223
45.150000000000006                                0.6345918170158228
45.2                                              0.6339542500759641
45.25                                             0.6333095632569491
45.3                                              0.6326559010633108
45.35                                             0.631991459283499
45.4                                              0.6313144950923084
45.449999999999996                                0.6306233369690959
45.5                                              0.6299163943741232
45.550000000000004                                0.6291921671247561
45.6                                              0.6284492544131041
45.65                                             0.6276863634092533
45.7                                              0.6269023174004696
45.75000000000001                                 0.6260960634212098
45.800000000000004                                0.6252666793283986
45.849999999999994                                0.6244133802734356
45.9                                              0.6235355245205945
45.95                                             0.6226326185643865
46                                                0.621704321503889
46.05                                             0.6207504486400407
46.1                                              0.6197709742662197
46.150000000000006                                0.6187660336272065
46.2                                              0.6177359240265042
46.25                                             0.6166811050692748
46.300000000000004                                0.6156021980374703
46.35                                             0.6144999843938189
46.4                                              0.6133754033862182
46.449999999999996                                0.6122295486869881
46.5                                              0.6110636640321372
46.550000000000004                                0.609879137945299
46.6                                              0.6086774976678361
46.65                                             0.6074604023142793
46.7                                              0.6062296352046053
46.75000000000001                                 0.6049870953619084
46.800000000000004                                0.6037347882169245
46.85                                             0.6024748155837611
46.9                                              0.6012093649618079
46.95                                             0.5999406981327159
47                                                0.5986711388395932
47.05                                             0.5974030595656379
47.099999999999994                                0.5961388684424885
47.15                                             0.5948809966723693
47.2                                              0.5936318850779277
47.25                                             0.592393969593447
47.3                                              0.5911696665475754
47.35                                             0.5899613579873686
47.400000000000006                                0.5887713769426799
47.45                                             0.5876019927259453
47.5                                              0.586455397525461
47.55                                             0.5853336940508063
47.6                                              0.5842388779349682
47.65                                             0.5831728229212134
47.699999999999996                                0.5821372704729013
47.75                                             0.58113381743759
47.800000000000004                                0.580163903599891
47.85                                             0.5792287988593858
47.9                                              0.5783295958259086
47.95                                             0.5774672046082802
48.00000000000001                                 0.5766423315104369
48.050000000000004                                0.5758554807880643
48.099999999999994                                0.5751069426630903
48.15                                             0.5743968051349371
48.2                                              0.5737249324713675
48.25                                             0.5730909316332832
48.3                                              0.5724942728919469
48.35                                             0.5719341213855617
48.400000000000006                                0.5714094587673899
48.45                                             0.5709190459363747
48.5                                              0.5704614317199971
48.550000000000004                                0.570034959386914
48.6                                              0.5696377743671928
48.65                                             0.5692678333474783
48.699999999999996                                0.5689229147337748
48.74999999999999                                 0.5686006304416283
48.800000000000004                                0.5682984389576472
48.85                                             0.5680136596030454
48.9                                              0.567743487921442
48.949999999999996                                0.5674850121013147
49.00000000000001                                 0.5672352303365708
49.050000000000004                                0.566991069018985
49.1                                              0.5667494016494932
49.15                                             0.566507068348991
49.2                                              0.5662608958427108
49.25                                             0.5660077177879624
49.3                                              0.5657443953116245
49.349999999999994                                0.5654678376198846
49.400000000000006                                0.5651750225418248
49.45                                             0.5648630168667206
49.5                                              0.5645289963353384
49.55                                             0.5641702651463648
49.60000000000001                                 0.5637842748402779
49.650000000000006                                0.5633686424265525
49.7                                              0.5629211676222861
49.75                                             0.5624398490757804
49.800000000000004                                0.56192289945269
49.85                                             0.5613687592682337
49.9                                              0.5607761093559485
49.949999999999996                                0.5601438818697675
50.00000000000001                                 0.5594712697250156
