20                                                0.2810182821880436
20.05                                             0.2807870220985507
20.1                                              0.2805565540370062
20.15                                             0.28032688756538776
20.2                                              0.28009802776697884
20.25                                             0.2798699750363112
20.3                                              0.2796427248862523
20.35                                             0.27941626777320194
20.4                                              0.2791905889363729
20.45                                             0.27896566824712
20.5                                              0.2787414800725665
20.55                                             0.27851799316624376
20.6                                              0.2782951705955634
20.650000000000002                                0.2780729697061328
20.7                                              0.27785134212105483
20.75                                             0.27763023389500724
20.8                                              0.27740958317995107
20.85                                             0.2771893276581029
20.900000000000002                                0.2769693950688384
20.95                                             0.2767497101134886
21                                                0.2765301927357663
21.05                                             0.2763107598323273
21.099999999999998                                0.2760913046313423
21.150000000000002                                0.2758717579662427
21.2                                              0.275652009707423
21.249999999999996                                0.27543195992494474
21.299999999999997                                0.27521150511682213
21.349999999999998                                0.274990539399184
21.4                                              0.27476895519479544
21.45                                             0.2745466436284463
21.5                                              0.2743234951593011
21.549999999999997                                0.2740994001930265
21.599999999999998                                0.2738742496590612
21.65                                             0.27364793557803907
21.7                                              0.273420351597161
21.75                                             0.2731913935193042
21.799999999999997                                0.27296095985263635
21.849999999999998                                0.27272895230877403
21.9                                              0.27249527623954634
21.95                                             0.27225984102601203
22                                                0.27202256040654627
22.05                                             0.27178335273090737
22.099999999999998                                0.27154214112721137
22.15                                             0.2712988535707789
22.2                                              0.27105342284779316
22.25                                             0.27080578642174596
22.3                                              0.2705558862054315
22.35                                             0.27030366822307744
22.4                                              0.2700490821443891
22.45                                             0.26979208068782956
22.5                                              0.2695326188990941
22.55                                             0.26927065331039923
22.6                                              0.2690061409872686
22.65                                             0.26873903846975233
22.7                                              0.26846930062075386
22.75                                             0.2681968793955383
22.8                                              0.2679217225406146
22.85                                             0.26764377223268115
22.900000000000002                                0.267362963684275
22.95                                             0.2670792237464254
23                                                0.26679246953417446
23.05                                             0.26650260710633566
23.1                                              0.2662095302433599
23.150000000000002                                0.26591311934413175
23.2                                              0.26561324037235784
23.25                                             0.26530974397269064
23.3                                              0.2650024649631469
23.349999999999998                                0.2646912220478877
23.400000000000002                                0.2643758177448811
23.45                                             0.2640560385932363
23.5                                              0.2637316556741069
23.549999999999997                                0.2634024260083842
23.6                                              0.26306809384952556
23.65                                             0.2627283920728993
23.700000000000003                                0.26238304519313327
23.75                                             0.26203175932259043
23.799999999999997                                0.26167427028234264
23.849999999999998                                0.2613102775581258
23.9                                              0.260939501523555
23.95                                             0.2605616676674901
24                                                0.26017651492812777
24.049999999999997                                0.25978379973690907
24.099999999999998                                0.25938329323662285
24.15                                             0.25897480098655484
24.2                                              0.25855815607200167
24.25                                             0.2581332276143409
24.3                                              0.25769992476387515
24.349999999999998                                0.257258200708877
24.4                                              0.25680805622852
24.45                                             0.2563495426478924
24.5                                              0.255882764068412
24.55                                             0.25540787875338894
24.6                                              0.2549250995565098
24.65                                             0.25443469328764173
24.7                                              0.25393697891886224
24.75                                             0.25343232454666
24.8                                              0.2529211430477183
24.85                                             0.2524038863893846
24.9                                              0.2518810385846981
24.95                                             0.2513531073125147
25                                                0.250820614259344
25.05                                             0.25028408427615634
25.1                                              0.24974403348726973
25.150000000000002                                0.24920095653048013
25.2                                              0.248655313154559
25.25                                             0.2481075144448953
25.3                                              0.24755790899498534
25.35                                             0.24700676938205615
25.400000000000002                                0.24645427934527334
25.45                                             0.2459005220940279
25.5                                              0.24534547019788705
25.55                                             0.24478897751841
25.599999999999998                                0.24423077364425172
25.650000000000002                                0.2436704612809587
25.7                                              0.24310751702164324
25.75                                             0.24254129587247314
25.799999999999997                                0.24197103982253432
25.85                                             0.2413958906475153
25.9                                              0.24081490703787667
25.950000000000003                                0.24022708604050885
26                                                0.23963138872115214
26.05                                             0.23902677026761635
26.099999999999998                                0.2384122099548677
26.15                                             0.23778675449985778
26.2                                              0.2371495378425215
26.25                                             0.23649983817027356
26.299999999999997                                0.23583710805844108
26.349999999999998                                0.23516100800209275
26.4                                              0.23447146278417874
26.45                                             0.23376864962537183
26.5                                              0.23305305747835128
26.55                                             0.23232549461891905
26.599999999999998                                0.23158709676357808
26.65                                             0.23083932787001485
26.7                                              0.2300839693759489
26.75                                             0.22932309771866932
26.8                                              0.22855904918766987
26.85                                             0.22779437174024716
26.9                                              0.2270317636824184
26.95                                             0.2262739995167923
27                                                0.2255238437909087
27.05                                             0.22478395430706602
27.1                                              0.22405677673945293
27.15                                             0.22334443349986732
27.2                                              0.22264861030433086
27.25                                             0.22197044462017954
27.3                                              0.22131042090779343
27.35                                             0.22066827814147894
27.400000000000002                                0.22004293549007908
27.45                                             0.2194324422027295
27.5                                              0.21883395759892144
27.55                                             0.2182437665469944
27.6                                              0.21765733488647965
27.65                                             0.21706940788200094
27.7                                              0.21647415300089312
27.749999999999996                                0.21586534616646785
27.8                                              0.2152365982534833
27.849999999999998                                0.21458161608493506
27.900000000000002                                0.21389448969986116
27.95                                             0.21316999536767256
28                                                0.21240390186767935
28.049999999999997                                0.2115932660679656
28.1                                              0.21073670286522644
28.15                                             0.20983461407606174
28.200000000000003                                0.2088893609311638
28.25                                             0.2079053654558652
28.3                                              0.2068891270036471
28.349999999999998                                0.20584914147548591
28.400000000000002                                0.20479571244005146
28.45                                             0.20374064560431498
28.500000000000004                                0.20269682109100257
28.549999999999997                                0.20167764208956857
28.6                                              0.2006963639881717
28.65                                             0.19976531579443865
28.700000000000003                                0.19889503599309274
28.75                                             0.19809335725109453
28.8                                              0.19736448880256913
28.849999999999998                                0.1967081609931671
28.899999999999995                                0.19611891138324872
28.95                                             0.1955856005845476
29.000000000000004                                0.1950912481273296
29.05                                             0.19461328151062662
29.099999999999998                                0.1941242570813725
29.15                                             0.19359307404659254
29.200000000000003                                0.19298671767378844
29.25                                             0.192272349923318
29.299999999999997                                0.1914197586820289
29.35                                             0.19040390235479468
29.400000000000002                                0.18920744082050311
29.45                                             0.18782288548781348
29.499999999999996                                0.18625447267608408
29.55                                             0.18451926068991542
29.600000000000005                                0.18264760465911759
29.650000000000002                                0.1806827258247307
29.699999999999996                                0.17867937415197266
29.75                                             0.17670145276409085
29.800000000000004                                0.174818493524138
29.85                                             0.17310085880732856
29.9                                              0.17161357797669444
29.95                                             0.1704088468414046
29.999999999999996                                0.1695174729478858
30.05                                             0.16893997021708937
30.099999999999998                                0.16863857139803737
30.150000000000002                                0.16853201652023783
30.2                                              0.16849534568314495
30.25                                             0.16836674357169845
30.299999999999997                                0.16796247614555218
30.35                                             0.16709913740839652
30.4                                              0.16562026000183847
30.450000000000003                                0.1634227013209038
30.5                                              0.16047793702933974
30.55                                             0.15684474225318698
30.599999999999998                                0.15267213190327708
30.650000000000002                                0.1481936781676826
30.7                                              0.14371522822748672
30.750000000000004                                0.13959688295086917
30.799999999999997                                0.13622673751938988
30.85                                             0.1339788469893361
30.9                                              0.13314307045758206
30.950000000000003                                0.1338152743101028
31                                                0.13575402898182823
31.05                                             0.13825647355671533
31.099999999999998                                0.14016859728265438
31.149999999999995                                0.14014961160018857
31.2                                              0.13716207393767182
31.250000000000004                                0.1309267838279138
31.3                                              0.12204559711211409
31.349999999999998                                0.11177116832578177
31.4                                              0.10168847886888475
31.450000000000003                                0.09358752354889716
31.5                                              0.08962366104685311
31.549999999999997                                0.09248470980961279
31.6                                              0.10384899737222587
31.650000000000002                                0.11720334305037412
31.7                                              0.11543922247029823
31.749999999999996                                0.09680039928943746
31.8                                              0.07598740470262697
31.850000000000005                                0.06063712040418595
31.900000000000002                                0.06417935014684739
31.949999999999996                                0.06914974741418434
32                                                0.05318459193333767
32.050000000000004                                0.05203130533382229
32.1                                              0.054913558882961185
32.15                                             0.06043763583146274
32.2                                              0.06814117218231817
32.25                                             0.0777941293025115
32.300000000000004                                0.08925236837366046
32.35                                             0.10240926882649973
32.4                                              0.11717480366932619
32.449999999999996                                0.1334648826212313
32.5                                              0.1511953925055912
32.55                                             0.1702787365590091
32.6                                              0.19062187294469962
32.65                                             0.21212534504501082
32.7                                              0.23468301965457225
32.75                                             0.2581823577101406
32.800000000000004                                0.28250509650481265
32.85                                             0.30752824991720223
32.9                                              0.33312534745707434
32.949999999999996                                0.3591678406452005
33                                                0.3855266102062826
33.05                                             0.41207351192429226
33.1                                              0.43868290393471027
33.15                                             0.4652331042340266
33.2                                              0.49160773437432637
33.25                                             0.5176969134773198
33.300000000000004                                0.5433982755609903
33.35                                             0.5686177922785142
33.4                                              0.5932703920893825
33.45                                             0.6172803751742304
33.5                                              0.6405816307444379
33.55                                             0.6631176695243878
33.599999999999994                                0.684841488960618
33.65                                             0.7057152921092792
33.7                                              0.7257100831911435
33.75                                             0.7448051636085243
33.8                                              0.7629875519153929
33.85                                             0.7802513501386359
33.900000000000006                                0.7965970771308183
33.95                                             0.8120309874068139
34                                                0.8265643913661278
34.05                                             0.8402129902003571
34.1                                              0.8529962362295526
34.15                                             0.8649367269697136
34.199999999999996                                0.8760596388666172
34.25                                             0.8863922044497482
34.300000000000004                                0.8959632355294584
34.35                                             0.904802693879595
34.4                                              0.9129413082675251
34.45                                             0.9204102362278341
34.50000000000001                                 0.9272407689596309
34.550000000000004                                0.9334640769956566
34.6                                              0.9391109941761923
34.65                                             0.9442118352900443
34.7                                              0.9487962427513021
34.75                                             0.9528930668113119
34.8                                              0.9565302690751917
34.85                                             0.9597348466632439
34.900000000000006                                0.9625327762495285
34.95                                             0.9649489787537164
35                                                0.9670072924419786
35.050000000000004                                0.968730461571381
35.1                                              0.970140134920652
35.15                                             0.971256895076511
35.199999999999996                                0.9721002184378793
35.24999999999999                                 0.9726885762027695
35.3                                              0.9730393823654638
35.35                                             0.9731690808152167
35.4                                              0.9730931516899014
35.449999999999996                                0.972826152375948
35.5                                              0.9723817541039768
35.550000000000004                                0.9717727795499955
35.6                                              0.9710112409283987
35.65                                             0.9701083781904422
35.7                                              0.969074697014047
35.75                                             0.967920006329965
35.8                                              0.966653455179381
35.849999999999994                                0.9652835687400867
35.9                                              0.9638182833947697
35.95                                             0.9622649807451341
36                                                0.9606305205030239
36.05                                             0.9589212722096736
36.1                                              0.9571431457539274
36.150000000000006                                0.9553016206731672
36.2                                              0.9534017742332739
36.25                                             0.951448308293221
36.3                                              0.949445574967083
36.35                                             0.9473976011025175
36.4                                              0.9453081115992259
36.449999999999996                                0.9431805515937868
36.5                                              0.941018107540283
36.550000000000004                                0.9388237272171123
36.6                                              0.9366001386910983
36.65                                             0.9343498682708958
36.7                                              0.9320752574803001
36.75000000000001                                 0.9297784790824908
36.800000000000004                                0.9274615521851868
36.849999999999994                                0.9251263564572375
36.9                                              0.9227746454882287
36.95                                             0.9204080593243252
37                                                0.9180281362135682
37.05                                             0.9156363235849323
37.1                                              0.9132339882749646
37.150000000000006                                0.9108224260105645
37.2                                              0.9084028701661948
37.25                                             0.9059764998271834
37.300000000000004                                0.9035444471955347
37.35                                             0.9011078043680278
37.4                                              0.8986676295063537
37.449999999999996                                0.8962249523908982
37.49999999999999                                 0.8937807782274833
37.55                                             0.8913360958782901
37.6                                              0.8888918738769875
37.65                                             0.8864490722753771
37.699999999999996                                0.8840086433600134
37.75                                             0.881571532126308
37.800000000000004                                0.8791386785108259
37.85                                             0.8767110216154285
37.9                                              0.8742894830021134
37.95                                             0.8718750058828205
38                                                0.869468516881059
38.05                                             0.8670709438232522
38.099999999999994                                0.8646832122847432
38.15                                             0.862306244585061
38.2                                              0.8599409585197458
38.25                                             0.8575882659331017
38.3                                              0.8552490710206446
38.35                                             0.8529242683345163
38.400000000000006                                0.8506147405893896
38.45                                             0.8483213562804286
38.5                                              0.8460449671323739
38.55                                             0.8437864054032528
38.6                                              0.8415464810619311
38.65                                             0.8393259788638311
38.699999999999996                                0.8371256553619763
38.75                                             0.8349462358736005
38.800000000000004                                0.8327884114205414
38.85                                             0.8306528356696833
38.9                                              0.8285401218987384
38.95                                             0.8264508400120388
39.00000000000001                                 0.8243855136284602
39.050000000000004                                0.8223446172630922
39.099999999999994                                0.8203285736221303
39.15                                             0.8183377510339777
39.2                                              0.8163724610425381
39.25                                             0.8144329561898316
39.3                                              0.812519428006038
39.35                                             0.8106320052197542
39.400000000000006                                0.8087707522004447
39.45                                             0.8069356676480421
39.5                                              0.8051266835449395
39.550000000000004                                0.8033436643858218
39.6                                              0.8015864066979907
39.65                                             0.7998546388660376
39.699999999999996                                0.7981480212773258
39.75                                             0.796466146799392
39.8                                              0.7948085415780287
39.85                                             0.7931746661216253
39.9                                              0.7915639166735022
39.949999999999996                                0.7899756269241599
40                                                0.7884090700877502
40.050000000000004                                0.7868634613160138
40.1                                              0.7853379604241132
40.15                                             0.7838316749262403
40.2                                              0.7823436633912664
40.25                                             0.7808729391049928
40.3                                              0.7794184738878344
40.349999999999994                                0.7779792018797451
40.4                                              0.7765540237623052
40.45                                             0.7751418117857639
40.5                                              0.7737414148000821
40.55                                             0.7723516630973243
40.6                                              0.7709713734276192
40.650000000000006                                0.7695993542813659
40.7                                              0.7682344116109003
40.75                                             0.7668753549581536
40.8                                              0.7655210012022474
40.85                                             0.7641701794283207
40.9                                              0.762821739231039
40.949999999999996                                0.7614745557676524
41                                                0.7601275346033098
41.050000000000004                                0.7587796169349239
41.1                                              0.7574297873487699
41.15                                             0.7560770757290984
41.2                                              0.7547205624745765
41.25000000000001                                 0.7533593864280957
41.300000000000004                                0.7519927456480068
41.349999999999994                                0.7506199056619628
41.4                                              0.7492401983794672
41.45                                             0.7478530412654883
41.5                                              0.7464579131769719
41.55                                             0.7450543818748356
41.6                                              0.7436420970072214
41.650000000000006                                0.7422207938166462
41.7                                              0.7407902952318575
41.75                                             0.7393505134873786
41.800000000000004                                0.7379014512986911
41.85                                             0.7364432025874967
41.9                                              0.7349759527473306
41.949999999999996                                0.7334999784415112
42                                                0.7320156469279627
42.050000000000004                                0.7305234149076215
42.1                                              0.7290238268959387
42.15                                             0.727517513119003
42.199999999999996                                0.7260051869392421
42.25                                             0.7244876418175613
42.300000000000004                                0.7229657478209269
42.35                                             0.7214404476882755
42.4                                              0.7199127524691691
42.45                                             0.7183837367528663
42.5                                              0.7168545335072218
42.55                                             0.7153263285506138
42.599999999999994                                0.7138003546802972
42.65                                             0.7122778854849576
42.7                                              0.7107602288696341
42.75                                             0.7092487203240593
42.8                                              0.7077447159665473
42.85                                             0.7062495853979204
42.900000000000006                                0.7047647044002667
42.95                                             0.7032914475179602
43                                                0.7018311805581401
43.05                                             0.7003852530494319
43.1                                              0.6989549906981369
43.15                                             0.6975416878815172
43.199999999999996                                0.6961466002177613
43.25                                             0.6947709372524176
43.300000000000004                                0.6934158552999411
43.35                                             0.6920824504798053
43.4                                              0.6907717519855006
43.45                                             0.6894847156248228
43.50000000000001                                 0.6882222176696989
43.550000000000004                                0.6869850490503827
43.599999999999994                                0.6857739099278086
43.65                                             0.6845894046752041
43.7                                              0.6834320372995691
43.75                                             0.6823022073334377
43.8                                              0.6812002062360776
43.85                                             0.6801262144473895
43.900000000000006                                0.6790802831339239
43.95                                             0.678062405545406
44                                                0.6770723756380739
44.050000000000004                                0.6761099237713925
44.1                                              0.6751746422608931
44.15                                             0.6742660138856229
44.199999999999996                                0.6733834012012405
44.25                                             0.6725260519864055
44.300000000000004                                0.6716931016823335
44.35                                             0.6708835753622334
44.4                                              0.6700963908391525
44.449999999999996                                0.6693303646297893
44.5                                              0.6685842153667568
44.550000000000004                                0.6678565692492059
44.6                                              0.6671459658618187
44.65                                             0.6664508647577665
44.7                                              0.6657696523537057
44.75                                             0.6651006490854466
44.8                                              0.664442117283581
44.849999999999994                                0.6637922694674977
44.9                                              0.6631492769799524
44.95                                             0.6625112789627422
45                                                0.6618763916367476
45.05                                             0.6612427178200155
45.1                                              0.6606083566137385
45.150000000000006                                0.6599714132711998
45.2                                              0.6593300092448563
45.25                                             0.6586822922820439
45.3                                              0.6580264464878034
45.35                                             0.6573607023311313
45.4                                              0.6566833465529218
45.449999999999996                                0.6559927319166744
45.5                                              0.6552872867428168
45.550000000000004                                0.6545655241668358
45.6                                              0.6538260510626221
45.65                                             0.6530675765737399
45.7                                              0.6522889202035872
45.75000000000001                                 0.6514890194226147
45.800000000000004                                0.6506669367573409
45.849999999999994                                0.6498218663158719
45.9                                              0.6489531396929282
45.95                                             0.6480602311979411
46                                                0.6471427623603178
46.05                                             0.6462005056791303
46.1                                              0.6452333875908014
46.150000000000006                                0.6442414906305466
46.2                                              0.6432250547665351
46.25                                             0.6421844778921021
46.300000000000004                                0.6411203154696298
46.35                                             0.6400332793263966
46.4                                              0.6389242355846532
46.449999999999996                                0.6377942016733003
46.5                                              0.6366443423715247
46.550000000000004                                0.6354759649304197
46.6                                              0.6342905133812254
46.65                                             0.6330895620738374
46.7                                              0.6318748084193339
46.75000000000001                                 0.6306480648205951
46.800000000000004                                0.6294112498172153
46.85                                             0.6281663784899334
46.9                                              0.6269155521658162
46.95                                             0.6256609474286395
47                                                0.6244048043998054
47.05                                             0.6231494144221592
47.099999999999994                                0.6218971075876881
47.15                                             0.62065024007024
47.2                                              0.6194111807458003
47.25                                             0.6181822972665441
47.3                                              0.6169659419780317
47.35                                             0.6157644377548233
47.400000000000006                                0.6145800637953323
47.45                                             0.6134150417815694
47.5                                              0.6122715232400756
47.55                                             0.6111515748967428
47.6                                              0.6100571606834087
47.65                                             0.6089901312629497
47.699999999999996                                0.6079522132616935
47.75                                             0.6069449958668955
47.800000000000004                                0.6059699179345959
47.85                                             0.605028253469093
47.9                                              0.6041211148584537
47.95                                             0.6032494396125293
48.00000000000001                                 0.6024139586423042
48.050000000000004                                0.6016152125330452
48.099999999999994                                0.6008535274518153
48.15                                             0.6001290983538423
48.2                                              0.5994417842979691
48.25                                             0.5987912930573293
48.3                                              0.5981771547792619
48.35                                             0.5975986251426775
48.400000000000006                                0.5970547714110346
48.45                                             0.59654444688773
48.5                                              0.5960662979427009
48.550000000000004                                0.5956187698901402
48.6                                              0.5952001141025703
48.65                                             0.5948083964748541
48.699999999999996                                0.5944415072251992
48.74999999999999                                 0.5940971719951352
48.800000000000004                                0.5937729641948294
48.85                                             0.5934663185309758
48.9                                              0.5931745456420728
48.949999999999996                                0.5928948477590026
49.00000000000001                                 0.5926243352974064
49.050000000000004                                0.5923600442829695
49.1                                              0.5920989545008682
49.15                                             0.5918380082562382
49.2                                              0.591574129625492
49.25                                             0.5913042440735257
49.3                                              0.591025298309085
49.349999999999994                                0.5907342802456998
49.400000000000006                                0.5904282389352385
49.45                                             0.5901043043387639
49.5                                              0.5897597067995629
49.55                                             0.5893917960839687
49.60000000000001                                 0.5889980598564221
49.650000000000006                                0.5885761414580538
49.7                                              0.588123856861066
49.75                                             0.5876392106744665
49.800000000000004                                0.5871204110821996
49.85                                             0.5865658835992149
49.9                                              0.5859742835372705
49.949999999999996                                0.5853445070797167
50.00000000000001                                 0.584675700870039
