20                                                0.23489133540219936
20.05                                             0.234690566033783
20.1                                              0.2344909493755986
20.15                                             0.2342924961078455
20.2                                              0.23409521247372156
20.25                                             0.2338991001039367
20.3                                              0.23370415584418883
20.35                                             0.23351037158540988
20.4                                              0.23331773411110743
20.45                                             0.23312622498532323
20.5                                              0.23293582048998684
20.55                                             0.23274649159395938
20.6                                              0.23255820393258445
20.650000000000002                                0.23237091780001554
20.7                                              0.2321845881851966
20.75                                             0.2319991650606175
20.8                                              0.23181459110570093
20.85                                             0.2316308098054426
20.900000000000002                                0.2314477515957311
20.95                                             0.2312653474068875
21                                                0.23108352194013349
21.05                                             0.23090219384361985
21.099999999999998                                0.2307212865861486
21.150000000000002                                0.23054070749418426
21.2                                              0.23036036701983398
21.249999999999996                                0.23018017223584689
21.299999999999997                                0.2300000272162501
21.349999999999998                                0.22981983379527404
21.4                                              0.22963949206129822
21.45                                             0.2294589008300144
21.5                                              0.22927795807558674
21.549999999999997                                0.22909656139175788
21.599999999999998                                0.2289146084505358
21.65                                             0.2287319974634044
21.7                                              0.22854862764093387
21.75                                             0.22836439960822855
21.799999999999997                                0.2281792157822107
21.849999999999998                                0.2279929807407778
21.9                                              0.22780560154369314
21.95                                             0.2276169879927206
22                                                0.2274270528312378
22.05                                             0.2272357118824779
22.099999999999998                                0.22704288412342533
22.15                                             0.22684849169099192
22.2                                              0.22665245980380924
22.25                                             0.2264547165799741
22.3                                              0.2262551927491238
22.35                                             0.2260538212746474
22.4                                              0.22585053689316548
22.45                                             0.2256452755703627
22.5                                              0.22543797386949996
22.55                                             0.22522856823485557
22.6                                              0.2250169941906611
22.65                                             0.22480318544286124
22.7                                              0.22458707286911792
22.75                                             0.22436858346189398
22.8                                              0.22414763934012455
22.85                                             0.22392415678768607
22.900000000000002                                0.22369804521119502
22.95                                             0.22346920605972023
23                                                0.22323753178402367
23.05                                             0.22300290485253838
23.1                                              0.22276519684965723
23.150000000000002                                0.22252426786501642
23.2                                              0.2222799662490766
23.25                                             0.22203212800140468
23.3                                              0.22178057619151864
23.349999999999998                                0.22152512108873074
23.400000000000002                                0.22126556055574087
23.45                                             0.22100168068434964
23.5                                              0.2207332570979141
23.549999999999997                                0.22046005547162806
23.6                                              0.22018183206748568
23.65                                             0.2198983373032675
23.700000000000003                                0.21960931801746725
23.75                                             0.2193145175410979
23.799999999999997                                0.2190136756416144
23.849999999999998                                0.2187065487746201
23.9                                              0.21839289003867318
23.95                                             0.21807246473500233
24                                                0.21774505669004932
24.049999999999997                                0.21741046293404576
24.099999999999998                                0.21706850353170973
24.15                                             0.21671902652183758
24.2                                              0.2163619080666884
24.25                                             0.21599705769971067
24.3                                              0.21562442140978277
24.349999999999998                                0.21524398452803786
24.4                                              0.21485577416873772
24.45                                             0.21445986111615092
24.5                                              0.21405636105717443
24.55                                             0.2136454350628968
24.6                                              0.21322728922789966
24.65                                             0.2128021733909335
24.7                                              0.2123703788758867
24.75                                             0.21193223520598337
24.8                                              0.2114881057590372
24.85                                             0.2110383823492143
24.9                                              0.21058347874790065
24.95                                             0.21012382318036388
25                                                0.20965984986793745
25.05                                             0.20919198971487285
25.1                                              0.20872066027595648
25.150000000000002                                0.2082462551741563
25.2                                              0.20776913317460072
25.25                                             0.20728960715795386
25.3                                              0.20680793326740204
25.35                                             0.20632430053799805
25.400000000000002                                0.20583882133998196
25.45                                             0.20535152298924603
25.5                                              0.2048623408888489
25.55                                             0.20437111356835339
25.599999999999998                                0.20387757997831324
25.650000000000002                                0.20338137937774992
25.7                                              0.20288205411697152
25.75                                             0.2023790555659148
25.799999999999997                                0.2018717533687554
25.85                                             0.20135944812352624
25.9                                              0.20084138749646752
25.950000000000003                                0.20031678568351932
26                                                0.19978484606617483
26.05                                             0.19924478751564126
26.099999999999998                                0.19869586677929532
26.15                                             0.19813742181159463
26.2                                              0.19756888166785583
26.25                                             0.19698981036240376
26.299999999999997                                0.19639993619364268
26.349999999999998                                0.1957991741126943
26.4                                              0.19518766573894814
26.45                                             0.19456577499406652
26.5                                              0.19393412342579514
26.55                                             0.19329359587040065
26.599999999999998                                0.1926453412770132
26.65                                             0.19199076768926981
26.7                                              0.19133152754306415
26.75                                             0.19066949313853818
26.8                                              0.19000672198929563
26.85                                             0.18934541170823843
26.9                                              0.18868784458884252
26.95                                             0.18803632237978996
27                                                0.18739309215440403
27.05                                             0.18676026465998305
27.1                                              0.18613972710891943
27.15                                             0.18553305289081776
27.2                                              0.1849414112388642
27.25                                             0.18436548049456572
27.3                                              0.1838053691121832
27.35                                             0.18326054892947236
27.400000000000002                                0.18272980547023457
27.45                                             0.18221121006391913
27.5                                              0.1817021183123006
27.55                                             0.18119919886497052
27.6                                              0.18069849556457776
27.65                                             0.18019552477519488
27.7                                              0.17968540811905032
27.749999999999996                                0.17916303900591402
27.8                                              0.17862327934578107
27.849999999999998                                0.17806118080690986
27.900000000000002                                0.17747222303704485
27.95                                             0.1768525595401545
28                                                0.17619926050784088
28.049999999999997                                0.17551054091993434
28.1                                              0.1747859617047402
28.15                                             0.17402659173362003
28.200000000000003                                0.1732351188252033
28.25                                             0.1724158985928236
28.3                                              0.1715749309253056
28.349999999999998                                0.17071975519391133
28.400000000000002                                0.1698592568511996
28.45                                             0.16900338000602141
28.500000000000004                                0.168162743024682
28.549999999999997                                0.1673481578718553
28.6                                              0.1665700595169376
28.65                                             0.16583785708999457
28.700000000000003                                0.165159225911432
28.75                                             0.16453937212706615
28.8                                              0.16398031298718255
28.849999999999998                                0.16348022731941628
28.899999999999995                                0.16303294329290569
28.95                                             0.16262763720623957
29.000000000000004                                0.16224880654663137
29.05                                             0.16187659799017268
29.099999999999998                                0.16148753113439754
29.15                                             0.16105561874330504
29.200000000000003                                0.16055388144898416
29.25                                             0.15995617210814517
29.299999999999997                                0.15923916327059492
29.35                                             0.1583844213217149
29.400000000000002                                0.1573803684199125
29.45                                             0.156223917500769
29.499999999999996                                0.15492176425128118
29.55                                             0.1534910808065197
29.600000000000005                                0.1519596219610303
29.650000000000002                                0.15036512508760602
29.699999999999996                                0.14875396946336622
29.75                                             0.14717901744837963
29.800000000000004                                0.14569655317127236
29.85                                             0.14436222451702105
29.9                                              0.14322592376962856
29.95                                             0.14232564789266805
29.999999999999996                                0.14168060131780535
30.05                                             0.14128416564503543
30.099999999999998                                0.14109783665429806
30.150000000000002                                0.14104770728518745
30.2                                              0.14102533639610906
30.25                                             0.1408946014076508
30.299999999999997                                0.14050517267046658
30.35                                             0.13971162677291143
30.4                                              0.1383954060079188
30.450000000000003                                0.1364856092921768
30.5                                              0.1339746472007398
30.55                                             0.13092621889973535
30.599999999999998                                0.12747523451178677
30.650000000000002                                0.12382113729635147
30.7                                              0.12021661130198161
30.750000000000004                                0.11695240390230544
30.799999999999997                                0.1143359548395436
30.85                                             0.11265719629357875
30.9                                              0.11213091413581679
30.950000000000003                                0.11280615767397088
31                                                0.11444916583484296
31.05                                             0.1164472686808815
31.099999999999998                                0.11783375446250174
31.149999999999995                                0.11752939365383985
31.2                                              0.11475728114694124
31.250000000000004                                0.10939328373222149
31.3                                              0.1020163490583713
31.349999999999998                                0.09368072642687174
31.4                                              0.0856526188394711
31.450000000000003                                0.07932982921388616
31.5                                              0.07640105600362151
31.549999999999997                                0.07899672375663724
31.6                                              0.08836224869824678
31.650000000000002                                0.09878309512093447
31.7                                              0.09635205486779069
31.749999999999996                                0.08088739172345889
31.8                                              0.06441476787598446
31.850000000000005                                0.05248944518030271
31.900000000000002                                0.055816614990742135
31.949999999999996                                0.05859778406669586
32                                                0.04629473067567951
32.050000000000004                                0.04528992858898918
32.1                                              0.04738157529574989
32.15                                             0.05152542764299261
32.2                                              0.05738869975510808
32.25                                             0.06481745303706345
32.300000000000004                                0.07372485446880289
32.35                                             0.08405405824035139
32.4                                              0.09576191406265813
32.449999999999996                                0.10881040380297698
32.5                                              0.12316156920925182
32.55                                             0.1387742687179677
32.6                                              0.15560201961852557
32.65                                             0.1735915614569649
32.7                                              0.19268195068559796
32.75                                             0.21280408195013803
32.800000000000004                                0.23388057417203198
32.85                                             0.2558259802198848
32.9                                              0.2785472875330862
32.949999999999996                                0.3019446788070179
33                                                0.3259125198182038
33.05                                             0.35034053767107076
33.1                                              0.37511514855032174
33.15                                             0.4001208904544
33.2                                              0.4252419140454809
33.25                                             0.4503634841101493
33.300000000000004                                0.47537344537323417
33.35                                             0.500163609594185
33.4                                              0.5246310258405545
33.45                                             0.5486791022612912
33.5                                              0.5722185551444642
33.55                                             0.5951681690404783
33.599999999999994                                0.6174553598115092
33.65                                             0.6390165401752886
33.7                                              0.6597972942872864
33.75                                             0.6797523738292885
33.8                                              0.6988455326874574
33.85                                             0.7170492206016721
33.900000000000006                                0.7343441583551531
33.95                                             0.750718818042058
34                                                0.7661688317056391
34.05                                             0.780696350522231
34.1                                              0.7943093749838619
34.15                                             0.8070210743419713
34.199999999999996                                0.8188491110189634
34.25                                             0.8298149829266311
34.300000000000004                                0.8399433943642024
34.35                                             0.8492616639871386
34.4                                              0.8577991751716659
34.45                                             0.8655868722391733
34.50000000000001                                 0.8726568047130755
34.550000000000004                                0.8790417201698032
34.6                                              0.8847747052060037
34.65                                             0.8898888725542852
34.7                                              0.8944170902929149
34.75                                             0.8983917539673274
34.8                                              0.9018445965518013
34.85                                             0.9048065317631255
34.900000000000006                                0.9073075283755507
34.95                                             0.9093765135706309
35                                                0.911041299077271
35.050000000000004                                0.9123285285656582
35.1                                              0.9132636429213197
35.15                                             0.9138708771629598
35.199999999999996                                0.9141732214319267
35.24999999999999                                 0.9141924840517699
35.3                                              0.9139492401091968
35.35                                             0.9134629151683256
35.4                                              0.9127517857799546
35.449999999999996                                0.9118330215903546
35.5                                              0.9107227243892452
35.550000000000004                                0.9094359699456923
35.6                                              0.9079868517280346
35.65                                             0.9063885257947307
35.7                                              0.9046532562623602
35.75                                             0.9027924608589138
35.8                                              0.9008167561576135
35.849999999999994                                0.8987360021635682
35.9                                              0.8965593459897525
35.95                                             0.8942952644163787
36                                                0.8919516051737253
36.05                                             0.8895356268303198
36.1                                              0.8870540372011465
36.150000000000006                                0.8845130302189347
36.2                                              0.8819183212345277
36.25                                             0.879275180731771
36.3                                              0.8765884664570338
36.35                                             0.87386265397629
36.4                                              0.8711018656821795
36.449999999999996                                0.8683098982813857
36.5                                              0.865490248797799
36.550000000000004                                0.8626461391317066
36.6                                              0.8597805392171779
36.65                                             0.8568961888222771
36.7                                              0.853995618036892
36.75000000000001                                 0.8510811664934711
36.800000000000004                                0.8481550013655119
36.849999999999994                                0.8452191341894191
36.9                                              0.8422754365568339
36.95                                             0.839325654726125
37                                                0.8363714232013545
37.05                                             0.8334142773171958
37.1                                              0.8304556648567961
37.150000000000006                                0.8274969567241114
37.2                                              0.824539456703165
37.25                                             0.8215844103506296
37.300000000000004                                0.818633013070728
37.35                                             0.8156864174140798
37.4                                              0.8127457396296672
37.449999999999996                                0.8098120654433287
37.49999999999999                                 0.8068864574954564
37.55                                             0.8039699477068333
37.6                                              0.8010635623500066
37.65                                             0.7981683073241465
37.699999999999996                                0.7952851811318189
37.75                                             0.7924151707860826
37.800000000000004                                0.789559256074947
37.85                                             0.7867184132622735
37.9                                              0.7838935951124718
37.95                                             0.7810857735157358
38                                                0.7782958984007615
38.05                                             0.775524915346702
38.099999999999994                                0.7727737617068143
38.15                                             0.7700433650322206
38.2                                              0.7673346412421106
38.25                                             0.7646484926311432
38.3                                              0.7619858056182112
38.35                                             0.7593474482173851
38.400000000000006                                0.7567342673299943
38.45                                             0.7541470858780422
38.5                                              0.7515866998084582
38.55                                             0.7490538749808171
38.6                                              0.7465493439194762
38.65                                             0.7440738025084233
38.699999999999996                                0.7416279067389497
38.75                                             0.7392122694591322
38.800000000000004                                0.7368274571165812
38.85                                             0.7344739865514333
38.9                                              0.7321523218780597
38.95                                             0.7298628714787322
39.00000000000001                                 0.7276059851313484
39.050000000000004                                0.7253819512903888
39.099999999999994                                0.7231909945416134
39.15                                             0.7210332732559497
39.2                                              0.7189088774715459
39.25                                             0.716817827029087
39.3                                              0.7147600699797473
39.35                                             0.7127354812783372
39.400000000000006                                0.7107438617705559
39.45                                             0.7087849374857154
39.5                                              0.706858359247271
39.550000000000004                                0.7049637026139354
39.6                                              0.7031004681603893
39.65                                             0.7012680821045538
39.699999999999996                                0.6994658972921821
39.75                                             0.6976931945560115
39.8                                              0.6959491844584562
39.85                                             0.694233009389101
39.9                                              0.6925437459758882
39.949999999999996                                0.6908804078203387
40                                                0.6892419485930348
40.050000000000004                                0.6876272654882274
40.1                                              0.6860352030116704
40.15                                             0.6844645570818991
40.2                                              0.6829140794407283
40.25                                             0.6813824823737474
40.3                                              0.6798684436820385
40.349999999999994                                0.678370611726793
40.4                                              0.676887610630854
40.45                                             0.6754180459896834
40.5                                              0.6739605108236773
40.55                                             0.6725135914921562
40.6                                              0.6710758736739705
40.650000000000006                                0.669645948483947
40.7                                              0.6682224188183908
40.75                                             0.6668039059309282
40.8                                              0.66538905478239
40.85                                             0.663976539824118
40.9                                              0.6625650724877128
40.949999999999996                                0.6611534069444962
41                                                0.6597403454058581
41.050000000000004                                0.6583247436274554
41.1                                              0.6569055244367815
41.15                                             0.6554816681510475
41.2                                              0.6540522244724052
41.25000000000001                                 0.6526163206115431
41.300000000000004                                0.6511731690548157
41.349999999999994                                0.649722062728424
41.4                                              0.6482623817966129
41.45                                             0.6467935895246248
41.5                                              0.6453152613631296
41.55                                             0.6438270596045198
41.6                                              0.642328747909413
41.650000000000006                                0.6408201913983027
41.7                                              0.6393013578636993
41.75                                             0.6377723185447822
41.800000000000004                                0.6362332484032144
41.85                                             0.6346844258862213
41.9                                              0.6331262321686199
41.949999999999996                                0.6315591498704891
42                                                0.629983761249144
42.050000000000004                                0.6284007458673463
42.1                                              0.6268108777426631
42.15                                             0.6252150219859542
42.199999999999996                                0.6236141309391032
42.25                                             0.622009239826237
42.300000000000004                                0.6204014619341485
42.35                                             0.6187919833413859
42.4                                              0.6171820572170807
42.45                                             0.6155729977149371
42.5                                              0.6139661734881748
42.55                                             0.6123630008553166
42.599999999999994                                0.6107649366479522
42.65                                             0.6091734707744244
42.7                                              0.6075901185344442
42.75                                             0.6060164127217564
42.8                                              0.604453895553943
42.85                                             0.6029041104684884
42.900000000000006                                0.6013685938268554
42.95                                             0.59984886656759
43                                                0.5983464258519882
43.05                                             0.5968627367442557
43.1                                              0.5953992239702188
43.15                                             0.5939572637968211
43.199999999999996                                0.5925381760759403
43.25                                             0.591143216493419
43.300000000000004                                0.5897735690653748
43.35                                             0.588430338921457
43.4                                              0.5871145454154167
43.45                                             0.5858271156022405
43.50000000000001                                 0.5845688781196767
43.550000000000004                                0.5833405575089164
43.599999999999994                                0.5821427690063783
43.65                                             0.5809760138359703
43.7                                              0.5798406750302938
43.75                                             0.5787370138066387
43.8                                              0.5776651665245239
43.85                                             0.5766251422596858
43.900000000000006                                0.5756168202208991
43.95                                             0.5746399522472189
44                                                0.5736941536184997
44.050000000000004                                0.5727789166870747
44.1                                              0.5718935985708323
44.15                                             0.5710374276101432
44.199999999999996                                0.5702095076412091
44.25                                             0.5694088187167818
44.300000000000004                                0.5686342220217517
44.35                                             0.5678844617116007
44.4                                              0.5671581700622126
44.449999999999996                                0.5664538750264567
44.5                                              0.5657700046968838
44.550000000000004                                0.5651048942258375
44.6                                              0.5644567930027397
44.65                                             0.5638238721241177
44.7                                              0.5632042328862055
44.75                                             0.5625959156817518
44.8                                              0.5619969089934126
44.849999999999994                                0.5614051589096493
44.9                                              0.5608185790431762
44.95                                             0.5602350607581815
45                                                0.559652483673642
45.05                                             0.5590687263961901
45.1                                              0.5584816773633272
45.150000000000006                                0.5578892457089697
45.2                                              0.5572893722354048
45.25                                             0.5566800404610976
45.3                                              0.5560592875863403
45.35                                             0.5554252153013666
45.4                                              0.5547760004035898
45.449999999999996                                0.5541099051717081
45.5                                              0.553425287436296
45.550000000000004                                0.5527206102816808
45.6                                              0.551994451314321
45.65                                             0.5512455114417235
45.7                                              0.5504726231193466
45.75000000000001                                 0.5496747580299685
45.800000000000004                                0.5488510341487141
45.849999999999994                                0.5480007221375133
45.9                                              0.5471232510099537
45.95                                             0.5462182130150196
46                                                0.5452853676979077
46.05                                             0.5443246451073237
46.1                                              0.5433361481232395
46.150000000000006                                0.5423201538830856
46.2                                              0.5412771142863243
46.25                                             0.540207655564802
46.300000000000004                                0.5391125769167681
46.35                                             0.5379928482094138
46.4                                              0.5368496067402531
46.449999999999996                                0.5356841530047354
46.5                                              0.5344979454189408
46.550000000000004                                0.5332925940440345
46.6                                              0.5320698534318798
46.65                                             0.5308316146449406
46.7                                              0.5295798964291225
46.75000000000001                                 0.5283168355294947
46.800000000000004                                0.5270446761824161
46.85                                             0.5257657588435399
46.9                                              0.5244825082106876
46.95                                             0.5231974205470539
47                                                0.5219130501800828
47.05                                             0.5206319951868057
47.099999999999994                                0.5193568829782249
47.15                                             0.5180903561106814
47.2                                              0.5168350574323983
47.25                                             0.5155936144426336
47.3                                              0.5143686234484999
47.35                                             0.5131626337154843
47.400000000000006                                0.5119781315766393
47.45                                             0.510817524691768
47.5                                              0.5096831277807807
47.55                                             0.5085771489268764
47.6                                              0.5075016705130173
47.65                                             0.5064586343957403
47.699999999999996                                0.5054498309061038
47.75                                             0.5044768856675982
47.800000000000004                                0.503541246577895
47.85                                             0.5026441686115706
47.9                                              0.5017867053972551
47.95                                             0.5009697177956737
48.00000000000001                                 0.5001938328809259
48.050000000000004                                0.49945945318962587
48.099999999999994                                0.498766727688205
48.15                                             0.4981156521867743
48.2                                              0.4975058904290661
48.25                                             0.4969368778521071
48.3                                              0.49640786995686814
48.35                                             0.4959178218010298
48.400000000000006                                0.49546547664959656
48.45                                             0.49504934243111554
48.5                                              0.49466770067891663
48.550000000000004                                0.4943186144739158
48.6                                              0.4939999377737992
48.65                                             0.4937093262352286
48.699999999999996                                0.4934442495060531
48.74999999999999                                 0.4932020049337765
48.800000000000004                                0.49297973262160466
48.85                                             0.4927744317498826
48.9                                              0.49258297807018353
48.949999999999996                                0.49240214246827446
49.00000000000001                                 0.49222861048365474
49.050000000000004                                0.4920590026635788
49.1                                              0.49188989562305213
49.15                                             0.4917178436744833
49.2                                              0.4915394008861309
49.25                                             0.4913511434224074
49.3                                              0.4911496920169979
49.349999999999994                                0.4909317344261538
49.400000000000006                                0.4906940477085698
49.45                                             0.4904335201780149
49.5                                              0.49014717287518
49.55                                             0.4898321804068262
49.60000000000001                                 0.4894858910035781
49.650000000000006                                0.4891058456500582
49.7                                              0.4886897961468092
49.75                                             0.48823572196739046
49.800000000000004                                0.4877418457814343
49.85                                             0.48720664752017695
49.9                                              0.4866288768696475
49.949999999999996                                0.48600756408494855
50.00000000000001                                 0.4853420290273218
