20                                                0.24596072709466962
20.05                                             0.245752321012051
20.1                                              0.2455449826828575
20.15                                             0.24533872253441277
20.2                                              0.24513354651473193
20.25                                             0.2449294559073744
20.3                                              0.2447264471668578
20.35                                             0.24452451177857248
20.4                                              0.2443236361401276
20.45                                             0.24412380145164891
20.5                                              0.24392498361074186
20.55                                             0.2437271531236354
20.6                                              0.2435302750494928
20.650000000000002                                0.24333430898649244
20.7                                              0.24313920909283762
20.75                                             0.24294492416930583
20.8                                              0.24275139628259593
20.85                                             0.24255856468400017
20.900000000000002                                0.24236636122027394
20.95                                             0.2421747153793788
21                                                0.2419835514417605
21.05                                             0.2417927919221386
21.099999999999998                                0.2416023328290141
21.150000000000002                                0.2414121113443131
21.2                                              0.24122202316825023
21.249999999999996                                0.24103197372434707
21.299999999999997                                0.24084186523081785
21.349999999999998                                0.24065159765970237
21.4                                              0.24046106932350736
21.45                                             0.2402701771560545
21.5                                              0.24007881730318464
21.549999999999997                                0.23988688565068084
21.599999999999998                                0.23969427830562445
21.65                                             0.23950089206403646
21.7                                              0.2393066248641184
21.75                                             0.23911137625166384
21.799999999999997                                0.23891504781456274
21.849999999999998                                0.23871754355548166
21.9                                              0.238518770230801
21.95                                             0.2383186376471866
22                                                0.23811705889879028
22.05                                             0.23791395053666645
22.099999999999998                                0.2377092326607775
22.15                                             0.23750282892535718
22.2                                              0.23729466645037298
22.25                                             0.23708467564145466
22.3                                              0.23687278992178
22.35                                             0.23665894537448035
22.4                                              0.23644308028612382
22.45                                             0.23622513458561087
22.5                                              0.23600504918044016
22.55                                             0.23578276519614805
22.6                                              0.2355582231246361
22.65                                             0.23533136188589224
22.7                                              0.23510211781536133
22.75                                             0.23487042360582766
22.8                                              0.23463620722373396
22.85                                             0.23439939078770652
22.900000000000002                                0.23415988941738763
22.95                                             0.2339176100935858
23                                                0.23367245056146507
23.05                                             0.23342429830298828
23.1                                              0.2331730296241602
23.150000000000002                                0.23291850890216054
23.2                                              0.23266058787724492
23.25                                             0.23239910500789793
23.3                                              0.2321338852299415
23.349999999999998                                0.23186473998571125
23.400000000000002                                0.23159146739692987
23.45                                             0.23131385260937593
23.5                                              0.23103166866537675
23.549999999999997                                0.23074467878037414
23.6                                              0.23045263633511986
23.65                                             0.23015528641670302
23.700000000000003                                0.22985236913125356
23.75                                             0.2295436184346949
23.799999999999997                                0.22922877894868643
23.849999999999998                                0.22890758366141362
23.9                                              0.22857978128116965
23.95                                             0.2282451255967991
24                                                0.22790339190880093
24.049999999999997                                0.22755436955308744
24.099999999999998                                0.2271978630617052
24.15                                             0.22683371291430002
24.2                                              0.22646178532922648
24.25                                             0.22608198093779783
24.3                                              0.22569423784241507
24.349999999999998                                0.2252985347534999
24.4                                              0.22489489368418533
24.45                                             0.22448338207494548
24.5                                              0.22406411424138706
24.55                                             0.2236372520447932
24.6                                              0.22320300469135831
24.65                                             0.22276162757891937
24.7                                              0.2223134201189923
24.75                                             0.22185872247786673
24.8                                              0.22139791119584187
24.85                                             0.22093139366736347
24.9                                              0.22045960148842578
24.95                                             0.21998298270752628
25                                                0.21950199304511614
25.05                                             0.2190170861839108
25.1                                              0.21852870326414278
25.150000000000002                                0.2180372617585693
25.2                                              0.2175431439390278
25.25                                             0.21704668518425801
25.3                                              0.2165481624157731
25.35                                             0.21604778298228197
25.400000000000002                                0.21554567434140703
25.45                                             0.21504187491062862
25.5                                              0.2145363264728431
25.55                                             0.21402886852475744
25.599999999999998                                0.2135192349503315
25.650000000000002                                0.21300705338182765
25.7                                              0.21249184758034248
25.75                                             0.21197304311715498
25.799999999999997                                0.21144997656245795
25.85                                             0.2109219082982729
25.9                                              0.21038803897853664
25.950000000000003                                0.20984752955712102
26                                                0.20929952472707822
26.05                                             0.20874317995422859
26.099999999999998                                0.20817768765442518
26.15                                             0.20760231594278478
26.2                                              0.20701642845581078
26.25                                             0.2064195231128994
26.299999999999997                                0.2058112667946656
26.349999999999998                                0.2051915191431694
26.4                                              0.2045603709399439
26.45                                             0.20391815717621534
26.5                                              0.20326546983400473
26.55                                             0.2026031837544859
26.599999999999998                                0.20193245276914673
26.65                                             0.20125470614557725
26.7                                              0.20057163482031035
26.75                                             0.19988516712049018
26.8                                              0.19919743356103373
26.85                                             0.19851072076186585
26.9                                              0.19782741436580809
26.95                                             0.1971499314267811
27                                                0.1964806431625389
27.05                                             0.19582178944283243
27.1                                              0.19517538707464677
27.15                                             0.19454313446836086
27.2                                              0.19392631575870337
27.25                                             0.19332570818636746
27.3                                              0.19274149709534555
27.35                                             0.19217320330777224
27.400000000000002                                0.19161962790894435
27.45                                             0.19107881952425393
27.5                                              0.19054806893843196
27.55                                             0.1900239353569445
27.6                                              0.18950230770237927
27.65                                             0.18897850304033795
27.7                                              0.18844740257328446
27.749999999999996                                0.18790362372045732
27.8                                              0.18734172472028673
27.849999999999998                                0.18675643604634792
27.900000000000002                                0.18614291084944892
27.95                                             0.1854969847751583
28                                                0.18481543398993802
28.049999999999997                                0.18409621919063543
28.1                                              0.18333870277092057
28.15                                             0.18254382609214165
28.200000000000003                                0.18171423405283557
28.25                                             0.18085433499763118
28.3                                              0.17997028508221302
28.349999999999998                                0.17906988739839513
28.400000000000002                                0.17816239772231482
28.45                                             0.17725823082061973
28.500000000000004                                0.17636856395107206
28.549999999999997                                0.1755048376828152
28.6                                              0.17467815911803053
28.65                                             0.17389862019182106
28.700000000000003                                0.17317455208295718
28.75                                             0.17251174690768828
28.8                                              0.17191269110945354
28.849999999999998                                0.1713758678873625
28.899999999999995                                0.17089519735480435
28.95                                             0.1704596942583097
29.000000000000004                                0.1700534196455243
29.05                                             0.16965579052718288
29.099999999999998                                0.16924230715794147
29.15                                             0.168785707911727
29.200000000000003                                0.1682575380593833
29.25                                             0.16763005757368257
29.299999999999997                                0.16687831523627072
29.35                                             0.16598237223178522
29.400000000000002                                0.1649293623168589
29.45                                             0.1637152950289469
29.499999999999996                                0.1623464329315148
29.55                                             0.16084008272214614
29.600000000000005                                0.15922478967407316
29.650000000000002                                0.15753975499099743
29.699999999999996                                0.15583348436109024
29.75                                             0.1541615641654618
29.800000000000004                                0.1525834778536982
29.85                                             0.1511583613500348
29.9                                              0.14993962683776219
29.95                                             0.14896849343253138
29.999999999999996                                0.14826669344142307
30.05                                             0.1478289994505352
30.099999999999998                                0.14761671586357303
30.150000000000002                                0.14755378423303803
30.2                                              0.14752743841654964
30.25                                             0.1473951153150401
30.299999999999997                                0.14699834924339367
30.35                                             0.14618270086088536
30.4                                              0.14482087048940906
30.450000000000003                                0.14283482362286706
30.5                                              0.14021273553674346
30.55                                             0.13701798574122814
30.599999999999998                                0.1333896692051506
30.650000000000002                                0.12953602928021318
30.7                                              0.12572283327523467
30.750000000000004                                0.12225746337974416
30.799999999999997                                0.11946636207185077
30.85                                             0.11765895571089473
30.9                                              0.1170669933649642
30.950000000000003                                0.11774927988503214
31                                                0.1194682356889163
31.05                                             0.12158720992658706
31.099999999999998                                0.12309258044570744
31.149999999999995                                0.12284220651025402
31.2                                              0.11999962420378657
31.250000000000004                                0.11440910081296889
31.3                                              0.10666080065152357
31.349999999999998                                0.09785967962438416
31.4                                              0.08934800837282697
31.450000000000003                                0.08261474646159782
31.5                                              0.07945676682170072
31.549999999999997                                0.08213451562143542
31.6                                              0.09198959085909217
31.650000000000002                                0.10309061669968059
31.7                                              0.10075675588354892
31.749999999999996                                0.08450387099303598
31.8                                              0.06701585372066002
31.850000000000005                                0.054309253352573604
31.900000000000002                                0.057736280676334024
31.949999999999996                                0.060937356570428695
32                                                0.04781402453573015
32.050000000000004                                0.04678387501080832
32.1                                              0.04906554241206209
32.15                                             0.05353759744390517
32.2                                              0.059839465780542264
32.25                                             0.0678014346215209
32.300000000000004                                0.07732510147772642
32.35                                             0.08834369069488239
32.4                                              0.10080467899188642
32.449999999999996                                0.11466071583343058
32.5                                              0.12986430479016312
32.55                                             0.14636446625638627
32.6                                              0.16410458299502734
32.65                                             0.18302103487847765
32.7                                              0.20304241450181473
32.75                                             0.2240892052145334
32.800000000000004                                0.24607384771011176
32.85                                             0.26890114303034957
32.9                                              0.29246894881136376
32.949999999999996                                0.3166691276996093
33                                                0.3413887055388673
33.05                                             0.36651119422996414
33.1                                              0.3919180314774093
33.15                                             0.4174900878857972
33.2                                              0.4431091916271635
33.25                                             0.46865962248459414
33.300000000000004                                0.4940295305157928
33.35                                             0.5191122397606306
33.4                                              0.5438074040570023
33.45                                             0.5680219896738333
33.5                                              0.5916710676752239
33.55                                             0.6146784071780277
33.599999999999994                                0.6369768685364143
33.65                                             0.658508602599369
33.7                                              0.6792250682350113
33.75                                             0.6990868850939411
33.8                                              0.7180635420201147
33.85                                             0.736132983718703
33.900000000000006                                0.7532810993250739
33.95                                             0.7695011363511817
34                                                0.7847930624059893
34.05                                             0.799162895389901
34.1                                              0.8126220206888216
34.15                                             0.8251865114021962
34.199999999999996                                0.836876464917785
34.25                                             0.847715366538043
34.300000000000004                                0.8577294888933574
34.35                                             0.8669473332704289
34.4                                              0.8753991160932469
34.45                                             0.8831163028249952
34.50000000000001                                 0.8901311902422623
34.550000000000004                                0.8964765365632609
34.6                                              0.9021852385773613
34.65                                             0.9072900527150226
34.7                                              0.9118233529574619
34.75                                             0.9158169321470502
34.8                                              0.919301838307715
34.85                                             0.9223082396249926
34.900000000000006                                0.9248653177100709
34.95                                             0.9270011909677462
35                                                0.9287428501775341
35.050000000000004                                0.9301161192209728
35.1                                              0.9311456314748423
35.15                                             0.9318548469601025
35.199999999999996                                0.9322659851881024
35.24999999999999                                 0.9324001117884528
35.3                                              0.9322771296861451
35.35                                             0.931915798471351
35.4                                              0.9313337758018373
35.449999999999996                                0.9305476516174741
35.5                                              0.9295729873714997
35.550000000000004                                0.9284243574372584
35.6                                              0.9271153919667624
35.65                                             0.9256588205853927
35.7                                              0.9240665164083818
35.75                                             0.9223495399540564
35.8                                              0.9205181826056906
35.849999999999994                                0.9185820093415248
35.9                                              0.9165499005093813
35.95                                             0.9144300924717785
36                                                0.9122302169886535
36.05                                             0.9099573392403335
36.1                                              0.9076179944220409
36.150000000000006                                0.9052182228660477
36.2                                              0.902763603667157
36.25                                             0.9002592868034237
36.3                                              0.897710023757475
36.35                                             0.8951201966539815
36.4                                              0.8924938459369153
36.449999999999996                                0.8898346966170798
36.5                                              0.887146183124467
36.550000000000004                                0.8844314728037997
36.6                                              0.8816934880934545
36.65                                             0.878934927429366
36.7                                              0.8761582849158313
36.75000000000001                                 0.8733658688049902
36.800000000000004                                0.8705598188265471
36.849999999999994                                0.8677421224097058
36.9                                              0.8649146298399629
36.95                                             0.8620790683960929
37                                                0.8592370555106573
37.05                                             0.8563901109907376
37.1                                              0.8535396683232932
37.150000000000006                                0.8506870850847553
37.2                                              0.8478336524836426
37.25                                             0.8449806040777906
37.300000000000004                                0.8421291237110378
37.35                                             0.8392803527079274
37.4                                              0.8364353963536214
37.449999999999996                                0.833595329637724
37.49999999999999                                 0.8307612042357048
37.55                                             0.8279340429144231
37.6                                              0.825114859137396
37.65                                             0.822304654900489
37.699999999999996                                0.8195044138142694
37.75                                             0.8167151154409006
37.800000000000004                                0.813937731296779
37.85                                             0.8111732300737842
37.9                                              0.8084225576216381
37.95                                             0.8056866795276139
38                                                0.8029665408766543
38.05                                             0.8002630834514409
38.099999999999994                                0.7975772421143216
38.15                                             0.7949099434426208
38.2                                              0.7922621040539329
38.25                                             0.7896346286209067
38.3                                              0.7870284078156337
38.35                                             0.7844443159442849
38.400000000000006                                0.7818832083571001
38.45                                             0.7793459187006614
38.5                                              0.776833256035849
38.55                                             0.7743460018238436
38.6                                              0.771884906771128
38.65                                             0.7694506876294708
38.699999999999996                                0.7670440240274838
38.75                                             0.7646655552706119
38.800000000000004                                0.7623158771230822
38.85                                             0.7599955386314604
38.9                                              0.7577050390238542
38.95                                             0.755444824706643
39.00000000000001                                 0.753215286382328
39.050000000000004                                0.7510167563095351
39.099999999999994                                0.7488495057255016
39.15                                             0.7467137424509583
39.2                                              0.7446096087005524
39.25                                             0.7425371791259603
39.3                                              0.740496459116101
39.35                                             0.7384873833689934
39.400000000000006                                0.7365098147464965
39.45                                             0.7345635434219906
39.5                                              0.7326482863343252
39.550000000000004                                0.7307636869599635
39.6                                              0.7289093154136936
39.65                                             0.7270846688871346
39.699999999999996                                0.7252891724339482
39.75                                             0.7235221801123551
39.8                                              0.7217829764854288
39.85                                             0.7200707784620081
39.9                                              0.7183847374658208
39.949999999999996                                0.716723941946199
40                                                0.7150874202428075
40.050000000000004                                0.7134741437928145
40.1                                              0.7118830306634882
40.15                                             0.7103129493996586
40.2                                              0.7087627231855971
40.25                                             0.7072311343087075
40.3                                              0.705716928826696
40.349999999999994                                0.7042188212867388
40.4                                              0.7027354997560318
40.45                                             0.7012656314324499
40.5                                              0.6998078683472166
40.55                                             0.6983608529878348
40.6                                              0.6969232240392168
40.650000000000006                                0.6954936222910001
40.7                                              0.6940706968616932
40.75                                             0.6926531119578636
40.8                                              0.6912395517998056
40.85                                             0.6898287254279047
40.9                                              0.688419374916743
40.949999999999996                                0.6870102812625491
41                                                0.6856002697272925
41.050000000000004                                0.6841882150377477
41.1                                              0.682773049041683
41.15                                             0.6813537632223866
41.2                                              0.6799294150075091
41.25000000000001                                 0.6784991335555737
41.300000000000004                                0.6770621178008561
41.349999999999994                                0.6756176617320491
41.4                                              0.6741651282770967
41.45                                             0.6727039711341796
41.5                                              0.6712337384520828
41.55                                             0.6697540690987889
41.6                                              0.6682646982781737
41.650000000000006                                0.6667654589339691
41.7                                              0.6652562832025181
41.75                                             0.6637372033964254
41.800000000000004                                0.6622083524992066
41.85                                             0.660669964160144
41.9                                              0.6591223721812177
41.949999999999996                                0.6575660094928428
42                                                0.656001406615234
42.050000000000004                                0.6544291896072066
42.1                                              0.6528500775056703
42.15                                             0.6512648792618214
42.199999999999996                                0.6496744901832516
42.25                                             0.6480798878938703
42.300000000000004                                0.6464821278260202
42.35                                             0.644882338262803
42.4                                              0.6432817149501722
42.45                                             0.6416815153022939
42.5                                              0.640083052224441
42.55                                             0.6384876875821747
42.599999999999994                                0.6368968253454685
42.65                                             0.6353119044410023
42.7                                              0.6337343913452544
42.75                                             0.6321657724550811
42.8                                              0.6306075462723365
42.85                                             0.6290612154414773
42.900000000000006                                0.6275282786794445
42.95                                             0.6260102226394141
43                                                0.6245085137485725
43.05                                             0.6230245900633103
43.1                                              0.6215598531830204
43.15                                             0.6201156602656417
43.199999999999996                                0.6186933161862632
43.25                                             0.6172940658807581
43.300000000000004                                0.6159190869154212
43.35                                             0.6145694823222286
43.4                                              0.6132462737400579
43.45                                             0.6119503948998632
43.50000000000001                                 0.610682685492392
43.550000000000004                                0.6094438854523269
43.599999999999994                                0.608234629692528
43.65                                             0.6070554433185433
43.7                                              0.6059067373527111
43.75                                             0.6047888049980132
43.8                                              0.6037018184822881
43.85                                             0.6026458266564649
43.900000000000006                                0.6016207328231368
43.95                                             0.6006263876636027
44                                                0.5996624083313031
44.050000000000004                                0.598728353019184
44.1                                              0.5978236309222201
44.15                                             0.5969475319138567
44.199999999999996                                0.5960992186439907
44.25                                             0.5952777322577681
44.300000000000004                                0.594481997745834
44.35                                             0.593710823165521
44.4                                              0.5929629063577787
44.449999999999996                                0.5922368413096478
44.5                                              0.5915311226575021
44.550000000000004                                0.5908441522427805
44.6                                              0.590174246017223
44.65                                             0.5895196410407759
44.7                                              0.5888785036381163
44.75                                             0.5882489381770204
44.8                                              0.5876289957283923
44.849999999999994                                0.5870166832482545
44.9                                              0.5864099732051464
44.95                                             0.5858068135262012
45                                                0.5852051378069696
45.05                                             0.5846028757387043
45.1                                              0.583997963706943
45.150000000000006                                0.5833883555074553
45.2                                              0.5827720331205333
45.25                                             0.5821470174912189
45.3                                              0.5815113792629478
45.35                                             0.5808632494051166
45.4                                              0.5802008296748564
45.449999999999996                                0.5795224028549645
45.5                                              0.5788263427070057
45.550000000000004                                0.5781111235800269
45.6                                              0.5773753296095776
45.65                                             0.5766176634457523
45.7                                              0.5758369544555231
45.75000000000001                                 0.5750321663611127
45.800000000000004                                0.5742024042860085
45.849999999999994                                0.5733469211678794
45.9                                              0.572465123481625
45.95                                             0.5715565762101109
46                                                0.570621007013896
46.05                                             0.5696583095652267
46.1                                              0.5686685460207572
46.150000000000006                                0.5676519486115427
46.2                                              0.5666089203297106
46.25                                             0.5655400346965488
46.300000000000004                                0.5644460346058018
46.35                                             0.5633278302478512
46.4                                              0.5621864961202917
46.449999999999996                                0.5610232670996368
46.5                                              0.5598395335215913
46.550000000000004                                0.5586368352652579
46.6                                              0.5574168549219629
46.65                                             0.5561814101219585
46.7                                              0.5549324450343468
46.75000000000001                                 0.5536720210376946
46.800000000000004                                0.5524023065793878
46.85                                             0.5511255662607905
46.9                                              0.5498441491868172
46.95                                             0.5485604766171033
47                                                0.547277028997178
47.05                                             0.5459963325448904
47.099999999999994                                0.5447209454626498
47.15                                             0.5434534435582832
47.2                                              0.5421964053307249
47.25                                             0.5409523968444976
47.3                                              0.5397239564736981
47.35                                             0.5385135795090373
47.400000000000006                                0.5373237028011248
47.45                                             0.5361566903348902
47.5                                              0.5350148208603211
47.55                                             0.5339002697902825
47.6                                              0.5328150866998907
47.65                                             0.5317611890541533
47.699999999999996                                0.5307403515915985
47.75                                             0.5297541907724365
47.800000000000004                                0.5288041511240882
47.85                                             0.5278914895863576
47.9                                              0.527017276221135
47.95                                             0.5261823891142037
48.00000000000001                                 0.5253874757349993
48.050000000000004                                0.5246329698716553
48.099999999999994                                0.5239190773126818
48.15                                             0.5232458096173466
48.2                                              0.5226128921863731
48.25                                             0.5220197891676464
48.3                                              0.5214658886516945
48.35                                             0.5209501703328299
48.400000000000006                                0.520471459419165
48.45                                             0.5200283448241731
48.5                                              0.519619193220414
48.550000000000004                                0.5192421568846526
48.6                                              0.518895182579951
48.65                                             0.5185760218436668
48.699999999999996                                0.5182822427002585
48.74999999999999                                 0.5180112427575843
48.800000000000004                                0.5177602636241586
48.85                                             0.5175264065714507
48.9                                              0.5173066493522466
48.949999999999996                                0.5170978640771342
49.00000000000001                                 0.5168968360411965
49.050000000000004                                0.5167002833839615
49.1                                              0.5165048774594175
49.15                                             0.5163072637846238
49.2                                              0.5161040834314851
49.25                                             0.5158919947203413
49.3                                              0.515667695070588
49.349999999999994                                0.5154279428615556
49.400000000000006                                0.5151695791544516
49.45                                             0.5148895491258183
49.5                                              0.5145849230641415
49.55                                             0.5142529167812201
49.60000000000001                                 0.5138909112934604
49.650000000000006                                0.5134964716309842
49.7                                              0.5130673646364787
49.75                                             0.5126015756205528
49.800000000000004                                0.5120973237465561
49.85                                             0.5115530760238728
49.9                                              0.5109675597959497
49.949999999999996                                0.5103397736181177
50.00000000000001                                 0.5096689964278246
