20                                                0.2932231526612332
20.05                                             0.29298427466320215
20.1                                              0.2927460898395472
20.15                                             0.2925086076817038
20.2                                              0.2922718332355253
20.25                                             0.29203576688349603
20.3                                              0.29180040413979125
20.35                                             0.2915657354550115
20.4                                              0.29133174602843737
20.45                                             0.29109841563226463
20.5                                              0.2908657184624901
20.55                                             0.2906336230288332
20.6                                              0.2904020920831756
20.650000000000002                                0.2901710825803063
20.7                                              0.28994054567530275
20.75                                             0.28971042686397463
20.8                                              0.2894806645910633
20.85                                             0.2892511955250901
20.900000000000002                                0.2890219451650174
20.95                                             0.2887928383087257
21                                                0.2885637930513016
21.05                                             0.2883347255401003
21.099999999999998                                0.2881055307420367
21.150000000000002                                0.287876130538505
21.2                                              0.28764641833222043
21.249999999999996                                0.2874162917576203
21.299999999999997                                0.2871856454214201
21.349999999999998                                0.28695437151902137
21.4                                              0.28672236047284083
21.45                                             0.28648950143236485
21.5                                              0.28625568286729774
21.549999999999997                                0.2860207931889935
21.599999999999998                                0.28578472135903576
21.65                                             0.28554735749682403
21.7                                              0.28530859347130444
21.75                                             0.2850683234718578
21.799999999999997                                0.2848264445757391
21.849999999999998                                0.2845828572824882
21.9                                              0.28433746599346366
21.95                                             0.2840901794370084
22                                                0.28384091103129494
22.05                                             0.2835895791737298
22.099999999999998                                0.28333610744713367
22.15                                             0.2830804247285551
22.2                                              0.282822465189466
22.25                                             0.2825621681820093
22.3                                              0.28229947801434946
22.35                                             0.2820343436132635
22.4                                              0.2817667180647704
22.45                                             0.2814965580245927
22.5                                              0.28122382299855964
22.55                                             0.280948474495331
22.6                                              0.2806704750525099
22.65                                             0.28038978713012536
22.7                                              0.2801063718752796
22.75                                             0.27982018781398865
22.8                                              0.2795311895314379
22.85                                             0.27923932629917403
22.900000000000002                                0.27894454060237195
22.95                                             0.278646766625198
23                                                0.2783459287570962
23.05                                             0.2780419401458124
23.1                                              0.27773470133852113
23.150000000000002                                0.2774240991089643
23.2                                              0.2771100054460154
23.25                                             0.27679227648555454
23.3                                              0.2764707517079059
23.349999999999998                                0.2761452535776657
23.400000000000002                                0.27581558742921436
23.45                                             0.27548154157467847
23.5                                              0.27514288764920597
23.549999999999997                                0.2747993820396708
23.6                                              0.2744507672820078
23.65                                             0.27409677302850666
23.700000000000003                                0.27373711889825775
23.75                                             0.27337150996691
23.799999999999997                                0.27299966789925745
23.849999999999998                                0.27262128839162253
23.9                                              0.2722360806426702
23.95                                             0.2718437635317618
24                                                0.2714440566239595
24.049999999999997                                0.2710367116189847
24.099999999999998                                0.27062148623092985
24.15                                             0.2701981732701563
24.2                                              0.26976659338214565
24.25                                             0.26932660361538124
24.3                                              0.268878101691245
24.349999999999998                                0.26842103030570375
24.4                                              0.26795538098713395
24.45                                             0.2674811973603803
24.5                                              0.2669985776809214
24.55                                             0.26650767650977913
24.6                                              0.26600870540428984
24.65                                             0.2655019325102458
24.7                                              0.26498768094955677
24.75                                             0.26446632591338826
24.8                                              0.26393829038991945
24.85                                             0.26340403947929025
24.9                                              0.262864073277644
24.95                                             0.26231891834407556
25                                                0.2617691178006821
25.05                                             0.26121522015606985
25.1                                              0.2606577669867773
25.150000000000002                                0.2600972796559823
25.2                                              0.25953424529969643
25.25                                             0.2589691023554937
25.3                                              0.25840222596176654
25.35                                             0.2578339135971951
25.400000000000002                                0.25726437137381064
25.45                                             0.2566937014308808
25.5                                              0.2561218909024808
25.55                                             0.25554880294689974
25.599999999999998                                0.25497417032910447
25.650000000000002                                0.25439759203771223
25.7                                              0.253818533389033
25.75                                             0.25323633001818274
25.799999999999997                                0.25265019607638384
25.85                                             0.25205923686316795
25.9                                              0.2514624660185303
25.950000000000003                                0.25085882729153935
26                                                0.25024722080136186
26.05                                             0.24962653390506231
26.099999999999998                                0.24899567293613167
26.15                                             0.24835360560722114
26.2                                              0.24769938764621627
26.25                                             0.24703221661164468
26.299999999999997                                0.24635146706620642
26.349999999999998                                0.24565672762904767
26.4                                              0.24494784542922832
26.45                                             0.2442249527259303
26.5                                              0.24348848648427723
26.55                                             0.24273922301767456
26.599999999999998                                0.2419782823055724
26.65                                             0.24120713079414668
26.7                                              0.24042757214875884
26.75                                             0.23964172572209316
26.8                                              0.23885199180913655
26.85                                             0.23806100316666576
26.9                                              0.23727156262199478
26.95                                             0.23648656701025608
27                                                0.23570891822532256
27.05                                             0.23494142278059527
27.1                                              0.23418668192794015
27.15                                             0.23344697512700222
27.2                                              0.23272414046273032
27.25                                             0.23201945636305227
27.3                                              0.231333529696465
27.35                                             0.23066619596199492
27.400000000000002                                0.2300164377403166
27.45                                             0.22938232778216597
27.5                                              0.22876100300976462
27.55                                             0.22814867522104995
27.6                                              0.22754068335454133
27.65                                             0.22693159077379757
27.7                                              0.22631532920132194
27.749999999999996                                0.22568538873439448
27.8                                              0.22503505089376297
27.849999999999998                                0.22435765902419008
27.900000000000002                                0.2236469177350092
27.95                                             0.22289721062214302
28                                                0.22210392340205828
28.049999999999997                                0.22126375794691108
28.1                                              0.2203750215657372
28.15                                             0.21943787525889
28.200000000000003                                0.2184545247012939
28.25                                             0.21742933831015673
28.3                                              0.2163688776287752
28.349999999999998                                0.21528182648049793
28.400000000000002                                0.21417880707980497
28.45                                             0.21307207359614508
28.500000000000004                                0.21197507668847435
28.549999999999997                                0.21090189656747593
28.6                                              0.20986654832898177
28.65                                             0.20888217194789085
28.700000000000003                                0.20796012847389878
28.75                                             0.20710903702531122
28.8                                              0.20633380336628698
28.849999999999998                                0.20563470665636352
28.899999999999995                                0.20500662650924625
28.95                                             0.20443850617401463
29.000000000000004                                0.20391314360561472
29.05                                             0.20340740348142794
29.099999999999998                                0.20289292687427138
29.15                                             0.20233736162865693
29.200000000000003                                0.20170614304225043
29.25                                             0.20096464868927352
29.299999999999997                                0.20008076457884552
29.35                                             0.19902755741341138
29.400000000000002                                0.19778592196535633
29.45                                             0.19634694978187703
29.499999999999996                                0.19471388591711564
29.55                                             0.19290342354468998
29.600000000000005                                0.190946255355557
29.650000000000002                                0.1888867382209774
29.699999999999996                                0.18678157804279918
29.75                                             0.18469742307693146
29.800000000000004                                0.18270724007420971
29.85                                             0.1808853393323491
29.9                                              0.1793009493298357
29.95                                             0.1780103648966996
29.999999999999996                                0.17704795517775318
30.05                                             0.17641675218724964
30.099999999999998                                0.17607992689662166
30.150000000000002                                0.17595507709341054
30.2                                              0.1759136508395812
30.25                                             0.17578767017465358
30.299999999999997                                0.17538491272080217
30.35                                             0.17451184969687641
30.4                                              0.17300139507277348
30.450000000000003                                0.17074076856158513
30.5                                              0.1676943904338148
30.55                                             0.1639180203033359
30.599999999999998                                0.15956276801188327
30.650000000000002                                0.15486994272903698
30.7                                              0.1501587165988056
30.750000000000004                                0.14580746925132654
30.799999999999997                                0.14222627209602304
30.85                                             0.13981278259730007
30.9                                              0.13887881391919663
30.950000000000003                                0.1395355822718471
31                                                0.14154359203295755
31.05                                             0.14418079477786958
31.099999999999998                                0.14624756929324928
31.149999999999995                                0.14633429116425428
31.2                                              0.14332877131100616
31.250000000000004                                0.13689954527458686
31.3                                              0.12764282430781396
31.349999999999998                                0.11685712955997549
31.4                                              0.10621223863581056
31.450000000000003                                0.0976075325187605
31.5                                              0.09332920941551856
31.549999999999997                                0.0962200247717776
31.6                                              0.10808992662610666
31.650000000000002                                0.12227013539505799
31.7                                              0.12081899841377124
31.749999999999996                                0.10140297142338203
31.8                                              0.07939054477330676
31.850000000000005                                0.06304932604712965
31.900000000000002                                0.06654805029193102
31.949999999999996                                0.07232300877453793
32                                                0.05526012081101365
32.050000000000004                                0.05403973877450053
32.1                                              0.05712285455355392
32.15                                             0.06300888075145876
32.2                                              0.07119413000679685
32.25                                             0.0814232662443239
32.300000000000004                                0.09353260269804937
32.35                                             0.10739844886650872
32.4                                              0.12291490062698464
32.449999999999996                                0.13998265579036828
32.5                                              0.1585028802690086
32.55                                             0.17837376044356318
32.6                                              0.19948865999690937
32.65                                             0.22173532628745482
32.7                                              0.24499583075230386
32.75                                             0.26914704436839043
32.800000000000004                                0.2940615089218694
32.85                                             0.31960859652703927
32.9                                              0.34565586756966443
32.949999999999996                                0.372070548399045
33                                                0.3987210584881471
33.05                                             0.42547852443676054
33.1                                              0.452218226130887
33.15                                             0.47882092896334777
33.2                                              0.5051740652587937
33.25                                             0.5311727376409895
33.300000000000004                                0.5567205266888876
33.35                                             0.581730094429482
33.4                                              0.6061235836425607
33.45                                             0.6298328203070901
33.5                                              0.6527993325776902
33.55                                             0.6749742043335086
33.599999999999994                                0.6963177845685163
33.65                                             0.7167992757610171
33.7                                              0.7363962250154698
33.75                                             0.7550939413906116
33.8                                              0.7728848616052624
33.85                                             0.7897678844411706
33.900000000000006                                0.8057476918833326
33.95                                             0.8208340725593903
34                                                0.8350412604516615
34.05                                             0.8483872992978121
34.1                                              0.8608934406764879
34.15                                             0.8725835815722705
34.199999999999996                                0.8834837452203518
34.25                                             0.8936216073090395
34.300000000000004                                0.903026068382344
34.35                                             0.911726872174097
34.4                                              0.9197542683084006
34.45                                             0.9271387172925111
34.50000000000001                                 0.9339106354142513
34.550000000000004                                0.9401001768000962
34.6                                              0.9457370499955182
34.65                                             0.9508503651205703
34.7                                              0.9554685066785319
34.75                                             0.959619034891886
34.8                                              0.9633286084123345
34.85                                             0.9666229249578143
34.900000000000006                                0.9695266792451602
34.95                                             0.9720635358204334
35                                                0.9742561139640882
35.050000000000004                                0.9761259838017303
35.1                                              0.9776936681853867
35.15                                             0.9789786656218243
35.199999999999996                                0.9799994413924604
35.24999999999999                                 0.9807735111221458
35.3                                              0.9813173662656433
35.35                                             0.9816466056145354
35.4                                              0.9817759140488005
35.449999999999996                                0.9817191081781087
35.5                                              0.9814891712169029
35.550000000000004                                0.9810982886286643
35.6                                              0.980557884049755
35.65                                             0.979878655165874
35.7                                              0.9790706092796768
35.75                                             0.9781430983589464
35.8                                              0.9771048533972443
35.849999999999994                                0.9759640179554696
35.9                                              0.9747281807831918
35.95                                             0.9734044074442123
36                                                0.9719992708921346
36.05                                             0.9705188809596776
36.1                                              0.9689689127399675
36.150000000000006                                0.9673546338504885
36.2                                              0.9656809305796433
36.25                                             0.9639523329238555
36.3                                              0.9621730385290099
36.35                                             0.9603469355549187
36.4                                              0.9584776244847248
36.449999999999996                                0.9565684389041426
36.5                                              0.9546224652767836
36.550000000000004                                0.9526425617430055
36.6                                              0.9506313759703977
36.65                                             0.9485913620833222
36.7                                              0.9465247966993598
36.75000000000001                                 0.9444337940991024
36.800000000000004                                0.9423203205555473
36.849999999999994                                0.9401862078492841
36.9                                              0.9380331659969686
36.95                                             0.9358627952214974
37                                                0.933676597192723
37.05                                             0.9314759855602869
37.1                                              0.9292622957909001
37.150000000000006                                0.9270367943167876
37.2                                              0.924800687009911
37.25                                             0.9225551270085672
37.300000000000004                                0.9203012219274732
37.35                                             0.9180400404785944
37.4                                              0.9157726185218102
37.449999999999996                                0.9134999645573711
37.49999999999999                                 0.9112230617525209
37.55                                             0.908942884201405
37.6                                              0.9066603777504257
37.65                                             0.9043764864280025
37.699999999999996                                0.9020921451489957
37.75                                             0.8998082835522785
37.800000000000004                                0.8975258270549967
37.85                                             0.8952457011595224
37.9                                              0.8929688161336707
37.95                                             0.890696103940286
38                                                0.8884284823989264
38.05                                             0.8861668719552764
38.099999999999994                                0.8839121925961251
38.15                                             0.8816653630009041
38.2                                              0.8794272994623843
38.25                                             0.8771989145288731
38.3                                              0.8749811154343171
38.35                                             0.8727748022622759
38.400000000000006                                0.8705808658845878
38.45                                             0.8684001857082739
38.5                                              0.8662336272513246
38.55                                             0.8640820395503117
38.6                                              0.8619462524069351
38.65                                             0.8598270735525726
38.699999999999996                                0.8577252857695093
38.75                                             0.8556416439281199
38.800000000000004                                0.8535768719661497
38.85                                             0.8515316598573269
38.9                                              0.8495066605962707
38.95                                             0.8475024872206212
39.00000000000001                                 0.8455197098918054
39.050000000000004                                0.8435588530539792
39.099999999999994                                0.8416203926889639
39.15                                             0.8397047536877656
39.2                                              0.8378123073645308
39.25                                             0.8359433691403939
39.3                                              0.8340981964181717
39.35                                             0.8322769866636107
39.400000000000006                                0.8304798757063531
39.45                                             0.8287069362737565
39.5                                              0.8269581767721266
39.550000000000004                                0.8252335403298744
39.6                                              0.8235329041169168
39.65                                             0.8218560789540339
39.699999999999996                                0.8202028092272169
39.75                                             0.8185727731166345
39.8                                              0.8169655831312794
39.85                                             0.8153807869288422
39.9                                              0.8138178684302758
39.949999999999996                                0.8122762492701665
40                                                0.8107552905953403
40.050000000000004                                0.8092542951887294
40.1                                              0.8077725099022489
40.15                                             0.8063091283990035
40.2                                              0.8048632942085671
40.25                                             0.8034341040604985
40.3                                              0.8020206113426737
40.349999999999994                                0.8006218296227585
40.4                                              0.7992367367718823
40.45                                             0.7978642797539508
40.5                                              0.7965033792483577
40.55                                             0.7951529341661802
40.6                                              0.7938118264110651
40.650000000000006                                0.7924789258747182
40.7                                              0.7911530958484322
40.75                                             0.7898331994696415
40.8                                              0.7885181040502736
40.85                                             0.7872066837937137
40.9                                              0.7858978281143599
40.949999999999996                                0.7845904475851372
41                                                0.7832834785440203
41.050000000000004                                0.7819758874020052
41.1                                              0.7806666785243134
41.15                                             0.7793548997803332
41.2                                              0.7780396411668375
41.25000000000001                                 0.7767200444649333
41.300000000000004                                0.7753953134823782
41.349999999999994                                0.7740647072462723
41.4                                              0.772727556207063
41.45                                             0.7713832363117211
41.5                                              0.7700312291613586
41.55                                             0.7686710733312723
41.6                                              0.7673023892768245
41.650000000000006                                0.7659248789046269
41.7                                              0.7645383276706688
41.75                                             0.7631426063829736
41.800000000000004                                0.7617376726045005
41.85                                             0.7603235716306759
41.9                                              0.7589004370267021
41.949999999999996                                0.7574684907151841
42                                                0.7560280426064888
42.050000000000004                                0.7545794897670438
42.1                                              0.7531233151234792
42.15                                             0.7516600857025291
42.199999999999996                                0.7501904504094637
42.25                                             0.7487151373499159
42.300000000000004                                0.7472349507032783
42.35                                             0.745750767157918
42.4                                              0.7442635319210913
42.45                                             0.7427742543192261
42.5                                              0.741284003006485
42.55                                             0.7397939008017582
42.599999999999994                                0.7383051191770903
42.65                                             0.7368188724219761
42.7                                              0.7353364115108318
42.75                                             0.7338590177020998
42.8                                              0.732387995900094
42.85                                             0.730924667811755
42.900000000000006                                0.7294703649320345
42.95                                             0.7280264213932439
43                                                0.7265941667147422
43.05                                             0.7251749184900387
43.1                                              0.7237699750494269
43.15                                             0.7223806081366073
43.199999999999996                                0.7210080556380768
43.25                                             0.7196535144035524
43.300000000000004                                0.7183181331959978
43.35                                             0.7170030058094834
43.4                                              0.7157091643931188
43.45                                             0.7144375730201903
43.50000000000001                                 0.7131891215396094
43.550000000000004                                0.7119646197456893
43.599999999999994                                0.7107647918992789
43.65                                             0.7095902716310823
43.7                                              0.7084415972573497
43.75                                             0.7073192075364302
43.8                                              0.7062234378926844
43.85                                             0.7051545171221315
43.900000000000006                                0.7041125670044341
43.95                                             0.7030975890602791
44                                                0.7021094815994082
44.050000000000004                                0.7011480308640823
44.1                                              0.7002128961202557
44.15                                             0.6993036286519559
44.199999999999996                                0.6984196656684895
44.25                                             0.6975603315949707
44.300000000000004                                0.6967248405439405
44.35                                             0.695912297099798
44.4                                              0.695121700636539
44.449999999999996                                0.6943519501824947
44.5                                              0.6936018473524802
44.550000000000004                                0.6928701015457077
44.6                                              0.6921553354783408
44.65                                             0.6914560911699513
44.7                                              0.6907708363157928
44.75                                             0.690097971329775
44.8                                              0.6894358368311941
44.849999999999994                                0.6887827214984807
44.9                                              0.688136870320176
44.95                                             0.687496493208933
45                                                0.6868597739334611
45.05                                             0.6862248793039314
45.1                                              0.6855899685391772
45.150000000000006                                0.684953202824253
45.2                                              0.6843127550626511
45.25                                             0.6836668197038585
45.3                                              0.6830136225611394
45.35                                             0.6823514305934028
45.4                                              0.6816785616107357
45.449999999999996                                0.6809933938480289
45.5                                              0.680294375348408
45.550000000000004                                0.6795800330976748
45.6                                              0.6788489818525116
45.65                                             0.6780999326064753
45.7                                              0.6773317006459622
45.75000000000001                                 0.6765432131535588
45.800000000000004                                0.67573351631746
45.849999999999994                                0.6749017819004122
45.9                                              0.6740473132164722
45.95                                             0.6731695504631872
46                                                0.6722680753654444
46.05                                             0.6713426150951105
46.1                                              0.6703930454378488
46.150000000000006                                0.6694193931814563
46.2                                              0.6684218377042003
46.25                                             0.6674007117476626
46.300000000000004                                0.6663565013674764
46.35                                             0.6652898450573136
46.4                                              0.6642015320225365
46.449999999999996                                0.6630924995457776
46.5                                              0.6619638294048322
46.550000000000004                                0.6608167434024436
46.6                                              0.6596525981132104
46.65                                             0.6584728788762771
46.7                                              0.6572791929969605
46.75000000000001                                 0.6560732621431903
46.800000000000004                                0.6548569139681435
46.85                                             0.6536320730112645
46.9                                              0.6524007509237676
46.95                                             0.651165036007569
47                                                0.649927081942381
47.05                                             0.6486890957458055
47.099999999999994                                0.6474533256677654
47.15                                             0.6462220492598567
47.2                                              0.6449975607058732
47.25                                             0.6437821573271768
47.3                                              0.6425781258590594
47.35                                             0.64138772868734
47.400000000000006                                0.6402131900245434
47.45                                             0.6390566822169501
47.5                                              0.637920312961022
47.55                                             0.636806112153422
47.6                                              0.6357160156034097
47.65                                             0.634651852610068
47.699999999999996                                0.6336153351461332
47.75                                             0.6326080453913414
47.800000000000004                                0.6316314233508347
47.85                                             0.6306867534508847
47.9                                              0.6297751636660371
47.95                                             0.6288976145515557
48.00000000000001                                 0.6280548728804832
48.050000000000004                                0.627247522295441
48.099999999999994                                0.6264759451972801
48.15                                             0.6257403543250908
48.2                                              0.6250407266415698
48.25                                             0.6243768010691051
48.3                                              0.6237482229420273
48.35                                             0.6231543108972026
48.400000000000006                                0.622594227245154
48.45                                             0.6220669229292256
48.5                                              0.6215711468172848
48.550000000000004                                0.6211054512158597
48.6                                              0.6206681984133857
48.65                                             0.6202575685045912
48.699999999999996                                0.6198715685101243
48.74999999999999                                 0.6195080427615477
48.800000000000004                                0.6191646845055342
48.85                                             0.6188390486687648
48.9                                              0.6185285657146945
48.949999999999996                                0.6182305565147413
49.00000000000001                                 0.6179422481467138
49.050000000000004                                0.6176607905265061
49.1                                              0.6173832737715129
49.15                                             0.6171067461867807
49.2                                              0.6168282327605621
49.25                                             0.616544754049917
49.3                                              0.6162533453335662
49.349999999999994                                0.6159510759055299
49.400000000000006                                0.6156350683814436
49.45                                             0.6153025178875391
49.5                                              0.6149507110014397
49.55                                             0.6145770443155136
49.60000000000001                                 0.6141790424926747
49.650000000000006                                0.6137543756885836
49.7                                              0.6133008762146663
49.75                                             0.612816554322376
49.800000000000004                                0.6122996129905066
49.85                                             0.6117484616048475
49.9                                              0.6111617284230286
49.949999999999996                                0.610538271725279
50.00000000000001                                 0.6098771895572757
