20                                                0.2241706470570656
20.05                                             0.22397745879111755
20.1                                              0.2237855067464515
20.15                                             0.22359480189869593
20.2                                              0.22340535080131219
20.25                                             0.22321715542208317
20.3                                              0.223030212987634
20.35                                             0.22284451583253537
20.4                                              0.22266005125860938
20.45                                             0.22247680142142948
20.5                                              0.22229474325691786
20.55                                             0.22211384844463036
20.6                                              0.22193408339176476
20.650000000000002                                0.22175540923304168
20.7                                              0.22157778186726784
20.75                                             0.22140115229505442
20.8                                              0.22122546322385273
20.85                                             0.22105066051592795
20.900000000000002                                0.22087667823656582
20.95                                             0.2207034452569943
21                                                0.22053088929969156
21.05                                             0.22035893095635656
21.099999999999998                                0.22018749041631358
21.150000000000002                                0.22001648441721613
21.2                                              0.21984582112218887
21.249999999999996                                0.21967540966702223
21.299999999999997                                0.21950515596147419
21.349999999999998                                0.2193349637128367
21.4                                              0.21916473475671813
21.45                                             0.21899436954131765
21.5                                              0.21882376763135403
21.549999999999997                                0.2186528281235522
21.599999999999998                                0.21848145008327363
21.65                                             0.2183095329857985
21.7                                              0.21813697714158425
21.75                                             0.21796368407165406
21.799999999999997                                0.2177895568543688
21.849999999999998                                0.21761450046203576
21.9                                              0.21743842204896005
21.95                                             0.2172612311858266
22                                                0.2170828400431436
22.05                                             0.21690316352129124
22.099999999999998                                0.2167221193222852
22.15                                             0.21653962794395828
22.2                                              0.21635561256688804
22.25                                             0.21616999882906943
22.3                                              0.21598271452184534
22.35                                             0.21579368923140363
22.4                                              0.2156028539132467
22.45                                             0.2154101403811062
22.5                                              0.2152154807056027
22.55                                             0.2150188065295539
22.6                                              0.21482004830387977
22.65                                             0.214619134426757
22.7                                              0.21441599026865235
22.75                                             0.21421053716573307
22.8                                              0.21400269151685
22.85                                             0.21379236391574363
22.900000000000002                                0.2135794581847911
22.95                                             0.21336387036729326
23                                                0.21314548777050746
23.05                                             0.21292418808287306
23.1                                              0.21269983858349611
23.150000000000002                                0.2124722955867494
23.2                                              0.2122414041704086
23.25                                             0.21200699771249876
23.3                                              0.21176889752430156
23.349999999999998                                0.21152691301976212
23.400000000000002                                0.21128084211460518
23.45                                             0.21103047179281137
23.5                                              0.21077557921930848
23.549999999999997                                0.21051593326464169
23.6                                              0.2102512947859868
23.65                                             0.20998141898391298
23.700000000000003                                0.20970605770167008
23.75                                             0.20942496172098987
23.799999999999997                                0.20913788666051525
23.849999999999998                                0.2088445849030675
23.9                                              0.20854482390631607
23.95                                             0.20823837839875683
24                                                0.20792504284890795
24.049999999999997                                0.20760462263312068
24.099999999999998                                0.20727694981399913
24.15                                             0.20694188091993962
24.2                                              0.20659930162829476
24.25                                             0.20624912993704828
24.3                                              0.20589131924891615
24.349999999999998                                0.20552586105328066
24.4                                              0.20515278714159912
24.45                                             0.2047721712698787
24.5                                              0.20438413018122195
24.55                                             0.20398882390452366
24.6                                              0.2035864552526381
24.65                                             0.2031772684483554
24.7                                              0.20276154681723757
24.75                                             0.2023396095015502
24.8                                              0.20191180716828072
24.85                                             0.20147851670569109
24.9                                              0.20104013492416062
24.95                                             0.20059707130403964
25                                                0.20014973986036902
25.05                                             0.19969855022554506
25.1                                              0.19924389808209508
25.150000000000002                                0.19878615511271058
25.2                                              0.19832565866628293
25.25                                             0.19786270137392545
25.3                                              0.1973975209787747
25.35                                             0.19693029067253848
25.400000000000002                                0.19646111025553822
25.45                                             0.19598999845348658
25.5                                              0.19551688673438744
25.55                                             0.19504161496795133
25.599999999999998                                0.19456392926265537
25.650000000000002                                0.19408348229596142
25.7                                              0.1935998364230016
25.75                                             0.19311246979039004
25.799999999999997                                0.1926207856077813
25.85                                             0.19212412465008183
25.9                                              0.19162178098279478
25.950000000000003                                0.19111302082243195
26                                                0.19059710438947355
26.05                                             0.1900733112565424
26.099999999999998                                0.18954096082748498
26.15                                             0.18899945493848527
26.2                                              0.1884482834912642
26.25                                             0.18788707204713626
26.299999999999997                                0.1873156049174189
26.349999999999998                                0.1867338466779036
26.4                                              0.18614198175367683
26.45                                             0.18554040086335785
26.5                                              0.18492974648491578
26.55                                             0.18431090799065747
26.599999999999998                                0.18368502419615523
26.65                                             0.18305347716153925
26.7                                              0.18241787682507477
26.75                                             0.18178003658835853
26.8                                              0.1811419392094428
26.85                                             0.18050569279632422
26.9                                              0.17987347719803792
26.95                                             0.1792474812652437
27                                                0.17862983189022655
27.05                                             0.17802251622332688
27.1                                              0.17742729890846518
27.15                                             0.17684563670903294
27.2                                              0.17627859353430333
27.25                                             0.17572675934639398
27.3                                              0.17519017686988508
27.35                                             0.1746682804040028
27.400000000000002                                0.1741598512416457
27.45                                             0.17366299418703907
27.5                                              0.17317513938070517
27.55                                             0.1726930730697541
27.6                                              0.17221300008235435
27.65                                             0.17173063957626136
27.7                                              0.17124135411766636
27.749999999999996                                0.17074031036452525
27.8                                              0.17022266771584543
27.849999999999998                                0.16968378937430434
27.900000000000002                                0.16911946846528705
27.95                                             0.16852616025866904
28                                                0.16790121025484941
28.049999999999997                                0.167243067005193
28.1                                              0.16655146813362975
28.15                                             0.16582758815633536
28.200000000000003                                0.16507413708413496
28.25                                             0.1642953993153586
28.3                                              0.16349720333390552
28.349999999999998                                0.16268681409311855
28.400000000000002                                0.161872741474048
28.45                                             0.1610644600163392
28.500000000000004                                0.1602720374950805
28.549999999999997                                0.15950567347346656
28.6                                              0.15877515422758814
28.65                                             0.15808923545102135
28.700000000000003                                0.15745497159140034
28.75                                             0.1568770225655851
28.8                                              0.1563569790618991
28.849999999999998                                0.1558927584653665
28.899999999999995                                0.15547813522249773
28.95                                             0.15510247750249376
29.000000000000004                                0.15475074647145792
29.05                                             0.15440383199487315
29.099999999999998                                0.15403926745646132
29.15                                             0.15363232007568384
29.200000000000003                                0.1531574570497481
29.25                                             0.15259005395190256
29.299999999999997                                0.15190831900561286
29.35                                             0.1510952423553412
29.400000000000002                                0.15014040422259448
29.45                                             0.1490415472954138
29.499999999999996                                0.14780569753753492
29.55                                             0.14644979905282232
29.600000000000005                                0.14500075658493938
29.650000000000002                                0.14349481304426218
29.699999999999996                                0.14197622923270323
29.75                                             0.14049519427319715
29.800000000000004                                0.13910488839986634
29.85                                             0.13785761023737286
29.9                                              0.13679990951797025
29.95                                             0.13596676833020074
29.999999999999996                                0.13537508755742525
30.05                                             0.13501708163361098
30.099999999999998                                0.13485463843262452
30.150000000000002                                0.13481615234409605
30.2                                              0.13479757536535922
30.25                                             0.13466918008008402
30.299999999999997                                0.1342885886261432
30.35                                             0.13351906048335438
30.4                                              0.13225031358648162
30.450000000000003                                0.13041802770991998
30.5                                              0.1280182865095911
30.55                                             0.12511463117654137
30.599999999999998                                0.1218374871975535
30.650000000000002                                0.1183774491171053
30.7                                              0.11497436064831344
30.750000000000004                                0.1119028717571551
30.799999999999997                                0.10945221922020658
30.85                                             0.107893841429206
30.9                                              0.10742667510345769
30.950000000000003                                0.10809112653131545
31                                                0.10965819484379395
31.05                                             0.11153966901682046
31.099999999999998                                0.11281527147314198
31.149999999999995                                0.11246669721737958
31.2                                              0.10977305196845465
31.250000000000004                                0.10463776673907974
31.3                                              0.09762590272385566
31.349999999999998                                0.08974100705926981
31.4                                              0.08217584793265915
31.450000000000003                                0.07624141604678374
31.5                                              0.07352341069122655
31.549999999999997                                0.07602782784612995
31.6                                              0.08491050495688829
31.650000000000002                                0.09468157491073895
31.7                                              0.09218939804305303
31.749999999999996                                0.07750479514295733
31.8                                              0.062005087094695994
31.850000000000005                                0.05081785667967381
31.900000000000002                                0.054019774671077346
31.949999999999996                                0.05645401834211574
32                                                0.04491696280931706
32.050000000000004                                0.043933716766056126
32.1                                              0.04584372128990463
32.15                                             0.04967423257807872
32.2                                              0.05511776252531539
32.25                                             0.062034401748535216
32.300000000000004                                0.07034738917944419
32.35                                             0.08000840766659433
32.4                                              0.09098232547046217
32.449999999999996                                0.10323913956424673
32.5                                              0.11674915968526038
32.55                                             0.1314798802222587
32.6                                              0.1473938461492383
32.65                                             0.16444717499085432
32.7                                              0.1825885608437229
32.75                                             0.20175866732123118
32.800000000000004                                0.22188985711905918
32.85                                             0.24290622616354035
32.9                                              0.264723918888153
32.949999999999996                                0.28725170292749547
33                                                0.310391779326394
33.05                                             0.33404080006812215
33.1                                              0.3580910596075482
33.15                                             0.3824318221519563
33.2                                              0.40695074238983814
33.25                                             0.4315353347690462
33.300000000000004                                0.45607444563817595
33.35                                             0.48045968374260917
33.4                                              0.5045867677037645
33.45                                             0.5283567539897404
33.5                                              0.551677115202377
33.55                                             0.5744626458091948
33.599999999999994                                0.5966361803084475
33.65                                             0.618129116719263
33.7                                              0.6388817457992058
33.75                                             0.6588433931154009
33.8                                              0.6779723867758697
33.85                                             0.696235868219884
33.900000000000006                                0.7136094667486365
33.95                                             0.7300768603314413
34                                                0.7456292459091364
34.05                                             0.760264742169756
34.1                                              0.773987746661389
34.15                                             0.7868082673071007
34.199999999999996                                0.7987412460153587
34.25                                             0.8098058895794749
34.300000000000004                                0.8200250210925658
34.35                                             0.8294244621064698
34.4                                              0.8380324523026773
34.45                                             0.8458791122158841
34.50000000000001                                 0.8529959527360261
34.550000000000004                                0.8594154330340198
34.6                                              0.86517056759897
34.65                                             0.870294581185069
34.7                                              0.8748206061532717
34.75                                             0.8787814264330384
34.8                                              0.8822092625932313
34.85                                             0.8851355918194943
34.900000000000006                                0.8875910017069811
34.95                                             0.8896050782914562
35                                                0.8912063119020177
35.050000000000004                                0.8924220349182705
35.1                                              0.8932783786309363
35.15                                             0.8938002557018911
35.199999999999996                                0.8940113235708361
35.24999999999999                                 0.893934001283982
35.3                                              0.8935895079743039
35.35                                             0.8929978384748124
35.4                                              0.8921778185874077
35.449999999999996                                0.8911471334984884
35.5                                              0.8899223663587745
35.550000000000004                                0.8885190401129507
35.6                                              0.8869516616696836
35.65                                             0.885233767614356
35.7                                              0.8833779707908609
35.75                                             0.8813960071900712
35.8                                              0.8792987826809741
35.849999999999994                                0.8770964192049832
35.9                                              0.8747983001283098
35.95                                             0.8724131145108802
36                                                0.8699489001039259
36.05                                             0.8674130849342472
36.1                                              0.8648125273718268
36.150000000000006                                0.8621535546090577
36.2                                              0.859441999506881
36.25                                             0.8566832357843518
36.3                                              0.8538822115470613
36.35                                             0.8510434811624779
36.4                                              0.8481712355035603
36.449999999999996                                0.8452693305892938
36.5                                              0.842341314658702
36.550000000000004                                0.8393904537190106
36.6                                              0.8364197556127189
36.65                                             0.8334319926499438
36.7                                              0.8304297228539894
36.75000000000001                                 0.8274153098682677
36.800000000000004                                0.8243909415725659
36.849999999999994                                0.821358647457774
36.9                                              0.8183203148091063
36.95                                             0.8152777037503236
37                                                0.8122324611996944
37.05                                             0.8091861337809597
37.1                                              0.806140179718663
37.150000000000006                                0.8030959797433851
37.2                                              0.8000548470430227
37.25                                             0.7970180363083158
37.300000000000004                                0.7939867519253597
37.35                                             0.790962155359354
37.4                                              0.7879453717640685
37.449999999999996                                0.7849374958152873
37.49999999999999                                 0.781939597090599
37.55                                             0.7789527217945225
37.6                                              0.775977899410839
37.65                                             0.7730161489950176
37.699999999999996                                0.7700684740918399
37.75                                             0.7671358712313228
37.800000000000004                                0.7642193279850525
37.85                                             0.7613198281130398
37.9                                              0.758438330824098
37.95                                             0.755575814055508
38                                                0.7527332327352612
38.05                                             0.7499115363507486
38.099999999999994                                0.7471116649983932
38.15                                             0.7443345476793066
38.2                                              0.7415811002031741
38.25                                             0.7388522230917847
38.3                                              0.7361487992678368
38.35                                             0.7334716913534658
38.400000000000006                                0.7308217388181871
38.45                                             0.7281997549841475
38.5                                              0.7256065239021231
38.55                                             0.7230427971272535
38.6                                              0.720509290425722
38.65                                             0.7180066804339337
38.699999999999996                                0.715535601296052
38.75                                             0.7130966413168759
38.800000000000004                                0.7106903396590557
38.85                                             0.7083171831101799
38.9                                              0.7059776029476511
38.95                                             0.7036719719285438
39.00000000000001                                 0.7014006014289915
39.050000000000004                                0.6991637387520269
39.099999999999994                                0.6969615646204826
39.15                                             0.6947941908770827
39.2                                              0.692661658428337
39.25                                             0.6905639354624867
39.3                                              0.6885009159581105
39.35                                             0.6864724184903402
39.400000000000006                                0.6844781853439362
39.45                                             0.6825178819435948
39.5                                              0.6805910966156817
39.550000000000004                                0.6786973406930018
39.6                                              0.6768360489739288
39.65                                             0.6750065805482642
39.699999999999996                                0.6732082200035319
39.75                                             0.6714401790176224
39.8                                              0.6697015983098432
39.85                                             0.6679915499031965
39.9                                              0.6663090397099235
39.949999999999996                                0.6646530105065251
40                                                0.663022345307366
40.050000000000004                                0.6614158710895894
40.1                                              0.6598323628372672
40.15                                             0.6582705479076308
40.2                                              0.6567291107481615
40.25                                             0.6552066979706186
40.3                                              0.6537019235204479
40.349999999999994                                0.6522133734537193
40.4                                              0.6507396110939802
40.45                                             0.6492791835825467
40.5                                              0.6478306284156112
40.55                                             0.6463924793857937
40.6                                              0.6449632725752037
40.650000000000006                                0.6435415525662914
40.7                                              0.6421258789035152
40.75                                             0.6407148331570147
40.8                                              0.6393070248490085
40.85                                             0.6379010962035363
40.9                                              0.6364957299072106
40.949999999999996                                0.6350896554983755
41                                                0.6336816546579175
41.050000000000004                                0.6322705677479095
41.1                                              0.630855308030769
41.15                                             0.6294348430093469
41.2                                              0.6280082202776547
41.25000000000001                                 0.6265745702274421
41.300000000000004                                0.6251331092393543
41.349999999999994                                0.6236831319344426
41.4                                              0.6222240270750325
41.45                                             0.6207553048805027
41.5                                              0.6192765361977794
41.55                                             0.6177874133871558
41.6                                              0.6162877286816137
41.650000000000006                                0.6147773789720827
41.7                                              0.6132563670539201
41.75                                             0.6117248022451464
41.800000000000004                                0.6101829004649005
41.85                                             0.6086309837780811
41.9                                              0.6070694794040882
41.949999999999996                                0.605498918187601
42                                                0.6039199325319117
42.050000000000004                                0.6023332537988246
42.1                                              0.6007397091813816
42.15                                             0.5991402180585421
42.199999999999996                                0.5975357878440146
42.25                                             0.5959275093437418
42.300000000000004                                0.5943165516402067
42.35                                             0.5927041565238532
42.4                                              0.5910916324947962
42.45                                             0.5894803483611202
42.5                                              0.5878717264620803
42.55                                             0.5862672355464386
42.599999999999994                                0.5846683833400658
42.65                                             0.5830767088367437
42.7                                              0.5814937743492123
42.75                                             0.5799211573598264
42.8                                              0.5783604422092476
42.85                                             0.576813211665864
42.900000000000006                                0.5752810384168696
42.95                                             0.5737654765246433
43                                                0.5722680528919801
43.05                                             0.5707902587794061
43.1                                              0.56933354141919
43.15                                             0.567899295769437
43.199999999999996                                0.5664888564517363
43.25                                             0.5651034899141951
43.300000000000004                                0.5637443868618637
43.35                                             0.5624126549937022
43.4                                              0.5611093120871843
43.45                                             0.5598352794689883
43.50000000000001                                 0.5585913759103807
43.550000000000004                                0.5573783119824822
43.599999999999994                                0.5561966849033045
43.65                                             0.5550469739057659
43.7                                              0.5539295361544615
43.75                                             0.552844603239714
43.8                                              0.551792278289486
43.85                                             0.5507725338961053
43.900000000000006                                0.5497851867616479
43.95                                             0.5488300074093292
44                                                0.5479065081406695
44.050000000000004                                0.5470141522529421
44.1                                              0.54615223692288
44.15                                             0.545319943586251
44.199999999999996                                0.544516319591343
44.25                                             0.543740287124386
44.300000000000004                                0.5429906467814147
44.35                                             0.5422660846093385
44.4                                              0.5415651705776137
44.449999999999996                                0.5408863705936655
44.5                                              0.5402280502205318
44.550000000000004                                0.5395884818272696
44.6                                              0.5389658521509312
44.65                                             0.5383582705123042
44.7                                              0.5377637771258992
44.75                                             0.5371803520045576
44.8                                              0.5366059245299588
44.849999999999994                                0.5360383833066017
44.9                                              0.5354755863384579
44.95                                             0.5349153715249515
45                                                0.5343555674276739
45.05                                             0.5337940042127366
45.1                                              0.5332285246481728
45.150000000000006                                0.5326569952094286
45.2                                              0.5320773173706855
45.25                                             0.5314874388797153
45.3                                              0.5308853648726697
45.35                                             0.5302691688266935
45.4                                              0.5296370033224885
45.449999999999996                                0.5289871105545668
45.5                                              0.5283178325226364
45.550000000000004                                0.5276276208390618
45.6                                              0.5269150460910795
45.65                                             0.5261788066980806
45.7                                              0.5254177372124966
45.75000000000001                                 0.5246308160170707
45.800000000000004                                0.5238171723759986
45.849999999999994                                0.5229760927926773
45.9                                              0.5221070266242177
45.95                                             0.5212095909012447
46                                                0.5202835743095926
46.05                                             0.5193289402988738
46.1                                              0.5183458292920334
46.150000000000006                                0.517334559971335
46.2                                              0.516295629622863
46.25                                             0.5152297135255604
46.300000000000004                                0.5141376633797701
46.35                                             0.5130205047759208
46.4                                              0.5118794336910873
46.449999999999996                                0.5107158119771593
46.5                                              0.5095311618136221
46.550000000000004                                0.5083271591743096
46.6                                              0.5071056263959625
46.65                                             0.5058685238832598
46.7                                              0.5046179409372238
46.75000000000001                                 0.5033560857119397
46.800000000000004                                0.5020852743364363
46.85                                             0.500807919253557
46.9                                              0.49952651682043014
46.95                                             0.49824363418916795
47                                                0.4969618954650821
47.05                                             0.4956839673004715
47.099999999999994                                0.4944125442904706
47.15                                             0.4931503340700323
47.2                                              0.4919000417406407
47.25                                             0.49066435387093343
47.3                                              0.4894459223867486
47.35                                             0.4882473484046653
47.400000000000006                                0.4870711661136132
47.45                                             0.4859198274099571
47.5                                              0.48479568839650555
47.55                                             0.48370099172602476
47.6                                              0.4826378447615448
47.65                                             0.4816082107530091
47.699999999999996                                0.48061389746664557
47.75                                             0.47965654197092406
47.800000000000004                                0.47873759723432074
47.85                                             0.4778583155690186
47.9                                              0.4770197401037429
47.95                                             0.47622272056542514
48.00000000000001                                 0.47546786212229636
48.050000000000004                                0.47475553867207854
48.099999999999994                                0.4740858838259107
48.15                                             0.47345880599415624
48.2                                              0.4728739533577931
48.25                                             0.47233068969691394
48.3                                              0.4718282405862698
48.35                                             0.47136547518788713
48.400000000000006                                0.4709410690870932
48.45                                             0.4705534549638665
48.5                                              0.4702008343767527
48.550000000000004                                0.4698811863199966
48.6                                              0.4695922770709857
48.65                                             0.46933167154507627
48.699999999999996                                0.4690967461468127
48.74999999999999                                 0.4688847030652273
48.800000000000004                                0.46869258594055
48.85                                             0.46851729681688525
48.9                                              0.4683556142842769
48.949999999999996                                0.4682042127011685
49.00000000000001                                 0.46805968237966405
49.050000000000004                                0.4679185506082185
49.1                                              0.46777730337578
49.15                                             0.46763240765790404
49.2                                              0.46748033411809964
49.25                                             0.4673175800729615
49.3                                              0.46714069256637314
49.349999999999994                                0.4669462913961639
49.400000000000006                                0.4667310919347538
49.45                                             0.46649192758473884
49.5                                              0.46622577171241475
49.55                                             0.4659297589032874
49.60000000000001                                 0.4656012053867528
49.650000000000006                                0.46523762848010575
49.7                                              0.4648367649086516
49.75                                             0.4643965878627788
49.800000000000004                                0.4639153226591615
49.85                                             0.4633914608818395
49.9                                              0.46282377288594145
49.949999999999996                                0.4622113185559675
50.00000000000001                                 0.4615534562210312
