20                                                0.2573522000181753
20.05                                             0.2571361975666331
20.1                                              0.25692117373096496
20.15                                             0.25670713858643635
20.2                                              0.25649409773159954
20.25                                             0.25628205209754334
20.3                                              0.2560709977700047
20.35                                             0.25586092582314096
20.4                                              0.2556518221681056
20.45                                             0.25544366742103825
20.5                                              0.255236436798361
20.55                                             0.2550301000415889
20.6                                              0.254824621369221
20.650000000000002                                0.25461995945467236
20.7                                              0.25441606743549383
20.75                                             0.25421289307131756
20.8                                              0.2540103769479039
20.85                                             0.2538084581067045
20.900000000000002                                0.25360706892947216
20.95                                             0.2534061343120338
21                                                0.25320557726178955
21.05                                             0.2530053148531903
21.099999999999998                                0.2528052556225829
21.150000000000002                                0.25260532032930194
21.2                                              0.2524054073848475
21.249999999999996                                0.25220542070753627
21.299999999999997                                0.2520052606830258
21.349999999999998                                0.2518048254759437
21.4                                              0.2516040114505828
21.45                                             0.2514027136614825
21.5                                              0.25120082647841085
21.549999999999997                                0.25099824407893984
21.599999999999998                                0.25079486094836745
21.65                                             0.2505905723846501
21.7                                              0.2503852750094478
21.75                                             0.25017886727155264
21.799999999999997                                0.24997124989370365
21.849999999999998                                0.2497623262816131
21.9                                              0.24955200290143087
21.95                                             0.249340189602177
22                                                0.24912679987354008
22.05                                             0.2489117510347125
22.099999999999998                                0.24869496435318042
22.15                                             0.24847636508706758
22.2                                              0.2482558824341903
22.25                                             0.24803344936736282
22.3                                              0.2478090023560236
22.35                                             0.24758248098672617
22.4                                              0.24735382748872778
22.45                                             0.24712298616020376
22.5                                              0.24688990269101088
22.55                                             0.2466545233843624
22.6                                              0.24641679428216356
22.65                                             0.2461766601902088
22.7                                              0.2459340635938522
22.75                                             0.2456889434914708
22.8                                              0.24544123423131273
22.85                                             0.24519086436127555
22.900000000000002                                0.24493775543248836
22.95                                             0.24468182077176306
23                                                0.24442296428334284
23.05                                             0.24416107932272474
23.1                                              0.2438960476707601
23.150000000000002                                0.24362773861054296
23.2                                              0.2433560081019532
23.25                                             0.24308069819313613
23.3                                              0.24280163670415653
23.349999999999998                                0.24251863709017377
23.400000000000002                                0.24223149855209838
23.45                                             0.24194000640042287
23.5                                              0.24164393260393374
23.549999999999997                                0.24134303741005717
23.6                                              0.24103707097627725
23.65                                             0.24072577441844506
23.700000000000003                                0.24040888308500108
23.75                                             0.24008611729745066
23.799999999999997                                0.23975722052303375
23.849999999999998                                0.2394219190189479
23.9                                              0.23907994746650132
23.95                                             0.23873105116144866
24                                                0.2383750029684087
24.049999999999997                                0.23801156372182303
24.099999999999998                                0.23764054018334743
24.15                                             0.23726175702205238
24.2                                              0.2368750706505086
24.25                                             0.2364803718797749
24.3                                              0.23607758984644764
24.349999999999998                                0.2356666954610674
24.4                                              0.2352477043796286
24.45                                             0.23482067939186596
24.5                                              0.23438573211478464
24.55                                             0.233943023881088
24.6                                              0.23349276572133543
24.65                                             0.23303521735311658
24.7                                              0.23257068510103995
24.75                                             0.23209951868450435
24.8                                              0.2316221068245542
24.85                                             0.23113887164497718
24.9                                              0.23065026186837767
24.95                                             0.2301567448392288
25                                                0.2296587974363357
25.05                                             0.22915689597534705
25.1                                              0.22865150523658645
25.150000000000002                                0.22814306679640792
25.2                                              0.2276319868778612
25.25                                             0.22711862398005048
25.3                                              0.22660327658257498
25.35                                             0.22608617125946315
25.400000000000002                                0.22556745156696603
25.45                                             0.22504716809538322
25.5                                              0.2245252700904709
25.55                                             0.2240015990558504
25.599999999999998                                0.22347588474562793
25.650000000000002                                0.22294774394343794
25.7                                              0.22241668239264023
25.75                                             0.2218821001857025
25.799999999999997                                0.22134330083619205
25.85                                             0.22079950416818128
25.9                                              0.22024986306968783
25.950000000000003                                0.21969348406192818
26                                                0.21912945156137548
26.05                                             0.2185568561334704
26.099999999999998                                0.21797482095813417
26.15                                             0.2173825431020723
26.2                                              0.21677931526308084
26.25                                             0.21616456401747258
26.299999999999997                                0.21553789082761737
26.349999999999998                                0.21489909400865853
26.4                                              0.2142482210371656
26.45                                             0.213585551508414
26.5                                              0.21291165440993093
26.55                                             0.21222738842101352
26.599999999999998                                0.21153390746393275
26.65                                             0.21083265816688668
26.7                                              0.2101253667093417
26.75                                             0.20941401494194575
26.8                                              0.2087008050872349
26.85                                             0.20798811273107964
26.9                                              0.20727842815064512
26.95                                             0.20657428638113143
27                                                0.20587818689767803
27.05                                             0.20519250434037076
27.1                                              0.20451939229237168
27.15                                             0.2038606827141221
27.2                                              0.2032177843298157
27.25                                             0.20259158391494128
27.3                                              0.20198235500097456
27.35                                             0.2013896789971988
27.400000000000002                                0.20081238404685617
27.45                                             0.20024850701751643
27.5                                              0.1996952838106296
27.55                                             0.1991491726216734
27.6                                              0.1986059138636388
27.65                                             0.19806062915671635
27.7                                              0.19750796009492505
27.749999999999996                                0.19694224550089737
27.8                                              0.19635773367686948
27.849999999999998                                0.1957488238912431
27.900000000000002                                0.1951103291348274
27.95                                             0.19443775018861512
28                                                0.19372754939058998
28.049999999999997                                0.19297741125744586
28.1                                              0.1921864763524342
28.15                                             0.1913555345863605
28.200000000000003                                0.19048716450763828
28.25                                             0.1895858057838434
28.3                                              0.18865775295273532
28.349999999999998                                0.1877110598325073
28.400000000000002                                0.1867553456841149
28.45                                             0.18580149631373313
28.500000000000004                                0.18486125593830466
28.549999999999997                                0.18394670933064183
28.6                                              0.18306965998248356
28.65                                             0.1822409169982625
28.700000000000003                                0.1814695103618705
28.75                                             0.18076186745334996
28.8                                              0.18012099756723005
28.849999999999998                                0.17954574389317715
28.899999999999995                                0.179030175669149
28.95                                             0.17856320353153154
29.000000000000004                                0.17812849386966478
29.05                                             0.17770476289564707
29.099999999999998                                0.1772665081381053
29.15                                             0.17678518578497768
29.200000000000003                                0.17623083747900878
29.25                                             0.1755740699643202
29.299999999999997                                0.17478825310318388
29.35                                             0.17385183560905276
29.400000000000002                                0.17275058428245632
29.45                                             0.17147945202400044
29.499999999999996                                0.17004416028528113
29.55                                             0.16846205263785516
29.600000000000005                                0.16676238166213184
29.650000000000002                                0.16498576251120428
29.699999999999996                                0.16318281701607976
29.75                                             0.16141189102391618
29.800000000000004                                0.15973575144768234
29.85                                             0.15821715452119764
29.9                                              0.15691320817218726
29.95                                             0.15586856415268135
29.999999999999996                                0.15510771405903231
30.05                                             0.15462705493448767
30.099999999999998                                0.15438791100768431
30.150000000000002                                0.15431223172219902
30.2                                              0.15428299960369565
30.25                                             0.15415116490047145
30.299999999999997                                0.15374993198360357
30.35                                             0.15291549192679185
30.4                                              0.15151130427631546
30.450000000000003                                0.1494516052327091
30.5                                              0.1467197218478603
30.55                                             0.14337818390657742
30.599999999999998                                0.13956992411494815
30.650000000000002                                0.13551190140144007
30.7                                              0.13148318869887043
30.750000000000004                                0.12780833544771755
30.799999999999997                                0.12483359391493944
30.85                                             0.12288889976740826
30.9                                              0.12222410017007006
30.950000000000003                                0.12290890470010506
31                                                0.12470293571064721
31.05                                             0.1269461934819941
31.099999999999998                                0.12857789809225645
31.149999999999995                                0.12839122597007274
31.2                                              0.12548664481797034
31.250000000000004                                0.11967255433240817
31.3                                              0.11154727469999842
31.349999999999998                                0.10226617602422781
31.4                                              0.09325021366885683
31.450000000000003                                0.08608414417382218
31.5                                              0.08267873581478681
31.549999999999997                                0.08543071454938951
31.6                                              0.09578474912829313
31.650000000000002                                0.10759931749346066
31.7                                              0.10540032732253647
31.749999999999996                                0.08835006099201098
31.8                                              0.06980049852821357
31.850000000000005                                0.05626522246996792
31.900000000000002                                0.059768883681431406
31.949999999999996                                0.06345717433811933
32                                                0.04945903751104608
32.050000000000004                                0.048397936098465
32.1                                              0.050876366926739185
32.15                                             0.055689677792758505
32.2                                              0.06244673846500281
32.25                                             0.07096008823118051
32.300000000000004                                0.08111805985595591
32.35                                             0.09284237880856312
32.4                                              0.10606965816355986
32.449999999999996                                0.12074179671300017
32.5                                              0.13680042841832657
32.55                                             0.15418351609631473
32.6                                              0.17282323060563898
32.65                                             0.1926446886821595
32.7                                              0.21356531926337805
32.75                                             0.23549472336119337
32.800000000000004                                0.2583349398574122
32.85                                             0.2819810524006133
32.9                                              0.30632208244944203
32.949999999999996                                0.3312421167196245
33                                                0.35662161734164866
33.05                                             0.38233886207382534
33.1                                              0.4082714613049591
33.15                                             0.434297899144577
33.2                                              0.4602990480981953
33.25                                             0.48615961078192865
33.300000000000004                                0.5117694477103009
33.35                                             0.5370247571443171
33.4                                              0.5618290809081313
33.45                                             0.5860941185072597
33.5                                              0.6097403403487233
33.55                                             0.632697398873352
33.599999999999994                                0.6549043436299649
33.65                                             0.6763096524394288
33.7                                              0.6968710956601537
33.75                                             0.7165554541070033
33.8                                              0.7353381133707967
33.85                                             0.7532025581849735
33.900000000000006                                0.7701397903336366
33.95                                             0.786147692640534
34                                                0.8012303599055066
34.05                                             0.8153974154437998
34.1                                              0.8286633293777864
34.15                                             0.841046752214181
34.199999999999996                                0.8525698746212704
34.25                                             0.8632578218458128
34.300000000000004                                0.8731380889480918
34.35                                             0.882240020905504
34.4                                              0.890594339803278
34.45                                             0.8982327199313234
34.50000000000001                                 0.9051874103848842
34.550000000000004                                0.9114909040142639
34.6                                              0.9171756515375682
34.65                                             0.9222738144277471
34.7                                              0.9268170514890502
34.75                                             0.9308363520908618
34.8                                              0.9343618958614525
34.85                                             0.9374229379501922
34.900000000000006                                0.9400477207999384
34.95                                             0.9422634111968322
35                                                0.9440960535915041
35.050000000000004                                0.9455705386027731
35.1                                              0.9467105879723183
35.15                                             0.9475387755878774
35.199999999999996                                0.9480764729973034
35.24999999999999                                 0.9483439576103938
35.3                                              0.9483603397799193
35.35                                             0.9481436645413827
35.4                                              0.9477109096206979
35.449999999999996                                0.9470780294916813
35.5                                              0.9462599940983476
35.550000000000004                                0.945270829373693
35.6                                              0.9441236588460501
35.65                                             0.9428307457942635
35.7                                              0.9414035355086511
35.75                                             0.9398526972943663
35.8                                              0.9381881659214798
35.849999999999994                                0.9364191822851317
35.9                                              0.9345543330881899
35.95                                             0.9326015894017173
36                                                0.9305683439942541
36.05                                             0.9284614473508971
36.1                                              0.9262872423288445
36.150000000000006                                0.924051597416145
36.2                                              0.9217599385776418
36.25                                             0.919417279686311
36.3                                              0.9170282515479812
36.35                                             0.9145971295378066
36.4                                              0.9121278598721922
36.449999999999996                                0.9096240845460905
36.5                                              0.907089164969161
36.550000000000004                                0.9045262043364733
36.6                                              0.9019380687718028
36.65                                             0.8993274072816395
36.7                                              0.8966966705589258
36.75000000000001                                 0.8940481286743048
36.800000000000004                                0.8913838876929663
36.849999999999994                                0.8887059052551255
36.9                                              0.8860160051588064
36.95                                             0.8833158909859822
37                                                0.8806071588120236
37.05                                             0.8778913090316004
37.1                                              0.8751697573228119
37.150000000000006                                0.8724438447663557
37.2                                              0.8697148471445973
37.25                                             0.8669839834578262
37.300000000000004                                0.8642524236992649
37.35                                             0.861521295925299
37.4                                              0.8587916926500188
37.449999999999996                                0.8560646765773592
37.49999999999999                                 0.853341283759093
37.55                                             0.8506225353898491
37.6                                              0.8479094252043872
37.65                                             0.8452029465947457
37.699999999999996                                0.8425040726781523
37.75                                             0.8398137739685426
37.800000000000004                                0.8371330129580276
37.85                                             0.8344627505007719
37.9                                              0.8318039250769659
37.95                                             0.8291574960369215
38                                                0.8265244034919291
38.05                                             0.8239055854844827
38.099999999999994                                0.8213019745637935
38.15                                             0.8187144965140315
38.2                                              0.8161440688535008
38.25                                             0.8135915990601594
38.3                                              0.8110579825908848
38.35                                             0.808544100643958
38.400000000000006                                0.8060508177092772
38.45                                             0.8035789789420572
38.5                                              0.8011294073836912
38.55                                             0.7987029010482262
38.6                                              0.7963002298942425
38.65                                             0.7939221327305777
38.699999999999996                                0.7915693140882781
38.75                                             0.7892424410618321
38.800000000000004                                0.7869421401454183
38.85                                             0.7846689941000822
38.9                                              0.7824235388795607
38.95                                             0.7802062606391971
39.00000000000001                                 0.7780175928516538
39.050000000000004                                0.775857913548528
39.099999999999994                                0.7737275426996136
39.15                                             0.771626739744727
39.2                                              0.7695557013097052
39.25                                             0.7675145591529248
39.3                                              0.7655033783708184
39.35                                             0.7635221558677548
39.400000000000006                                0.7615708190897693
39.45                                             0.7596492250304667
39.5                                              0.7577571595231902
39.550000000000004                                0.7558943368346349
39.6                                              0.7540603995726773
39.65                                             0.7522549189185295
39.699999999999996                                0.7504773951966217
39.75                                             0.7487272588003827
39.8                                              0.7470038714802831
39.85                                             0.7453065279647648
39.9                                              0.7436344578785977
39.949999999999996                                0.7419868279800591
40                                                0.7403627447541175
40.050000000000004                                0.7387612573588952
40.1                                              0.7371813609016533
40.15                                             0.7356220000290915
40.2                                              0.7340820728265431
40.25                                             0.7325604350040673
40.3                                              0.731055904262401
40.349999999999994                                0.7295672647515413
40.4                                              0.7280932719416714
40.45                                             0.7266326580238809
40.5                                              0.7251841373017329
40.55                                             0.7237464115314796
40.6                                              0.7223181754273149
40.650000000000006                                0.720898122413054
40.7                                              0.7194849511675038
40.75                                             0.7180773731750875
40.8                                              0.7166741144975356
40.85                                             0.7152739194333542
40.9                                              0.713875562888831
40.949999999999996                                0.7124778552319262
41                                                0.7110796466606086
41.050000000000004                                0.709679832864329
41.1                                              0.7082773593408184
41.15                                             0.7068712294563659
41.2                                              0.705460507591385
41.25000000000001                                 0.7040443242037664
41.300000000000004                                0.7026218777824849
41.349999999999994                                0.7011924508721661
41.4                                              0.6997554032437034
41.45                                             0.698310157520251
41.5                                              0.6968562527724868
41.55                                             0.6953933008494169
41.6                                              0.6939210082617632
41.650000000000006                                0.692439175552404
41.7                                              0.6909476988366411
41.75                                             0.6894465709717204
41.800000000000004                                0.6879358822670352
41.85                                             0.6864158207135493
41.9                                              0.6848866717226996
41.949999999999996                                0.6833488173675062
42                                                0.6818027351228412
42.050000000000004                                0.6802489961035639
42.1                                              0.6786882628035606
42.15                                             0.677121286339827
42.199999999999996                                0.6755489032099832
42.25                                             0.6739720315731118
42.300000000000004                                0.6723916670669762
42.35                                             0.670808878177423
42.4                                              0.6692248011781309
42.45                                             0.6676406346618269
42.5                                              0.6660576336868456
42.55                                             0.6644771035643623
42.599999999999994                                0.6629003933149143
42.65                                             0.6613288888244423
42.7                                              0.6597640057322863
42.75                                             0.6582071820848574
42.8                                              0.6566598707912293
42.85                                             0.6551235319173404
42.900000000000006                                0.6535996248574993
42.95                                             0.6520896004226007
43                                                0.6505948928851584
43.05                                             0.649116912022577
43.1                                              0.6476570351993856
43.15                                             0.6462165995306575
43.199999999999996                                0.64479689416776
43.25                                             0.6433991527470836
43.300000000000004                                0.642024546042338
43.35                                             0.6406741748598037
43.4                                              0.6393490632150455
43.45                                             0.6380501518305097
43.50000000000001                                 0.6367782919913028
43.550000000000004                                0.6355342397961847
43.599999999999994                                0.6343186508354953
43.65                                             0.6331320753273884
43.7                                              0.6319749537396224
43.75                                             0.6308476129205054
43.8                                              0.6297502627501012
43.85                                             0.6286829932039665
43.900000000000006                                0.627645790868039
43.95                                             0.6266384497316061
44                                                0.6256607347629075
44.050000000000004                                0.6247122385246805
44.1                                              0.623792423364271
44.15                                             0.6229006380711378
44.199999999999996                                0.6220361097055148
44.25                                             0.6211979448294732
44.300000000000004                                0.6203851325894629
44.35                                             0.6195965526125674
44.4                                              0.6188309713069565
44.449999999999996                                0.6180870529378215
44.5                                              0.6173633628660485
44.550000000000004                                0.6166583737622431
44.6                                              0.6159704721628348
44.65                                             0.6152979654109936
44.7                                              0.6146390893823012
44.75                                             0.6139920166851441
44.8                                              0.6133548651072155
44.849999999999994                                0.6127257065299736
44.9                                              0.6121025762404724
44.95                                             0.6114834825673796
45                                                0.6108664167993612
45.05                                             0.6102493633437365
45.1                                              0.6096303100562864
45.150000000000006                                0.6090072586721773
45.2                                              0.6083782353223368
45.25                                             0.6077413011005763
45.3                                              0.6070945625983464
45.35                                             0.6064361823398849
45.4                                              0.6057643890666935
45.449999999999996                                0.6050774878158
45.5                                              0.6043738697343738
45.550000000000004                                0.6036520215703183
45.6                                              0.6029105347801155
45.65                                             0.6021481141987618
45.7                                              0.6013635862197635
45.75000000000001                                 0.6005559064402748
45.800000000000004                                0.5997241667253539
45.849999999999994                                0.5988676016449928
45.9                                              0.5979855942332694
45.95                                             0.597077681020413
46                                                0.5961435562951319
46.05                                             0.5951830755628454
46.1                                              0.5941962581715715
46.150000000000006                                0.5931832890801539
46.2                                              0.5921445197484798
46.25                                             0.5910804681344106
46.300000000000004                                0.5899918177928665
46.35                                             0.5888794160787605
46.4                                              0.5877442714449027
46.449999999999996                                0.5865875497920853
46.5                                              0.5854105698252253
46.550000000000004                                0.5842147974509155
46.6                                              0.5830018393118456
46.65                                             0.5817734355106929
46.7                                              0.5805314515099936
46.75000000000001                                 0.5792778692018722
46.800000000000004                                0.5780147771767516
46.85                                             0.576744360240941
46.9                                              0.5754688882378365
46.95                                             0.5741907041919867
47                                                0.5729122117112675
47.05                                             0.5716358616604943
47.099999999999994                                0.5703641385793342
47.15                                             0.5690995471116026
47.2                                              0.5678445978976373
47.25                                             0.5666017928351382
47.3                                              0.5653736101056518
47.35                                             0.5641624891321929
47.400000000000006                                0.5629708154918547
47.45                                             0.5618009060783921
47.5                                              0.5606549956041189
47.55                                             0.5595352225131184
47.6                                              0.5584436105158503
47.65                                             0.5573820557451001
47.699999999999996                                0.556352315863124
47.75                                             0.5553559968677898
47.800000000000004                                0.5543945404578993
47.85                                             0.553469210797352
47.9                                              0.5525810853461709
47.95                                             0.5517310552995113
48.00000000000001                                 0.5509197990401555
48.050000000000004                                0.5501477842497896
48.099999999999994                                0.5494152576181477
48.15                                             0.5487222651999069
48.2                                              0.5480686010978882
48.25                                             0.5474538061523839
48.3                                              0.5468772931447312
48.35                                             0.5463381417617743
48.400000000000006                                0.5458352516881649
48.45                                             0.545367295451366
48.5                                              0.5449327284845423
48.550000000000004                                0.5445297962312633
48.6                                              0.5441565424432833
48.65                                             0.5438108188805097
48.699999999999996                                0.5434902964107482
48.74999999999999                                 0.5431924774661371
48.800000000000004                                0.5429147097963376
48.85                                             0.5426542014450154
48.9                                              0.5424080368670626
48.949999999999996                                0.5421731940913227
49.00000000000001                                 0.5419465628276536
49.050000000000004                                0.5417249634054845
49.1                                              0.5415051664271563
49.15                                             0.5412839130092835
49.2                                              0.5410579354821177
49.25                                             0.5408239784110405
49.3                                              0.5405788198006779
49.349999999999994                                0.5403192923394581
49.400000000000006                                0.5400423045406357
49.45                                             0.5397448616355724
49.5                                              0.5394240860740821
49.55                                             0.5390772374889797
49.60000000000001                                 0.5387017319832451
49.650000000000006                                0.5382951606017274
49.7                                              0.5378553068520423
49.75                                             0.5373801631454126
49.800000000000004                                0.5368679460319277
49.85                                             0.536317110112143
49.9                                              0.535726360513084
49.949999999999996                                0.5350946638243823
50.00000000000001                                 0.5344212573994194
