20                                                0.3170594815016869
20.05                                             0.3167569653269472
20.1                                              0.3164549037194773
20.15                                             0.31615330925507584
20.2                                              0.3158521898336948
20.25                                             0.3155515484209769
20.3                                              0.3152513828088812
20.35                                             0.3149516854005201
20.4                                              0.3146524430218067
20.45                                             0.3143536367512723
20.5                                              0.3140552417602647
20.55                                             0.3137572271678534
20.6                                              0.31345955593021047
20.650000000000002                                0.3131621847790666
20.7                                              0.3128650642123608
20.75                                             0.3125681385593766
20.8                                              0.3122713449264023
20.85                                             0.31197461590167636
20.900000000000002                                0.3116778761317313
20.95                                             0.3113810472072261
21                                                0.3110840450226675
21.05                                             0.3107867832614237
21.099999999999998                                0.3104891462500455
21.150000000000002                                0.31019106220535236
21.2                                              0.30989241518532334
21.249999999999996                                0.3095930990749753
21.299999999999997                                0.3092930043718088
21.349999999999998                                0.3089920192394787
21.4                                              0.30869003021593594
21.45                                             0.308386922723361
21.5                                              0.308082581832387
21.549999999999997                                0.3077768929781967
21.599999999999998                                0.3074697426515992
21.65                                             0.3071610190851118
21.7                                              0.30685061293099475
21.75                                             0.30653841794585834
21.799999999999997                                0.30622433164098584
21.849999999999998                                0.3059082558723907
21.9                                              0.30559009738765425
21.95                                             0.305269768315773
22                                                0.30494718658180664
22.05                                             0.30462227623328963
22.099999999999998                                0.3042949676661974
22.15                                             0.3039651977377242
22.2                                              0.3036329097547656
22.25                                             0.303298053332765
22.3                                              0.3029605841234467
22.35                                             0.3026204634062457
22.4                                              0.30227765753430696
22.45                                             0.3019321372273078
22.5                                              0.3015838767107692
22.55                                             0.30123285270451633
22.6                                              0.3008790432657463
22.65                                             0.3005224264913467
22.7                                              0.3001629790929532
22.75                                             0.29980067487170453
22.8                                              0.2994354831150921
22.85                                             0.2990673669136332
22.900000000000002                                0.2986962814114566
22.95                                             0.29832217203425615
23                                                0.2979449727337093
23.05                                             0.2975646042832765
23.1                                              0.29718097267441906
23.150000000000002                                0.2967939676624745
23.2                                              0.2964034614083361
23.25                                             0.2960093072442977
23.3                                              0.2956113388201718
23.349999999999998                                0.29520936957365773
23.400000000000002                                0.2948031924476705
23.45                                             0.29439257989229956
23.5                                              0.293977284506756
23.549999999999997                                0.2935570409287709
23.6                                              0.2931315659601165
23.65                                             0.29270056035887276
23.700000000000003                                0.2922637123327146
23.75                                             0.2918206958944429
23.799999999999997                                0.2913711911948066
23.849999999999998                                0.29091485911682513
23.9                                              0.29045137192749454
23.95                                             0.28998040385361135
24                                                0.2895016469004631
24.049999999999997                                0.28901480694673704
24.099999999999998                                0.288519605817582
24.15                                             0.2880158029825988
24.2                                              0.287503187927224
24.25                                             0.2869815903743302
24.3                                              0.2864508852446563
24.349999999999998                                0.2859109976630606
24.4                                              0.28536190746971857
24.45                                             0.28480365306713057
24.5                                              0.28423633444766006
24.55                                             0.28366011525252355
24.6                                              0.28307522371973864
24.65                                             0.2824819523877173
24.7                                              0.28188065643426985
24.75                                             0.28127175054587256
24.8                                              0.28065570423542535
24.85                                             0.2800330355524812
24.9                                              0.2794043031630201
24.95                                             0.2787700968126205
25                                                0.27813102622714003
25.05                                             0.27748770855170457
25.1                                              0.2768407544773026
25.150000000000002                                0.27619075325656794
25.2                                              0.2755382568640107
25.25                                             0.2748837636108166
25.3                                              0.27422770157814075
25.35                                             0.2735704122833989
25.400000000000002                                0.27291213504132283
25.45                                             0.2722529925202714
25.5                                              0.27159297802496324
25.55                                             0.2709319450536522
25.599999999999998                                0.2702695996810184
25.650000000000002                                0.26960549630262315
25.7                                              0.26893903724311313
25.75                                             0.26826947667936796
25.799999999999997                                0.26759592925687004
25.85                                             0.2669173836832317
25.9                                              0.26623272145729265
25.950000000000003                                0.2655407407539375
26                                                0.2648401853500614
26.05                                             0.26412977865938714
26.099999999999998                                0.26340825932982453
26.15                                             0.26267442904834387
26.2                                              0.2619271869407088
26.25                                             0.2611655789390277
26.299999999999997                                0.26038884665857226
26.349999999999998                                0.2595964670224217
26.4                                              0.2587881988621115
26.45                                             0.2579641298811757
26.5                                              0.2571246765562066
26.55                                             0.2562706409355929
26.599999999999998                                0.2554032116584344
26.65                                             0.2545239690618639
26.7                                              0.2536348766914905
26.75                                             0.2527382587853364
26.8                                              0.25183676291055246
26.85                                             0.25093330733002606
26.9                                              0.2500310127283536
26.95                                             0.249133118597587
27                                                0.24824288514817033
27.05                                             0.24736348227253838
27.1                                              0.24649786793212897
27.15                                             0.24564865906811675
27.2                                              0.2448179988826459
27.25                                             0.24400742526529257
27.3                                              0.24321774591766587
27.35                                             0.24244892636677268
27.400000000000002                                0.24169999754187757
27.45                                             0.2409689898211981
27.5                                              0.24025290036119715
27.55                                             0.23954770004234138
27.6                                              0.23884838544524498
27.65                                             0.2381490798621867
27.7                                              0.23744318545868726
27.749999999999996                                0.23672358639192295
27.8                                              0.23598290006212314
27.849999999999998                                0.2352137708297459
27.900000000000002                                0.23440919761883255
27.95                                             0.23356288401952346
28                                                0.2326695969847001
28.049999999999997                                0.23172551814698278
28.1                                              0.23072857026094518
28.15                                             0.2296787003010103
28.200000000000003                                0.228578100443643
28.25                                             0.22743134869265985
28.3                                              0.22624545204402338
28.349999999999998                                0.22502977670082103
28.400000000000002                                0.22379585214098763
28.45                                             0.22255703894284676
28.500000000000004                                0.2213280542949656
28.549999999999997                                0.22012435420618215
28.6                                              0.2189613781326385
28.65                                             0.21785367098368189
28.700000000000003                                0.21681390803473385
28.75                                             0.21585186071036477
28.8                                              0.21497335655403563
28.849999999999998                                0.21417930229690738
28.899999999999995                                0.21346485336995621
28.95                                             0.212818826995564
29.000000000000004                                0.2122234564950688
29.05                                             0.2116545765336012
29.099999999999998                                0.21108232387797418
29.15                                             0.2104723899646033
29.200000000000003                                0.20978783975297105
29.25                                             0.2089914216671289
29.299999999999997                                0.20804822181411267
29.35                                             0.20692859816025871
29.400000000000002                                0.20561106153710226
29.45                                             0.20408493776544173
29.499999999999996                                0.20235256797398332
29.55                                             0.20043079614907414
29.600000000000005                                0.19835164870621985
29.650000000000002                                0.1961619564470368
29.699999999999996                                0.19392187707945246
29.75                                             0.1917021940094848
29.800000000000004                                0.1895803111215806
29.85                                             0.1876348741103391
29.9                                              0.18593899612048095
29.95                                             0.18455218091156003
29.999999999999996                                0.18351126288640585
30.05                                             0.18282105174857716
30.099999999999998                                0.18244587341278154
30.150000000000002                                0.18230375513805336
30.2                                              0.1822654212482669
30.25                                             0.18216025694358925
30.299999999999997                                0.18179066338197258
30.35                                             0.180954643328473
30.4                                              0.17947427886789574
30.450000000000003                                0.17722569173143332
30.5                                              0.1741650265678491
30.55                                             0.17034559455841403
30.599999999999998                                0.16592342731693482
30.650000000000002                                0.16115116153373688
30.7                                              0.15636205509339576
30.750000000000004                                0.15194591806827173
30.799999999999997                                0.14831638152329302
30.85                                             0.14586460441917273
30.9                                              0.14488985912008512
30.950000000000003                                0.1454967272533279
31                                                0.14746096573787468
31.05                                             0.15010358870067286
31.099999999999998                                0.15227300548556358
31.149999999999995                                0.15256472217653597
31.2                                              0.14980506868866664
31.250000000000004                                0.1435837922938553
31.3                                              0.1344855618739967
31.349999999999998                                0.1238866808182114
31.4                                              0.11355156542894651
31.450000000000003                                0.10537767130791742
31.5                                              0.1014514028338898
31.549999999999997                                0.10419595979084705
31.6                                              0.11519726571907783
31.650000000000002                                0.12889909310427553
31.7                                              0.1282256198813586
31.749999999999996                                0.10950016758500619
31.8                                              0.0886146762420905
31.850000000000005                                0.07423189198676095
31.900000000000002                                0.07834139815734983
31.949999999999996                                0.08257933585739571
32                                                0.06853979395345738
32.050000000000004                                0.06839737400547312
32.1                                              0.07162539605980382
32.15                                             0.07687164849108599
32.2                                              0.08365490268379085
32.25                                             0.0917168853145373
32.300000000000004                                0.10088767045378505
32.35                                             0.11104120362721047
32.4                                              0.1220761755183567
32.449999999999996                                0.13390639700944865
32.5                                              0.14645546386586683
32.55                                             0.1596536154076135
32.6                                              0.17343581685346876
32.65                                             0.18774056794495886
32.7                                              0.20250916278426473
32.75                                             0.21768523912037985
32.800000000000004                                0.23321451709274477
32.85                                             0.24904466326831262
32.9                                              0.265125237274967
32.949999999999996                                0.2814076917528365
33                                                0.2978454051029475
33.05                                             0.31439373241738905
33.1                                              0.33101006409428774
33.15                                             0.34765388459571156
33.2                                              0.3642868259869768
33.25                                             0.38087271254416427
33.300000000000004                                0.39737759396301225
33.35                                             0.4137697656707378
33.4                                              0.4300197755154759
33.45                                             0.44610041670563744
33.5                                              0.46198670733963393
33.55                                             0.4776558572111724
33.599999999999994                                0.49308722283371226
33.65                                             0.5082622518127606
33.7                                              0.5231644178252008
33.75                                             0.5377791474996225
33.8                                              0.5520937404617252
33.85                                             0.5660972838060474
33.900000000000006                                0.5797805623128125
33.95                                             0.5931359656570467
34                                                0.606157393701827
34.05                                             0.6188401608683788
34.1                                              0.6311809004976594
34.15                                             0.6431774700237335
34.199999999999996                                0.6548288575962973
34.25                                             0.6661350906431408
34.300000000000004                                0.6770971471900777
34.35                                             0.6877168706272515
34.4                                              0.697996887696431
34.45                                             0.707940529888099
34.50000000000001                                 0.7175517586986924
34.550000000000004                                0.726835094921196
34.6                                              0.7357955525974493
34.65                                             0.7444385775645642
34.7                                              0.7527699860850179
34.75                                             0.7607959106424408
34.8                                              0.7685227513728071
34.85                                             0.775957128624189
34.900000000000006                                0.7831058393312982
34.95                                             0.7899758196073134
35                                                0.7965741051196779
35.050000000000004                                0.802907798681183
35.1                                              0.8089840406731299
35.15                                             0.8148099988849593
35.199999999999996                                0.8203927979050755
35.24999999999999                                 0.825739537219502
35.3                                              0.8308572818559367
35.35                                             0.8357530049446621
35.4                                              0.840433597939858
35.449999999999996                                0.8449058518746255
35.5                                              0.8491764458600298
35.550000000000004                                0.8532519371783566
35.6                                              0.857138752872976
35.65                                             0.8608431827148201
35.7                                              0.8643713734310635
35.75                                             0.8677293240870907
35.8                                              0.8709228825213576
35.849999999999994                                0.8739577427372879
35.9                                              0.8768394431639355
35.95                                             0.8795733657031829
36                                                0.8821647354859633
36.05                                             0.884618621266426
36.1                                              0.8869399363874938
36.150000000000006                                0.8891334402560983
36.2                                              0.8912037402710309
36.25                                             0.8931552941501898
36.3                                              0.894992412608041
36.35                                             0.8967192623374809
36.4                                              0.898339869254026
36.449999999999996                                0.8998581219632252
36.5                                              0.9012777754150364
36.550000000000004                                0.9026024547122984
36.6                                              0.9038356590420334
36.65                                             0.9049807657010389
36.7                                              0.9060410341893468
36.75000000000001                                 0.907019610346173
36.800000000000004                                0.9079195305052628
36.849999999999994                                0.9087437256480381
36.9                                              0.9094950255362536
36.95                                             0.9101761628099281
37                                                0.9107897770409471
37.05                                             0.9113384187323539
37.1                                              0.9118245532464874
37.150000000000006                                0.9122505646352033
37.2                                              0.9126187593466596
37.25                                             0.9129313697969541
37.300000000000004                                0.9131905578098994
37.35                                             0.9133984179314116
37.4                                              0.9135569806214723
37.449999999999996                                0.913668215313399
37.49999999999999                                 0.9137340328851674
37.55                                             0.9137562893879587
37.6                                              0.9137367837962139
37.65                                             0.9136772718838815
37.699999999999996                                0.9135794535184201
37.75                                             0.9134449875012911
37.800000000000004                                0.9132754866678497
37.85                                             0.9130725270383153
37.9                                              0.9128376209457777
37.95                                             0.9125722695584617
38                                                0.9122779194438329
38.05                                             0.911955982010445
38.099999999999994                                0.9116078319199161
38.15                                             0.9112348076965914
38.2                                              0.9108382120971279
38.25                                             0.9104193124555223
38.3                                              0.9099793410760427
38.35                                             0.9095194953400573
38.400000000000006                                0.909040937686714
38.45                                             0.9085447955030075
38.5                                              0.9080321609180007
38.55                                             0.9075040904897858
38.6                                              0.9069616047784762
38.65                                             0.9064056878659839
38.699999999999996                                0.9058372868496161
38.75                                             0.9052573112626595
38.800000000000004                                0.9046666324319187
38.85                                             0.9040660828054512
38.9                                              0.9034564552658128
38.95                                             0.9028385024390709
39.00000000000001                                 0.9022129360100869
39.050000000000004                                0.9015804260538615
39.099999999999994                                0.9009416003914581
39.15                                             0.9002970439802911
39.2                                              0.8996472983526836
39.25                                             0.8989928611197348
39.3                                              0.8983341855546655
39.35                                             0.8976716802650568
39.400000000000006                                0.8970057089603457
39.45                                             0.896336590321318
39.5                                              0.8956645979797312
39.550000000000004                                0.8949899606174359
39.6                                              0.8943128621940691
39.65                                             0.8936334423125792
39.699999999999996                                0.8929517967320103
39.75                                             0.8922679780321146
39.8                                              0.8915819964243556
39.85                                             0.8908938206993131
39.9                                              0.890203379323721
39.949999999999996                                0.8895105617130109
40                                                0.8888152196836291
40.050000000000004                                0.888117169069787
40.1                                              0.88741619149687
40.15                                             0.8867120363147832
40.2                                              0.8860044226966187
40.25                                             0.885293041883602
40.3                                              0.8845775594833608
40.349999999999994                                0.8838576177726559
40.4                                              0.8831328383295426
40.45                                             0.8824028250781811
40.5                                              0.8816671672377115
40.55                                             0.880925442169141
40.6                                              0.8801772183515268
40.650000000000006                                0.8794220585279695
40.7                                              0.8786595231843423
40.75                                             0.8778891743700593
40.8                                              0.877110577483696
40.85                                             0.8763233037843182
40.9                                              0.8755269360680715
40.949999999999996                                0.8747210716289906
41                                                0.8739053249001327
41.050000000000004                                0.8730793300160555
41.1                                              0.8722427474753831
41.15                                             0.8713952631283307
41.2                                              0.8705365910679499
41.25000000000001                                 0.8696664795431897
41.300000000000004                                0.8687847052583116
41.349999999999994                                0.8678911034082749
41.4                                              0.8669855403622623
41.45                                             0.8660678925094116
41.5                                              0.8651381333831404
41.55                                             0.8641962547709084
41.6                                              0.8632423018898754
41.650000000000006                                0.8622763701562498
41.7                                              0.8612986061821001
41.75                                             0.8603092086711951
41.800000000000004                                0.8593084290695227
41.85                                             0.8582965719441145
41.9                                              0.8572739950785897
41.949999999999996                                0.8562411092783937
42                                                0.8551983778806692
42.050000000000004                                0.8541463159653508
42.1                                              0.8530854892658153
42.15                                             0.8520165127785764
42.199999999999996                                0.8509400490738115
42.25                                             0.8498568063097942
42.300000000000004                                0.8487675359563203
42.35                                             0.8476730302334906
42.4                                              0.8465741192745541
42.45                                             0.8454716680225172
42.5                                              0.8443665728724188
42.55                                             0.8432597580724723
42.599999999999994                                0.8421521718989108
42.65                                             0.8410447826211882
42.7                                              0.8399385742749956
42.75                                             0.8388345422626666
42.8                                              0.8377336888012664
42.85                                             0.836637018240221
42.900000000000006                                0.8355455322710374
42.95                                             0.8344602250531846
43                                                0.8333820782806083
43.05                                             0.8323120562144453
43.1                                              0.8312511007078193
43.15                                             0.8302001262495475
43.199999999999996                                0.8291600150532856
43.25                                             0.8281316122192037
43.300000000000004                                0.8271157209951445
43.35                                             0.826113098163773
43.4                                              0.8251244495829325
43.45                                             0.8241504259055934
43.50000000000001                                 0.8231916185061144
43.550000000000004                                0.8222485556385896
43.599999999999994                                0.8213216988515626
43.65                                             0.8204114396818231
43.7                                              0.8195180966498213
43.75                                             0.8186419125789838
43.8                                              0.817783052268336
43.85                                             0.8169416006246347
43.900000000000006                                0.8161175494188992
43.95                                             0.8153108504239246
44                                                0.8145213106113682
44.050000000000004                                0.8137486932955454
44.1                                              0.8129926646173621
44.15                                             0.8122528109864932
44.199999999999996                                0.8115286346404705
44.25                                             0.8108195568822382
44.300000000000004                                0.8101249210346206
44.35                                             0.8094439911547457
44.4                                              0.8087759570194862
44.449999999999996                                0.8081199378327713
44.5                                              0.8074749848664995
44.550000000000004                                0.8068400856292512
44.6                                              0.806214168266758
44.65                                             0.8055961059624913
44.7                                              0.8049847221983184
44.75                                             0.8043787965454219
44.8                                              0.8037770703263656
44.849999999999994                                0.80317825264065
44.9                                              0.8025810267347403
44.95                                             0.8019840566214982
45                                                0.8013859939073863
45.05                                             0.8007854847937371
45.1                                              0.8001811772211793
45.150000000000006                                0.7995717281258683
45.2                                              0.7989558107663782
45.25                                             0.7983321220785112
45.3                                              0.7976993900219523
45.35                                             0.7970563808804082
45.4                                              0.7964019064745902
45.449999999999996                                0.795734831245519
45.5                                              0.7950540791664161
45.550000000000004                                0.7943586404389298
45.6                                              0.7936475779290689
45.65                                             0.7929200332977714
45.7                                              0.7921752327866205
45.75000000000001                                 0.7914124926309185
45.800000000000004                                0.7906312240764151
45.849999999999994                                0.7898309379712889
45.9                                              0.7890112488933398
45.95                                             0.7881718787695539
46                                                0.7873126599509847
46.05                                             0.7864335377158308
46.1                                              0.785534572180231
46.150000000000006                                0.7846159395993688
46.2                                              0.7836779330436322
46.25                                             0.7827209624378901
46.300000000000004                                0.7817455539584589
46.35                                             0.7807523487904621
46.4                                              0.7797421012471036
46.449999999999996                                0.7787156762325753
46.5                                              0.7776740460095388
46.550000000000004                                0.7766182862670689
46.6                                              0.775549571541848
46.65                                             0.7744691700485336
46.7                                              0.7733784379311905
46.75000000000001                                 0.7722788129333659
46.800000000000004                                0.7711718074973798
46.85                                             0.7700590013163623
46.9                                              0.7689420333657767
46.95                                             0.7678225934401202
47                                                0.7667024132551048
47.05                                             0.7655832572518317
47.099999999999994                                0.7644669131506155
47.15                                             0.7633551820689286
47.2                                              0.7622498682326939
47.25                                             0.7611527685405378
47.3                                              0.7600656620511168
47.35                                             0.7589902993821235
47.400000000000006                                0.757928392185507
47.45                                             0.7568816034946344
47.5                                              0.755851539628724
47.55                                             0.7548397365638577
47.6                                              0.7538476429997745
47.65                                             0.7528766180526203
47.699999999999996                                0.7519279245476851
47.75                                             0.7510027174943168
47.800000000000004                                0.7501020342651104
47.85                                             0.749226783783783
47.9                                              0.7483777483251196
47.95                                             0.7475555775343604
48.00000000000001                                 0.7467607619261574
48.050000000000004                                0.7459936457241195
48.099999999999994                                0.7452544185643106
48.15                                             0.7445431330349502
48.2                                              0.7438596402084727
48.25                                             0.743203630378524
48.3                                              0.7425747058130798
48.35                                             0.7419722183275939
48.400000000000006                                0.7413953974545349
48.45                                             0.7408433095712827
48.5                                              0.7403148655436012
48.550000000000004                                0.7398088255445165
48.6                                              0.7393238046596905
48.65                                             0.7388582794620285
48.699999999999996                                0.7384105955615374
48.74999999999999                                 0.737978976105282
48.800000000000004                                0.737561531189732
48.85                                             0.7371562681398063
48.9                                              0.7367611025999968
48.949999999999996                                0.7363738703788976
49.00000000000001                                 0.7359923399786275
49.050000000000004                                0.7356142257384541
49.1                                              0.7352372015139068
49.15                                             0.7348589148095009
49.2                                              0.7344770012785855
49.25                                             0.734089099500182
49.3                                              0.7336928659393033
49.349999999999994                                0.7332859899954588
49.400000000000006                                0.7328662090420142
49.45                                             0.7324313233572514
49.5                                              0.7319792108493705
49.55                                             0.7315078414746955
49.60000000000001                                 0.731015291252618
49.650000000000006                                0.730499755778773
49.7                                              0.7299595631425441
49.75                                             0.729393186155105
49.800000000000004                                0.7287992537993548
49.85                                             0.7281765618145353
49.9                                              0.7275240823343011
49.949999999999996                                0.726840972500259
50.00000000000001                                 0.7261265819788774
