20                                                0.34351516161578394
20.05                                             0.3431975819411398
20.1                                              0.34288024503900366
20.15                                             0.3425631633930785
20.2                                              0.34224634487750955
20.25                                             0.341929792479269
20.3                                              0.34161350403804247
20.35                                             0.3412974720087906
20.4                                              0.34098168324494327
20.45                                             0.34066611879279407
20.5                                              0.34035075369336903
20.55                                             0.3400355568049108
20.6                                              0.3397204906665499
20.650000000000002                                0.33940551141323005
20.7                                              0.3390905687343331
20.75                                             0.3387756058425887
20.8                                              0.33846055924343793
20.85                                             0.3381453589377009
20.900000000000002                                0.3378299289942143
20.95                                             0.33751418930706617
21                                                0.33719805284358306
21.05                                             0.3368814304471057
21.099999999999998                                0.336564203882371
21.150000000000002                                0.33624629908251896
21.2                                              0.3359275958459805
21.249999999999996                                0.3356079847083399
21.299999999999997                                0.3352873524720208
21.349999999999998                                0.33496558340515653
21.4                                              0.3346425599133488
21.45                                             0.3343181632504645
21.5                                              0.33399227429948164
21.549999999999997                                0.3336647743104805
21.599999999999998                                0.3333355456526884
21.65                                             0.33300447257676363
21.7                                              0.33267144198789067
21.75                                             0.33233634420790387
21.799999999999997                                0.33199907368840803
21.849999999999998                                0.3316595296903819
21.9                                              0.33131761692492595
21.95                                             0.33097324612858087
22                                                0.3306263345597038
22.05                                             0.33027680640509705
22.099999999999998                                0.32992459308584443
22.15                                             0.3295696334497094
22.2                                              0.3292118738331914
22.25                                             0.3288512679811826
22.3                                              0.32848777681892155
22.35                                             0.32812136807409487
22.4                                              0.3277520157417746
22.45                                             0.3273796993841488
22.5                                              0.32700440326146896
22.55                                             0.32662611529258373
22.6                                              0.32624482584554704
22.65                                             0.32586052636239354
22.7                                              0.3254732078408766
22.75                                             0.325082859217327
22.8                                              0.32468946565766565
22.85                                             0.32429300671767447
22.900000000000002                                0.3238934543938351
22.95                                             0.3234907711370061
23                                                0.3230849078714062
23.05                                             0.32267580204923274
23.1                                              0.32226337582466746
23.150000000000002                                0.3218475344680224
23.2                                              0.321428164779181
23.25                                             0.32100513330316627
23.3                                              0.3205782851580777
23.349999999999998                                0.32014744341883256
23.400000000000002                                0.31971240866398537
23.45                                             0.3192729588826139
23.5                                              0.31882884988406146
23.549999999999997                                0.3183798156216303
23.6                                              0.3179255695505854
23.65                                             0.31746580716399747
23.700000000000003                                0.31700020886418245
23.75                                             0.316528434998552
23.799999999999997                                0.3160501437913953
23.849999999999998                                0.3155649918480958
23.9                                              0.3150726239880536
23.95                                             0.31457269559677653
24                                                0.31406487039957937
24.049999999999997                                0.3135488190953145
24.099999999999998                                0.3130242498554317
24.15                                             0.31249088479165377
24.2                                              0.31194848500174044
24.25                                             0.3113968511655175
24.3                                              0.3108358301188289
24.349999999999998                                0.3102653206103303
24.4                                              0.3096852785403958
24.45                                             0.3090957215368885
24.5                                              0.30849673270345446
24.55                                             0.3078884633705946
24.6                                              0.30727113468841927
24.65                                             0.30664503790713704
24.7                                              0.306010533206304
24.75                                             0.3053680469481318
24.8                                              0.30471806725171136
24.85                                             0.30406113781282285
24.9                                              0.3033978499269489
24.95                                             0.30272883271209744
25                                                0.30205474157204143
25.05                                             0.30137624498891763
25.1                                              0.3006940097885671
25.150000000000002                                0.3000086850775675
25.2                                              0.2993208851116146
25.25                                             0.29863117141466533
25.3                                              0.2979400345303648
25.35                                             0.2972478758436846
25.400000000000002                                0.2965549899664288
25.45                                             0.29586154822564825
25.5                                              0.2951675838316325
25.55                                             0.29447297932637867
25.599999999999998                                0.29377745692155116
25.650000000000002                                0.29308057232881246
25.7                                              0.29238171265980883
25.75                                             0.29168009892610264
25.799999999999997                                0.29097479359394707
25.85                                             0.2902647135420152
25.9                                              0.2895486486449503
25.950000000000003                                0.28882528606685975
26                                                0.2880932402340744
26.05                                             0.28735108881050747
26.099999999999998                                0.2865974091843092
26.15                                             0.2858308327398327
26.2                                              0.2850500767378937
26.25                                             0.28425400209381924
26.299999999999997                                0.2834416685366285
26.349999999999998                                0.282612375064383
26.4                                              0.28176572721606336
26.45                                             0.28090165145528534
26.5                                              0.280020447939867
26.55                                             0.2791228243952778
26.599999999999998                                0.2782099098211146
26.65                                             0.27728326416774585
26.7                                              0.2763448735783105
26.75                                             0.2753971307227497
26.8                                              0.2744427991536903
26.85                                             0.2734849607778082
26.9                                              0.2725269460308097
26.95                                             0.2715722468892584
27                                                0.2706244134656214
27.05                                             0.26968693566667734
27.1                                              0.26876311225528043
27.15                                             0.2678559104835176
27.2                                              0.2669678203603855
27.25                                             0.26610070860194857
27.3                                              0.26525567818714846
27.35                                             0.26443294020565644
27.400000000000002                                0.263631705279458
27.45                                             0.2628501021710259
27.5                                              0.2620851311785179
27.55                                             0.2613326594847307
27.6                                              0.26058746472311867
27.65                                             0.2598433316107281
27.7                                              0.259093204551241
27.749999999999996                                0.2583293966815953
27.8                                              0.25754385301787963
27.849999999999998                                0.25672846227709184
27.900000000000002                                0.25587540876388926
27.95                                             0.2549775525928685
28                                                0.2540288236491927
28.049999999999997                                0.25302461225468226
28.1                                              0.2519621376318509
28.15                                             0.25084077402674143
28.200000000000003                                0.2496623138002195
28.25                                             0.24843114699458263
28.3                                              0.2471543378031238
28.349999999999998                                0.24584157996222228
28.400000000000002                                0.24450501540099975
28.45                                             0.2431589036647617
28.500000000000004                                0.24181913391272727
28.549999999999997                                0.2405025769427944
28.6                                              0.23922628166820908
28.65                                             0.2380065297509004
28.700000000000003                                0.2368577748682598
28.75                                             0.23579150691905784
28.8                                              0.23481509731579545
28.849999999999998                                0.23393069943980335
28.899999999999995                                0.2331342951414362
28.95                                             0.2324149866101523
29.000000000000004                                0.23175464603444798
29.05                                             0.23112803686814043
29.099999999999998                                0.2305034789122684
29.15                                             0.22984411109915712
29.200000000000003                                0.2291098159523725
29.25                                             0.22825959219769423
29.299999999999997                                0.22725451413481912
29.35                                             0.22606085086202035
29.400000000000002                                0.22465329291312117
29.45                                             0.22301792011148244
29.499999999999996                                0.22115478012319745
29.55                                             0.21907968940186595
29.600000000000005                                0.21682516589199285
29.650000000000002                                0.21444025835861033
29.699999999999996                                0.2119891468813506
29.75                                             0.20954838810670728
29.800000000000004                                0.20720269752245482
29.85                                             0.20503918101994947
29.9                                              0.20313998229909158
29.95                                             0.20157343968499594
29.999999999999996                                0.20038409034327
30.05                                             0.19958225555807707
30.099999999999998                                0.19913448170999268
30.150000000000002                                0.19895671299578607
30.2                                              0.19891253695543737
30.25                                             0.19881887094183404
30.299999999999997                                0.19846073003279746
30.35                                             0.19761508788253213
30.4                                              0.19608154865604466
30.450000000000003                                0.1937152917162939
30.5                                              0.1904564809102678
30.55                                             0.18635074637103916
30.599999999999998                                0.18155739733935541
30.650000000000002                                0.17634478832248449
30.7                                              0.1710743433187411
30.750000000000004                                0.1661749194392168
30.799999999999997                                0.1621068909211629
30.85                                             0.15931088092993345
30.9                                              0.15813115913780362
30.950000000000003                                0.15870289428887852
31                                                0.16080524624665304
31.05                                             0.163721466608939
31.099999999999998                                0.16621100295685673
31.149999999999995                                0.1667331408293119
31.2                                              0.1639603131715174
31.250000000000004                                0.1573661842867633
31.3                                              0.14751362509823587
31.349999999999998                                0.13587234078485075
31.4                                              0.12439127322756617
31.450000000000003                                0.11520354462047266
31.5                                              0.11066085555340413
31.549999999999997                                0.1134768573091725
31.6                                              0.12547055751084268
31.650000000000002                                0.1408070564495478
31.7                                              0.14084550354695705
31.749999999999996                                0.12061629371476795
31.8                                              0.09734501950376839
31.850000000000005                                0.08108885968969634
31.900000000000002                                0.08517320041671748
31.949999999999996                                0.09106779955275295
32                                                0.07505828960545534
32.050000000000004                                0.07492731533349235
32.1                                              0.07863485822378437
32.15                                             0.08462184074942083
32.2                                              0.0923282001847702
32.25                                             0.10145006884592966
32.300000000000004                                0.11178538964538344
32.35                                             0.12318294458045896
32.4                                              0.1355204778016955
32.449999999999996                                0.14869372044634052
32.5                                              0.16261033119576326
32.55                                             0.17718634438508235
32.6                                              0.1923440103097862
32.65                                             0.2080104559184067
32.7                                              0.2241168496337634
32.75                                             0.24059788475193336
32.800000000000004                                0.2573914673110178
32.85                                             0.27443853557204906
32.9                                              0.2916829631697364
32.949999999999996                                0.3090715136398432
33                                                0.3265538242432905
33.05                                             0.34408240387260847
33.1                                              0.3616126345891489
33.15                                             0.3791027697140923
33.2                                              0.3965139238577666
33.25                                             0.4138100520628983
33.300000000000004                                0.43095791656132526
33.35                                             0.4479270406080442
33.4                                              0.4646896495716924
33.45                                             0.48122059997386174
33.5                                              0.49749729754035465
33.55                                             0.5134996055607481
33.599999999999994                                0.5292097449938881
33.65                                             0.5446121878149951
33.7                                              0.5596935451038079
33.75                                             0.574442451319372
33.8                                              0.5888494461264173
33.85                                             0.602906855051125
33.900000000000006                                0.6166086701439643
33.95                                             0.629950431686163
34                                                0.6429291118400641
34.05                                             0.655543001014241
34.1                                              0.6677915976031209
34.15                                             0.6796755016398222
34.199999999999996                                0.6911963127561203
34.25                                             0.7023565327062445
34.300000000000004                                0.7131594727873657
34.35                                             0.7236091664657516
34.4                                              0.7337102870604263
34.45                                             0.7434680704120052
34.50000000000001                                 0.7528882426292194
34.550000000000004                                0.7619769531117797
34.6                                              0.7707407137555098
34.65                                             0.7791863409139528
34.7                                              0.7873208961422987
34.75                                             0.7951516428765294
34.8                                              0.8026860038041697
34.85                                             0.8099315178744391
34.900000000000006                                0.8168958026025361
34.95                                             0.8235865242807285
35                                                0.8300113637547432
35.050000000000004                                0.8361779881179097
35.1                                              0.842094029797632
35.15                                             0.847767077224798
35.199999999999996                                0.8532046160876428
35.24999999999999                                 0.8584140594456953
35.3                                              0.8634027100003331
35.35                                             0.8681777476270324
35.4                                              0.8727462216215838
35.449999999999996                                0.877115040731175
35.5                                              0.8812909652639301
35.550000000000004                                0.8852806005747189
35.6                                              0.8890903917936842
35.65                                             0.8927266196836012
35.7                                              0.8961953975216259
35.75                                             0.8995026689091757
35.8                                              0.9026542064210482
35.849999999999994                                0.9056556110113403
35.9                                              0.9085123121006653
35.95                                             0.9112295682747513
36                                                0.9138124685305613
36.05                                             0.9162659340112446
36.1                                              0.9185947201754402
36.150000000000006                                0.9208034193518639
36.2                                              0.92289646363256
36.25                                             0.924878128063414
36.3                                              0.9267525340923244
36.35                                             0.9285236532397209
36.4                                              0.9301953109578863
36.449999999999996                                0.9317711906492655
36.5                                              0.9332548378152444
36.550000000000004                                0.9346496643100433
36.6                                              0.935958952675529
36.65                                             0.9371858605351171
36.7                                              0.9383334250256948
36.75000000000001                                 0.9394045672484775
36.800000000000004                                0.9404020967199624
36.849999999999994                                0.9413287158066346
36.9                                              0.9421870241287262
36.95                                             0.9429795229223121
37                                                0.9437086193531978
37.05                                             0.944376630775173
37.1                                              0.9449857889190179
37.150000000000006                                0.9455382439883189
37.2                                              0.9460360686384423
37.25                                             0.9464812618274728
37.300000000000004                                0.9468757525419788
37.35                                             0.9472214034041558
37.4                                              0.9475200141603191
37.449999999999996                                0.9477733250067851
37.49999999999999                                 0.9479830229121886
37.55                                             0.9481507295618196
37.6                                              0.948278028965259
37.65                                             0.9483664568437655
37.699999999999996                                0.9484174951048777
37.75                                             0.9484325896917157
37.800000000000004                                0.9484131446042022
37.85                                             0.9483605319318504
37.9                                              0.9482760642262327
37.95                                             0.9481610475655411
38                                                0.9480167395435759
38.05                                             0.9478443684164868
38.099999999999994                                0.9476451319970398
38.15                                             0.9474201985618778
38.2                                              0.9471707074373615
38.25                                             0.9468977699825947
38.3                                              0.9466024703186283
38.35                                             0.9462858656747493
38.400000000000006                                0.945948986685014
38.45                                             0.9455928375836657
38.5                                              0.9452183962809866
38.55                                             0.9448266143194773
38.6                                              0.9444184167027123
38.65                                             0.9439947016238555
38.699999999999996                                0.9435563401284522
38.75                                             0.9431041756955924
38.800000000000004                                0.942639023735665
38.85                                             0.9421616710239534
38.9                                              0.9416728750850013
38.95                                             0.9411733635380213
39.00000000000001                                 0.9406638334120676
39.050000000000004                                0.9401449504385673
39.099999999999994                                0.9396173483312033
39.15                                             0.9390816280707526
39.2                                              0.9385383572129288
39.25                                             0.9379880692264658
39.3                                              0.9374312628650963
39.35                                             0.9368684015824009
39.400000000000006                                0.9362999130016253
39.45                                             0.9357261884518956
39.5                                              0.935147582581069
39.550000000000004                                0.9345644130560111
39.6                                              0.9339769603632623
39.65                                             0.9333854677265727
39.699999999999996                                0.9327901411564109
39.75                                             0.9321911496234557
39.8                                              0.931588625307744
39.85                                             0.9309826638921489
39.9                                              0.9303733249796922
39.949999999999996                                0.9297606327411806
40                                                0.9291445767776165
40.050000000000004                                0.9285251131227572
40.1                                              0.9279021653662596
40.15                                             0.9272756259309122
40.2                                              0.9266453575504718
40.25                                             0.926011194924891
40.3                                              0.9253729462302518
40.349999999999994                                0.924730394138471
40.4                                              0.9240832974509832
40.45                                             0.9234313941814921
40.5                                              0.9227744043076936
40.55                                             0.9221120317523012
40.6                                              0.9214439664868687
40.650000000000006                                0.9207698869487947
40.7                                              0.9200894626421249
40.75                                             0.9194023568987256
40.8                                              0.9187082296358539
40.85                                             0.9180067399277418
40.9                                              0.9172975489203443
40.949999999999996                                0.916580322674119
41                                                0.915854734554893
41.050000000000004                                0.9151204678704268
41.1                                              0.9143772296790004
41.15                                             0.9136247312899956
41.2                                              0.9128627027731566
41.25000000000001                                 0.9120909007066951
41.300000000000004                                0.9113091154215258
41.349999999999994                                0.9105171386294743
41.4                                              0.9097148231168118
41.45                                             0.908902024120106
41.5                                              0.908078655385783
41.55                                             0.907244654132885
41.6                                              0.9063999978031784
41.650000000000006                                0.9055447036161374
41.7                                              0.9046788299608968
41.75                                             0.9038024776604829
41.800000000000004                                0.9029157910318888
41.85                                             0.9020189587226813
41.9                                              0.9011122143121285
41.949999999999996                                0.9001958366684459
42                                                0.8992701500547745
42.050000000000004                                0.8983355239781441
42.1                                              0.8973923727766823
42.15                                             0.8964411549419699
42.199999999999996                                0.8954823721744166
42.25                                             0.8945165681716427
42.300000000000004                                0.8935443271508905
42.35                                             0.8925662721082771
42.4                                              0.8915830628193477
42.45                                             0.8905953935865293
42.5                                              0.889603990741129
42.55                                             0.8886096099084244
42.599999999999994                                0.8876130330468239
42.65                                             0.886615065272315
42.7                                              0.885616531482136
42.75                                             0.8846182727919045
42.8                                              0.8836211428025387
42.85                                             0.8826260037141306
42.900000000000006                                0.8816337223051861
42.95                                             0.880645165796942
43                                                0.879661197623265
43.05                                             0.8786826731278309
43.1                                              0.8777104352107041
43.15                                             0.8767453099476574
43.199999999999996                                0.8757881022055837
43.25                                             0.8748395912779499
43.300000000000004                                0.8739005265645812
43.35                                             0.8729716233198286
43.4                                              0.8720535584939364
43.45                                             0.8711469666920936
43.50000000000001                                 0.8702524362764428
43.550000000000004                                0.8693705056352606
43.599999999999994                                0.8685016596425307
43.65                                             0.8676463263305765
43.7                                              0.8668048737967161
43.75                                             0.8659776073647119
43.8                                              0.8651647670193975
43.85                                             0.8643665251153831
43.900000000000006                                0.8635829872149337
43.95                                             0.8628141775287428
44                                                0.8620600624406735
44.050000000000004                                0.8613205250064444
44.1                                              0.8605953783843314
44.15                                             0.8598843595772575
44.199999999999996                                0.8591871324355613
44.25                                             0.85850328790969
44.300000000000004                                0.8578323454224378
44.35                                             0.8571737520439913
44.4                                              0.8565268861269384
44.449999999999996                                0.8558910598486174
44.5                                              0.8552655210768201
44.550000000000004                                0.8546494565388029
44.6                                              0.8540419952109424
44.65                                             0.8534422119271734
44.7                                              0.8528491315909795
44.75                                             0.8522617337411446
44.8                                              0.8516789572558011
44.849999999999994                                0.8510997054042475
44.9                                              0.8505228512090494
44.95                                             0.8499472430670413
45                                                0.8493717106016136
45.05                                             0.8487950707196762
45.1                                              0.8482161338376621
45.150000000000006                                0.8476337102409818
45.2                                              0.8470466165555052
45.25                                             0.8464536823025729
45.3                                              0.8458537564947569
45.35                                             0.8452457142345425
45.4                                              0.844628463279798
45.449999999999996                                0.8440009505401979
45.5                                              0.8433621684659677
45.550000000000004                                0.8427111612902124
45.6                                              0.8420470310851071
45.65                                             0.8413689435941406
45.7                                              0.8406761338045032
45.75000000000001                                 0.8399679112268129
45.800000000000004                                0.8392436648500652
45.849999999999994                                0.8385028677386951
45.9                                              0.8377450812375665
45.95                                             0.836969958750389
46                                                0.8361772490605088
46.05                                             0.83536679916637
46.1                                              0.8345385566089338
46.150000000000006                                0.8336925712707478
46.2                                              0.8328289966305144
46.25                                             0.8319480904627296
46.300000000000004                                0.8310502149778485
46.35                                             0.830135836397879
46.4                                              0.8292055239416986
46.449999999999996                                0.8282599481641931
46.5                                              0.8272998786140683
46.550000000000004                                0.8263261808696011
46.6                                              0.8253398130497726
46.65                                             0.824341821821694
46.7                                              0.8233333378602968
46.75000000000001                                 0.822315570738125
46.800000000000004                                0.8212898032690986
46.85                                             0.8202573853529668
46.9                                              0.8192197273586889
46.95                                             0.8181782930068864
47                                                0.8171345915412149
47.05                                             0.8160901691563771
47.099999999999994                                0.8150466005727794
47.15                                             0.8140054812473019
47.2                                              0.8129684189804663
47.25                                             0.8119370245210378
47.3                                              0.8109129019194921
47.35                                             0.8098976389393212
47.400000000000006                                0.8088927974596937
47.45                                             0.8078999039298806
47.5                                              0.8069204405629548
47.55                                             0.8059558368254235
47.6                                              0.8050074579445198
47.65                                             0.8040765953768274
47.699999999999996                                0.803164459687559
47.75                                             0.802272172142921
47.800000000000004                                0.8014007561086287
47.85                                             0.8005511281526398
47.9                                              0.7997240960071542
47.95                                             0.7989203502440825
48.00000000000001                                 0.7981404496186797
48.050000000000004                                0.7973848252360833
48.099999999999994                                0.7966537700960727
48.15                                             0.7959474528697233
48.2                                              0.7952658828757434
48.25                                             0.7946089262293548
48.3                                              0.7939763213386136
48.35                                             0.7933676425818006
48.400000000000006                                0.792782326231916
48.45                                             0.7922196635868584
48.5                                              0.791678803969088
48.550000000000004                                0.7911587579858521
48.6                                              0.7906584016705814
48.65                                             0.7901764815359139
48.699999999999996                                0.7897116205280167
48.74999999999999                                 0.7892623248610782
48.800000000000004                                0.788826991702596
48.85                                             0.7884039176737222
48.9                                              0.7879913081221266
48.949999999999996                                0.7875872871191265
49.00000000000001                                 0.7871899081266078
49.050000000000004                                0.7867971652743356
49.1                                              0.7864070051825364
49.15                                             0.7860173392603959
49.2                                              0.785626056406928
49.25                                             0.7852310360362963
49.3                                              0.7848301613475216
49.349999999999994                                0.7844213327547808
49.400000000000006                                0.7840024813931648
49.45                                             0.7835715826126388
49.5                                              0.7831266693720685
49.55                                             0.7826658454451288
49.60000000000001                                 0.7821872983487848
49.650000000000006                                0.781689311907196
49.7                                              0.7811702783634538
49.75                                             0.7806287099545226
49.800000000000004                                0.7800632498657533
49.85                                             0.7794726824849525
49.9                                              0.7788559428782665
49.949999999999996                                0.7782121254146354
50.00000000000001                                 0.7775404914688432
