20                                                0.3040614920904175
20.05                                             0.3037670384308451
20.1                                              0.3034731417133405
20.15                                             0.30317981448792847
20.2                                              0.30288706463731263
20.25                                             0.3025948951342617
20.3                                              0.3023033038042409
20.35                                             0.30201228309114736
20.4                                              0.3017218198350571
20.45                                             0.30143189508597
20.5                                              0.30114248397435917
20.55                                             0.3008535556320463
20.6                                              0.3005650731377761
20.650000000000002                                0.30027699347862236
20.7                                              0.29998926755276767
20.75                                             0.2997018403933191
20.8                                              0.2994146493136154
20.85                                             0.29912763063316034
20.900000000000002                                0.29884070804177226
20.95                                             0.2985538039754863
21                                                0.29826683433194573
21.05                                             0.2979797086074555
21.099999999999998                                0.29769233889557634
21.150000000000002                                0.2974046230785446
21.2                                              0.2971164600695562
21.249999999999996                                0.29682774550197527
21.299999999999997                                0.2965383718346723
21.349999999999998                                0.296248229260821
21.4                                              0.2959572063548413
21.45                                             0.2956651907216721
21.5                                              0.2953720696182875
21.549999999999997                                0.2950777306102093
21.599999999999998                                0.29478206223525427
21.65                                             0.29448495467340347
21.7                                              0.2941863004149004
21.75                                             0.2938859948870774
21.799999999999997                                0.29358393704561364
21.849999999999998                                0.2932800299469978
21.9                                              0.29297418126400443
21.95                                             0.29266630372872277
22                                                0.2923563154986226
22.05                                             0.29204414043941723
22.099999999999998                                0.29172970831730466
22.15                                             0.2914129548930826
22.2                                              0.29109382189962923
22.25                                             0.29077225688361363
22.3                                              0.29044821290340134
22.35                                             0.2901216480914032
22.4                                              0.28979252508391923
22.45                                             0.28946081031702603
22.5                                              0.28912647318401047
22.55                                             0.288789485055315
22.6                                              0.28844981816143495
22.65                                             0.2881074443322452
22.7                                              0.28776233358635234
22.75                                             0.28741445262182375
22.8                                              0.2870637632995046
22.85                                             0.2867102211037984
22.900000000000002                                0.2863537735104388
22.95                                             0.2859943582972982
23                                                0.28563190186921716
23.05                                             0.2852663176295023
23.1                                              0.2848975044333121
23.150000000000002                                0.2845253452950714
23.2                                              0.28414970643458676
23.25                                             0.2837704361399242
23.3                                              0.2833873637103397
23.349999999999998                                0.2830002990509897
23.400000000000002                                0.2826090326286371
23.45                                             0.2822133357667375
23.5                                              0.28181296160404884
23.549999999999997                                0.2814076456728948
23.6                                              0.2809971066626644
23.65                                             0.2805810497364669
23.700000000000003                                0.2801591693283742
23.75                                             0.27973114864359655
23.799999999999997                                0.27929666381600654
23.849999999999998                                0.2788553995136281
23.9                                              0.2784070339235357
23.95                                             0.2779512543851023
24                                                0.27748776414846943
24.049999999999997                                0.27701627997958267
24.099999999999998                                0.2765365422723362
24.15                                             0.27604832187659273
24.2                                              0.2755514224113133
24.25                                             0.27504568703791626
24.3                                              0.2745310033679898
24.349999999999998                                0.2740073081388694
24.4                                              0.2734745913828212
24.45                                             0.2729328999377125
24.5                                              0.27238234015205004
24.55                                             0.2718230796387205
24.6                                              0.2712553479408683
24.65                                             0.2706794359868655
24.7                                              0.270095694227364
24.75                                             0.26950452936130065
24.8                                              0.2689063995778311
24.85                                             0.2683018082671006
24.9                                              0.26769129618398213
24.95                                             0.2670754320846918
25                                                0.26645480189679416
25.05                                             0.26582999652586486
25.1                                              0.26520159845094143
25.150000000000002                                0.2645701673086481
25.2                                              0.2639362247187039
25.25                                             0.2633002386548744
25.3                                              0.26266260771502986
25.35                                             0.2620236456929285
25.400000000000002                                0.2613835668957014
25.45                                             0.2607424726877584
25.5                                              0.26010033976722713
25.55                                             0.2594570106978028
25.599999999999998                                0.2588121872180273
25.650000000000002                                0.258165426833648
25.7                                              0.2575161431617734
25.75                                             0.25686361043842537
25.799999999999997                                0.25620697252970037
25.85                                             0.25554525669713535
25.9                                              0.2548773922524616
25.950000000000003                                0.2542022341053503
26                                                0.2535185910862992
26.05                                             0.2528252593635124
26.099999999999998                                0.25212105448408484
26.15                                             0.25140486310623467
26.2                                              0.2506756676151978
26.25                                             0.2499326004743075
26.299999999999997                                0.2491749875878676
26.349999999999998                                0.2484023852823304
26.4                                              0.24761463188809182
26.45                                             0.24681186553570708
26.5                                              0.24599456048664528
26.55                                             0.24516355324370187
26.599999999999998                                0.24432005023981718
26.65                                             0.24346563040749333
26.7                                              0.2426022348741858
26.75                                             0.24173214336867294
26.8                                              0.24085793660648336
26.85                                             0.23998244396958895
26.9                                              0.23910867638143632
26.95                                             0.23823974473904697
27                                                0.23737876481044423
27.05                                             0.2365287501573069
27.1                                              0.23569249538729403
27.15                                             0.23487245275914528
27.2                                              0.23407060593731163
27.25                                             0.23328834551217645
27.3                                              0.23252635161780463
27.35                                             0.2317844895837106
27.400000000000002                                0.23106172499288133
27.45                                             0.23035606470871314
27.5                                              0.2296645303027585
27.55                                             0.22898316980764996
27.6                                              0.22830711279331473
27.65                                             0.2276306723825966
27.7                                              0.22694749598557984
27.749999999999996                                0.22625076429168747
27.8                                              0.225533435520124
27.849999999999998                                0.2247885292017018
27.900000000000002                                0.22400944099699324
27.95                                             0.2231902774086506
28                                                0.22232619688719651
28.049999999999997                                0.2214137418922519
28.1                                              0.2204511450880031
28.15                                             0.2194385921092464
28.200000000000003                                0.21837842325136242
28.25                                             0.21727525691789717
28.3                                              0.2161360187345825
28.349999999999998                                0.2149698619660364
28.400000000000002                                0.21378796719960677
28.45                                             0.21260321223553863
28.500000000000004                                0.21142970691316498
28.549999999999997                                0.2102821927342536
28.6                                              0.209175314259713
28.65                                             0.20812277670262294
28.700000000000003                                0.2071364135942172
28.75                                             0.2062252026212484
28.8                                              0.2053942815505018
28.849999999999998                                0.20464403029336992
28.899999999999995                                0.20396930024500434
28.95                                             0.20335888206332378
29.000000000000004                                0.20279529781372865
29.05                                             0.20225501859589118
29.099999999999998                                0.20170917615468936
29.15                                             0.20112479300485678
29.200000000000003                                0.20046656070231245
29.25                                             0.19969906641144256
29.299999999999997                                0.1987893572575573
29.35                                             0.19770971655244074
29.400000000000002                                0.19644042018612992
29.45                                             0.19497220181660915
29.499999999999996                                0.19330832269685858
29.55                                             0.19146591628253315
29.600000000000005                                0.18947653098012332
29.650000000000002                                0.1873856914190866
29.699999999999996                                0.185251398546501
29.75                                             0.18314147513176526
29.800000000000004                                0.1811296825921717
29.85                                             0.17929054742731704
29.9                                              0.1776928794558915
29.95                                             0.1763920741295113
29.999999999999996                                0.17542150838066248
30.05                                             0.17478369410429015
30.099999999999998                                0.1744423380894931
30.150000000000002                                0.17431699030787276
30.2                                              0.174282357517421
30.25                                             0.17417433428792392
30.299999999999997                                0.17380407116791385
30.35                                             0.17297984698881605
30.4                                              0.1715344015059287
30.450000000000003                                0.1693534107013673
30.5                                              0.16639984010126982
30.55                                             0.16272957984769784
30.599999999999998                                0.15849588273710108
30.650000000000002                                0.15394272896840575
30.7                                              0.1493890146140715
30.750000000000004                                0.1452053592943099
30.799999999999997                                0.14178296432873747
30.85                                             0.1394897264057248
30.9                                              0.13860430317137773
30.950000000000003                                0.13921818485493856
31                                                0.14110787017099696
31.05                                             0.14361572149090296
31.099999999999998                                0.14563638056219697
31.149999999999995                                0.14583295466130525
31.2                                              0.14310429099542896
31.250000000000004                                0.13709001941880555
31.3                                              0.12837712453438724
31.349999999999998                                0.11829068688741713
31.4                                              0.10850456286986543
31.450000000000003                                0.10080506881385617
31.5                                              0.09715485767994367
31.549999999999997                                0.0998410501010885
31.6                                              0.11034495853325417
31.650000000000002                                0.12327541792970265
31.7                                              0.12233871063248421
31.749999999999996                                0.10439541068281327
31.8                                              0.08464537888286316
31.850000000000005                                0.07112272300272082
31.900000000000002                                0.07517322902809717
31.949999999999996                                0.07877010416824301
32                                                0.06560970771948958
32.050000000000004                                0.06544719060737919
32.1                                              0.06844017548464859
32.15                                             0.0733285276625448
32.2                                              0.07966577442756477
32.25                                             0.08721360434637794
32.300000000000004                                0.09581611357486035
32.35                                             0.10535824256340973
32.4                                              0.11574788563944494
32.449999999999996                                0.1269068736939639
32.5                                              0.13876596418369505
32.55                                             0.15126188241734478
32.6                                              0.16433550889732962
32.65                                             0.17793074887039614
32.7                                              0.19199382742988882
32.75                                             0.20647285938985976
32.800000000000004                                0.22131760083274604
32.85                                             0.2364793223223602
32.9                                              0.25191076370130316
32.949999999999996                                0.2675661428711919
33                                                0.28340119904311645
33.05                                             0.29937325638179507
33.1                                              0.3154412977513272
33.15                                             0.331566040998969
33.2                                              0.34771001224267123
33.25                                             0.3638376121696778
33.300000000000004                                0.37991517252818047
33.35                                             0.39591100091747095
33.4                                              0.4117954127266954
33.45                                             0.4275407496824111
33.5                                              0.44312138495762854
33.55                                             0.45851371517088985
33.599999999999994                                0.4736961398992642
33.65                                             0.48864902955581285
33.7                                              0.503354682671075
33.75                                             0.5177972737415987
33.8                                              0.5319627928137725
33.85                                             0.5458389779010965
33.900000000000006                                0.5594152414170478
33.95                                             0.5726825918875544
34                                                0.5856335521119057
34.05                                             0.5982620748082482
34.1                                              0.6105634567079736
34.15                                             0.6225342520007785
34.199999999999996                                0.6341721859106031
34.25                                             0.64547606895546
34.300000000000004                                0.6564457125599706
34.35                                             0.6670818469712231
34.4                                              0.677386041691533
34.45                                             0.6873606285093182
34.50000000000001                                 0.6970086275630745
34.550000000000004                                0.7063336767530637
34.6                                              0.7153399649180593
34.65                                             0.7240321688943301
34.7                                              0.7324153924472683
34.75                                             0.7404951101963971
34.8                                              0.7482771160520262
34.85                                             0.755767474085321
34.900000000000006                                0.7629724729672916
34.95                                             0.7698985841505687
35                                                0.7765524238505723
35.050000000000004                                0.7829407161376614
35.1                                              0.7890702603461988
35.15                                             0.7949479097134127
35.199999999999996                                0.8005805220085882
35.24999999999999                                 0.8059749766671419
35.3                                              0.8111380972530831
35.35                                             0.8160766826669648
35.4                                              0.820797463904174
35.449999999999996                                0.8253070946701523
35.5                                              0.8296121379581392
35.550000000000004                                0.8337190544407228
35.6                                              0.8376341924764141
35.65                                             0.841363779600743
35.7                                              0.8449139153833524
35.75                                             0.8482905655395343
35.8                                              0.851499557190356
35.849999999999994                                0.8545465751722477
35.9                                              0.8574371593029015
35.95                                             0.8601767025155298
36                                                0.8627704497804068
36.05                                             0.8652234977366074
36.1                                              0.867540794962987
36.150000000000006                                0.8697271428211999
36.2                                              0.87178719680917
36.25                                             0.8737254683663203
36.3                                              0.8755463270772427
36.35                                             0.8772540032229559
36.4                                              0.8788525906337257
36.449999999999996                                0.8803460497999198
36.5                                              0.8817382112010675
36.550000000000004                                0.8830327788162005
36.6                                              0.8842333337811151
36.65                                             0.8853433381607471
36.7                                              0.886366138806999
36.75000000000001                                 0.8873049712739749
36.800000000000004                                0.8881629637650934
36.849999999999994                                0.888943141087977
36.9                                              0.8896484285974207
36.95                                             0.8902816561107567
37                                                0.8908455617851319
37.05                                             0.8913427959453231
37.1                                              0.8917759248420245
37.150000000000006                                0.8921474343103452
37.2                                              0.8924597333010383
37.25                                             0.8927151572738633
37.300000000000004                                0.8929159714576164
37.35                                             0.8930643739839297
37.4                                              0.893162498893133
37.449999999999996                                0.8932124189677488
37.49999999999999                                 0.8932161512134442
37.55                                             0.8931756457421366
37.6                                              0.8930928115286776
37.65                                             0.8929694998219634
37.699999999999996                                0.8928075135592033
37.75                                             0.8926086086645344
37.800000000000004                                0.8923744946757581
37.85                                             0.8921068423396978
37.9                                              0.8918072564425141
37.95                                             0.8914773296702299
38                                                0.891118596674032
38.05                                             0.8907325546218873
38.099999999999994                                0.8903206611585393
38.15                                             0.8898843347743014
38.2                                              0.8894249550086937
38.25                                             0.8889438626493334
38.3                                              0.8884423598989931
38.35                                             0.8879217103032115
38.400000000000006                                0.887383138571464
38.45                                             0.8868278303124167
38.5                                              0.8862569316835824
38.55                                             0.8856715489396312
38.6                                              0.8850727478575361
38.65                                             0.8844615531241183
38.699999999999996                                0.8838389477420678
38.75                                             0.8832058723758653
38.800000000000004                                0.8825632246360411
38.85                                             0.8819118583469724
38.9                                              0.8812525828179828
38.95                                             0.880586162127292
39.00000000000001                                 0.8799133144278442
39.050000000000004                                0.8792347112844219
39.099999999999994                                0.8785509770520552
39.15                                             0.8778626883092043
39.2                                              0.8771703733622476
39.25                                             0.8764745118366001
39.3                                              0.875775534365653
39.35                                             0.8750738223848791
39.400000000000006                                0.8743697080369284
39.45                                             0.8736634741948957
39.5                                              0.8729553546127702
39.550000000000004                                0.8722455342120453
39.6                                              0.8715341495126709
39.65                                             0.8708212892165198
39.699999999999996                                0.8701069949546578
39.75                                             0.8693912622098104
39.8                                              0.868674041412927
39.85                                             0.8679552391901953
39.9                                              0.8672347197494821
39.949999999999996                                0.8665123064342806
40                                                0.8657877834713191
40.050000000000004                                0.8650608979038606
40.1                                              0.8643313616945123
40.15                                             0.8635988539917195
40.2                                              0.8628630235633512
40.25                                             0.862123491388782
40.3                                              0.861379853337732
40.349999999999994                                0.8606316828561322
40.4                                              0.8598785338782314
40.45                                             0.8591199441212722
40.5                                              0.8583554383895323
40.55                                             0.8575845317995606
40.6                                              0.8568067330938091
40.650000000000006                                0.8560215480884692
40.7                                              0.8552284833386904
40.75                                             0.8544270499423706
40.8                                              0.8536167661422512
40.85                                             0.852797160659135
40.9                                              0.8519677775674477
40.949999999999996                                0.8511281794344834
41                                                0.8502779501513379
41.050000000000004                                0.8494166979715427
41.1                                              0.8485440669179583
41.15                                             0.8476597254289682
41.2                                              0.846763375043131
41.25000000000001                                 0.84585475771397
41.300000000000004                                0.8449336663742488
41.349999999999994                                0.8439999174906428
41.4                                              0.8430533927480638
41.45                                             0.8420940014480475
41.5                                              0.8411217250431963
41.55                                             0.8401365848833787
41.6                                              0.8391386580474278
41.650000000000006                                0.838128076678537
41.7                                              0.8371050289357997
41.75                                             0.8360697597338624
41.800000000000004                                0.8350225712006828
41.85                                             0.8339638228368538
41.9                                              0.8328939313679644
41.949999999999996                                0.8318133702841519
42                                                0.8307226690630913
42.050000000000004                                0.8296224120739274
42.1                                              0.8285132371623029
42.15                                             0.8273958339175789
42.199999999999996                                0.8262709416253033
42.25                                             0.8251393469103548
42.300000000000004                                0.8240018810769175
42.35                                             0.8228594171541941
42.4                                              0.8217128666578419
42.45                                             0.8205631760795619
42.5                                              0.8194113231180915
42.55                                             0.8182583126674254
42.599999999999994                                0.8171051725790525
42.65                                             0.8159529492169914
42.7                                              0.8148027028253929
42.75                                             0.8136555027303053
42.8                                              0.8125124223980064
42.85                                             0.8113745343738706
42.900000000000006                                0.8102429051265067
42.95                                             0.8091185898226925
43                                                0.8080026270603438
43.05                                             0.806896033585891
43.1                                              0.8057997990246002
43.15                                             0.8047148806516934
43.199999999999996                                0.8036421982325579
43.25                                             0.802582628960479
43.300000000000004                                0.8015370025199632
43.35                                             0.8005060963032284
43.4                                              0.7994906308079396
43.45                                             0.7984912652437438
43.50000000000001                                 0.7975085933753228
43.550000000000004                                0.7965431396282393
43.599999999999994                                0.7955953554821951
43.65                                             0.7946656161745107
43.7                                              0.7937542177355692
43.75                                             0.7928613743775762
43.8                                              0.7919872162589332
43.85                                             0.7911317876725708
43.900000000000006                                0.7902950425312909
43.95                                             0.7894768575544299
44                                                0.7886770029001826
44.050000000000004                                0.7878951766143446
44.1                                              0.7871309769229562
44.15                                             0.786383917443683
44.199999999999996                                0.78565342548283
44.25                                             0.7849388431490993
44.300000000000004                                0.7842394304071438
44.35                                             0.7835543662318054
44.4                                              0.7828827518123425
44.449999999999996                                0.7822236157767857
44.5                                              0.7815759169970515
44.550000000000004                                0.7809385492222342
44.6                                              0.7803103459390283
44.65                                             0.7796900853803196
44.7                                              0.7790764961957155
44.75                                             0.7784682635980685
44.8                                              0.7778640355562366
44.849999999999994                                0.7772624293209924
44.9                                              0.7766620382641989
44.95                                             0.7760614389639708
45                                                0.775459198505394
45.05                                             0.7748538819529734
45.1                                              0.7742440599062128
45.150000000000006                                0.7736283161066848
45.2                                              0.7730052551592096
45.25                                             0.7723735103126634
45.3                                              0.7717317511875861
45.35                                             0.7710786914100851
45.4                                              0.7704130961278404
45.449999999999996                                0.7697337893704888
45.5                                              0.7690396612085597
45.550000000000004                                0.7683296746636965
45.6                                              0.7676028723213925
45.65                                             0.7668583826043248
45.7                                              0.7660954256744268
45.75000000000001                                 0.7653133189389839
45.800000000000004                                0.7645114821284669
45.849999999999994                                0.7636894419063868
45.9                                              0.7628468359673716
45.95                                             0.7619834165839504
46                                                0.7610990535693619
46.05                                             0.7601937366316154
46.1                                              0.7592675770998835
46.150000000000006                                0.7583208090060768
46.2                                              0.7573537895077146
46.25                                             0.7563669986423628
46.300000000000004                                0.755361038411207
46.35                                             0.7543366311963914
46.4                                              0.7532946175061196
46.449999999999996                                0.7522359530111924
46.5                                              0.7511617048326605
46.550000000000004                                0.7500730471048087
46.6                                              0.7489712558990467
46.65                                             0.7478577035586633
46.7                                              0.7467338524353689
46.75000000000001                                 0.7456012480186992
46.800000000000004                                0.744461511478622
46.85                                             0.7433163316639498
46.9                                              0.7421674565969844
46.95                                             0.7410166844587162
47                                                0.7398658539658999
47.05                                             0.738716834172424
47.099999999999994                                0.7375715142637785
47.15                                             0.7364317935710005
47.2                                              0.7352995710766813
47.25                                             0.7341767343034191
47.3                                              0.7330651480639672
47.35                                             0.7319666432383067
47.400000000000006                                0.7308830055648341
47.45                                             0.7298159646610743
47.5                                              0.7287671841785922
47.55                                             0.7277382516218557
47.6                                              0.7267306643885972
47.65                                             0.7257458201495138
47.699999999999996                                0.724785009293668
47.75                                             0.7238494053694342
47.800000000000004                                0.7229400556296393
47.85                                             0.7220578698725167
47.9                                              0.7212036181528015
47.95                                             0.7203779328668879
48.00000000000001                                 0.7195812779195182
48.050000000000004                                0.7188139589719067
48.099999999999994                                0.7180760969657268
48.15                                             0.7173677402309652
48.2                                              0.7166886358672931
48.25                                             0.7160384224016277
48.3                                              0.7154165831812496
48.35                                             0.7148224037470226
48.400000000000006                                0.7142550112980239
48.45                                             0.7137133659725501
48.5                                              0.7131962660724895
48.550000000000004                                0.7127023533041751
48.6                                              0.7122301190196544
48.65                                             0.7117779114997569
48.699999999999996                                0.7113439442603984
48.74999999999999                                 0.7109263053485202
48.800000000000004                                0.7105229675831255
48.85                                             0.7101317996902199
48.9                                              0.7097505782720525
48.949999999999996                                0.7093770005444333
49.00000000000001                                 0.7090086977697699
49.050000000000004                                0.7086432493072004
49.1                                              0.7082781971958975
49.15                                             0.707911061183205
49.2                                              0.7075393541040143
49.25                                             0.7071605975156247
49.3                                              0.7067723374880324
49.349999999999994                                0.7063721604483202
49.400000000000006                                0.7059577089754749
49.45                                             0.7055266974417439
49.5                                              0.7050769273956156
49.55                                             0.7046063025825624
49.60000000000001                                 0.7041128435001015
49.650000000000006                                0.7035947013858102
49.7                                              0.7030501715388868
49.75                                             0.7024777058787681
49.800000000000004                                0.7018759246478194
49.85                                             0.7012436271689014
49.9                                              0.7005798015733146
49.949999999999996                                0.6998836334199038
50.00000000000001                                 0.6991545131312231
