20                                                0.35686568651196265
20.05                                             0.3565411035999767
20.1                                              0.35621665461199314
20.15                                             0.35589235203344693
20.2                                              0.35556820379533477
20.25                                             0.35524421298480435
20.3                                              0.3549203775706163
20.35                                             0.35459669014730666
20.4                                              0.35427313769670565
20.45                                             0.35394970136373477
20.5                                              0.35362635624712085
20.55                                             0.35330307121618676
20.6                                              0.35297980876773355
20.650000000000002                                0.35265652492947935
20.7                                              0.3523331692106209
20.75                                             0.3520096846932715
20.8                                              0.35168600614557827
20.85                                             0.3513620657520498
20.900000000000002                                0.35103778570706373
20.95                                             0.350713084278479
21                                                0.3503878740493968
21.05                                             0.350062064067721
21.099999999999998                                0.34973553660655826
21.150000000000002                                0.34940821477639233
21.2                                              0.34907997699029
21.249999999999996                                0.3487507122438266
21.299999999999997                                0.34842030551316855
21.349999999999998                                0.34808863909479837
21.4                                              0.3477555934127406
21.45                                             0.34742104763794257
21.5                                              0.3470848804971824
21.549999999999997                                0.3467469710771043
21.599999999999998                                0.3464071996193
21.65                                             0.3460654483175846
21.7                                              0.34572160209660946
21.75                                             0.3453755493882543
21.799999999999997                                0.34502718291762885
21.849999999999998                                0.34467640044028175
21.9                                              0.3443231054191265
21.95                                             0.3439672076433419
22                                                0.34360862377362644
22.05                                             0.3432472777971047
22.099999999999998                                0.3428831013759893
22.15                                             0.3425160340749711
22.2                                              0.3421460234541967
22.25                                             0.3417730250253819
22.3                                              0.3413970020668496
22.35                                             0.34101792528392894
22.4                                              0.340635772296785
22.45                                             0.340250526949349
22.5                                              0.3398621784384266
22.55                                             0.33947072026632463
22.6                                              0.3390761490196982
22.65                                             0.33867846298155724
22.7                                              0.3382776605876077
22.75                                             0.33787373874335874
22.8                                              0.33746669101542315
22.85                                             0.3370565057091665
22.900000000000002                                0.3366431638600457
22.95                                             0.336226637174747
23                                                0.33580688595755265
23.05                                             0.33538385705917223
23.1                                              0.3349574818995101
23.150000000000002                                0.334527674598962
23.2                                              0.3340943301936272
23.25                                             0.33365732302710754
23.3                                              0.3332165055056834
23.349999999999998                                0.33277170714443166
23.400000000000002                                0.33232273390577705
23.45                                             0.3318693679059499
23.5                                              0.33141136753893274
23.549999999999997                                0.33094846841625614
23.6                                              0.33048038456556045
23.65                                             0.3300068099152943
23.700000000000003                                0.32952742142799096
23.75                                             0.32904186701779237
23.799999999999997                                0.3285498223451116
23.849999999999998                                0.3280509130559909
23.9                                              0.32754478191470454
23.95                                             0.32703107170076906
24                                                0.32650943305665775
24.049999999999997                                0.32597953236945526
24.099999999999998                                0.3254410497140873
24.15                                             0.3248936995834979
24.2                                              0.3243372266773278
24.25                                             0.32377141606623866
24.3                                              0.3231960992656491
24.349999999999998                                0.3226111603213996
24.4                                              0.32201654142688585
24.45                                             0.32141224788509243
24.5                                              0.32079835224015435
24.55                                             0.3201749974056304
24.6                                              0.3195423986215041
24.65                                             0.31890084407708214
24.7                                              0.31825069404533474
24.75                                             0.3175923783908793
24.8                                              0.31692639233643616
24.85                                             0.3162532904021864
24.9                                              0.3155736784655645
24.95                                             0.3148882039288607
25                                                0.3141975440270031
25.05                                             0.313502392357705
25.1                                              0.3128034437716569
25.150000000000002                                0.31210137781931546
25.2                                              0.3113968410129252
25.25                                             0.3106904282262098
25.3                                              0.30998266361831056
25.35                                             0.30927398153053093
25.400000000000002                                0.3085647078625589
25.45                                             0.30785504248611045
25.5                                              0.30714504329467923
25.55                                             0.3064346125172566
25.599999999999998                                0.3057234859357985
25.650000000000002                                0.30501122564410643
25.7                                              0.30429721696226036
25.75                                             0.30358067007625816
25.799999999999997                                0.3028606268946533
25.85                                             0.30213597350834703
25.9                                              0.3014054585140415
25.950000000000003                                0.3006677173231658
26                                                0.2999213024480356
26.05                                             0.2991647199239886
26.099999999999998                                0.2983964682858921
26.15                                             0.297615090687056
26.2                                              0.296819209529075
26.25                                             0.29600759320568854
26.299999999999997                                0.2951792031064837
26.349999999999998                                0.29433324232890923
26.4                                              0.29346922786855384
26.45                                             0.292586998739371
26.5                                              0.29168678372468965
26.55                                             0.29076923082712347
26.599999999999998                                0.2898354259227985
26.65                                             0.2888869050329857
26.7                                              0.2879256518686078
26.75                                             0.2869540801109947
26.8                                              0.28597499899176226
26.85                                             0.28499156127710146
26.9                                              0.28400719313944256
26.95                                             0.2830255059360458
27                                                0.28205019058013514
27.05                                             0.28108489590792507
27.1                                              0.2801330933243182
27.15                                             0.2791979309903149
27.2                                              0.2782820816924394
27.25                                             0.27738758951901893
27.3                                              0.2765157214446738
27.35                                             0.27566683075039417
27.400000000000002                                0.27484023985532546
27.45                                             0.27403415052113317
27.5                                              0.27324558942787763
27.55                                             0.27247039672861073
27.6                                              0.2717032643060513
27.65                                             0.2709378290308821
27.7                                              0.270166824344791
27.749999999999996                                0.26938229101602384
27.8                                              0.2685758450272584
27.849999999999998                                0.2677389973714113
27.900000000000002                                0.26686351720727564
27.95                                             0.2659418265473051
28                                                0.2649674116129863
28.049999999999997                                0.2639352333776604
28.1                                              0.2628421177505062
28.15                                             0.2616871044157001
28.200000000000003                                0.26047173262105805
28.25                                             0.25920024231159217
28.3                                              0.25787966981978144
28.349999999999998                                0.2565198188053801
28.400000000000002                                0.2551330894170562
28.45                                             0.25373415186398374
28.500000000000004                                0.2523394549265601
28.549999999999997                                0.2509665656872374
28.6                                              0.24963334423134745
28.65                                             0.2483569669086063
28.700000000000003                                0.24715282428169402
28.75                                             0.2460333345620591
28.8                                              0.2450067303528672
28.849999999999998                                0.24407589489097756
28.899999999999995                                0.24323734179962275
28.95                                             0.24248044500022695
29.000000000000004                                0.24178703148879868
29.05                                             0.2411314538083518
29.099999999999998                                0.24048123117242104
29.15                                             0.2397983078488338
29.200000000000003                                0.23904100882631182
29.25                                             0.23816648000804316
29.299999999999997                                0.23713372036895272
29.35                                             0.23590684345493412
29.400000000000002                                0.23445847310693765
29.45                                             0.2327728426502049
29.499999999999996                                0.2308486033442961
29.55                                             0.22870076557056118
29.600000000000005                                0.22636181962652338
29.650000000000002                                0.2238816659831061
29.699999999999996                                0.2213262869765459
29.75                                             0.21877498909594184
29.800000000000004                                0.21631609976948163
29.85                                             0.214041019765608
29.9                                              0.21203659079378953
29.95                                             0.2103758710854806
29.999999999999996                                0.20910766541490056
30.05                                             0.20824556493741997
30.099999999999998                                0.20775781076934893
30.150000000000002                                0.2075599179185249
30.2                                              0.20751248399605896
30.25                                             0.20742665408651192
30.299999999999997                                0.20707899493139698
30.35                                             0.20623589054383615
30.4                                              0.20468523237306915
30.450000000000003                                0.20227083519128297
30.5                                              0.19892362526358387
30.55                                             0.1946839524817362
30.599999999999998                                0.18971136726083074
30.650000000000002                                0.1842809859402029
30.7                                              0.17876774083100228
30.750000000000004                                0.17362009591035552
30.799999999999997                                0.16932256849069202
30.85                                             0.1663419160270715
30.9                                              0.16504684708190856
30.950000000000003                                0.16559023667609826
31                                                0.16775579626419926
31.05                                             0.17081099336184963
31.099999999999998                                0.173473338301801
31.149999999999995                                0.1741342049183626
31.2                                              0.17138483416848677
31.250000000000004                                0.16463197931820936
31.3                                              0.15441751225832778
31.349999999999998                                0.14225164350398484
31.4                                              0.13017614276441195
31.450000000000003                                0.12044822238631367
31.5                                              0.11556101584434836
31.549999999999997                                0.11838245052203596
31.6                                              0.1308614017867492
31.650000000000002                                0.14705817735951804
31.7                                              0.1475625930538766
31.749999999999996                                0.12663470151790795
31.8                                              0.10212040799119931
31.850000000000005                                0.08484641623025824
31.900000000000002                                0.088823837618691
31.949999999999996                                0.09577679912164358
32                                                0.07866016969273291
32.050000000000004                                0.07851233089711436
32.1                                              0.08245675922266538
32.15                                             0.08881817442758666
32.2                                              0.09699188598164224
32.25                                             0.10664811293228635
32.300000000000004                                0.11756654419243717
32.35                                             0.12958173851210497
32.4                                              0.14255971255750144
32.449999999999996                                0.15638621083380982
32.5                                              0.17096023796343707
32.55                                             0.186190270556481
32.6                                              0.2019919526018597
32.65                                             0.2182866613851575
32.7                                              0.23500060516624324
32.75                                             0.25206425438916946
32.800000000000004                                0.2694119849262502
32.85                                             0.2869818561200635
32.9                                              0.3047154732203173
32.949999999999996                                0.3225579006718746
33                                                0.3404576036593633
33.05                                             0.3583664026583321
33.1                                              0.37623943079581235
33.15                                             0.39403508738052684
33.2                                              0.4117149834990685
33.25                                             0.4292438773727146
33.300000000000004                                0.4465895984724174
33.35                                             0.46372296031687454
33.4                                              0.48061766254303245
33.45                                             0.49725018327951626
33.5                                              0.5135996631410401
33.55                                             0.5296477823201454
33.599999999999994                                0.5453786323126742
33.65                                             0.5607785838202346
33.7                                              0.5758361523145434
33.75                                             0.5905418626606431
33.8                                              0.6048881140377423
33.85                                             0.6188690462674135
33.900000000000006                                0.6324804085595616
33.95                                             0.6457194315691079
34                                                0.6585847034781105
34.05                                             0.6710760506732452
34.1                                              0.6831944234780076
34.15                                             0.6949417872960268
34.199999999999996                                0.7063210193346722
34.25                                             0.7173358108559404
34.300000000000004                                0.7279905752422895
34.35                                             0.7382903623797303
34.4                                              0.748240778773439
34.45                                             0.7578479129797157
34.50000000000001                                 0.7671182665033114
34.550000000000004                                0.7760586901238133
34.6                                              0.784676325682053
34.65                                             0.7929785523334535
34.7                                              0.8009729357857905
34.75                                             0.8086671847844206
34.8                                              0.816069111111681
34.85                                             0.8231865921659682
34.900000000000006                                0.8300275373257019
34.95                                             0.8365998605077871
35                                                0.8429114503238062
35.050000000000004                                0.8489701471773614
35.1                                              0.8547837218686845
35.15                                             0.8603598703870723
35.199999999999996                                0.8657061595023579
35.24999999999999                                 0.8708300629127493
35.3                                              0.8757389101722667
35.35                                             0.880439896569365
35.4                                              0.8849400663116386
35.449999999999996                                0.8892463068268643
35.5                                              0.8933653426182148
35.550000000000004                                0.8973037303592548
35.6                                              0.9010678550897725
35.65                                             0.9046639274049563
35.7                                              0.9080979815428577
35.75                                             0.9113758742833011
35.8                                              0.9145032845754297
35.849999999999994                                0.9174857138199861
35.9                                              0.9203284867369299
35.95                                             0.92303675275762
36                                                0.9256154878846707
36.05                                             0.9280694969692657
36.1                                              0.9304034163577147
36.150000000000006                                0.932621716864784
36.2                                              0.9347287070335042
36.25                                             0.9367285366450273
36.3                                              0.9386252004450485
36.35                                             0.9404225420557094
36.4                                              0.9421242580448328
36.449999999999996                                0.9437339021262457
36.5                                              0.9452548894672976
36.550000000000004                                0.9466905010814952
36.6                                              0.9480438882857355
36.65                                             0.9493180772031796
36.7                                              0.9505159732937954
36.75000000000001                                 0.9516403658956623
36.800000000000004                                0.9526939327611231
36.849999999999994                                0.9536792445728425
36.9                                              0.9545987694275698
36.95                                             0.9554548772787042
37                                                0.9562498443323955
37.05                                             0.9569858573918533
37.1                                              0.9576650181367433
37.150000000000006                                0.9582893473142415
37.2                                              0.9588607888178421
37.25                                             0.9593812136429156
37.300000000000004                                0.9598524237228165
37.35                                             0.9602761556534527
37.4                                              0.9606540843090867
37.449999999999996                                0.9609878263268727
37.49999999999999                                 0.9612789441520562
37.55                                             0.9615289452374512
37.6                                              0.9617392910713571
37.65                                             0.9619113955707069
37.699999999999996                                0.9620466312183135
37.75                                             0.9621463300702228
37.800000000000004                                0.9622117855693217
37.85                                             0.9622442614043983
37.9                                              0.9622449649014823
37.95                                             0.9622151004163348
38                                                0.9621558261081526
38.05                                             0.9620682742295337
38.099999999999994                                0.961953549992334
38.15                                             0.9618127326300965
38.2                                              0.961646876367059
38.25                                             0.9614570114305262
38.3                                              0.9612441448363115
38.35                                             0.9610092609659326
38.400000000000006                                0.9607533220335178
38.45                                             0.9604772684208455
38.5                                              0.9601820188798997
38.55                                             0.9598684706098112
38.6                                              0.959537499209942
38.65                                             0.9591899585152401
38.699999999999996                                0.9588266803331122
38.75                                             0.9584484740896873
38.800000000000004                                0.9580561263880778
38.85                                             0.9576504004885873
38.9                                              0.9572320357220767
38.95                                             0.9568017468467971
39.00000000000001                                 0.9563602233581604
39.050000000000004                                0.9559081287606749
39.099999999999994                                0.9554460998112824
39.15                                             0.9549747457454875
39.2                                              0.954494647500165
39.25                                             0.9540063569472286
39.3                                              0.9535103961494983
39.35                                             0.9530072566468148
39.400000000000006                                0.9524973987791645
39.45                                             0.9519812510558894
39.5                                              0.9514592095812061
39.550000000000004                                0.9509316375472411
39.6                                              0.9503988648056053
39.65                                             0.9498611875305792
39.699999999999996                                0.9493188679886609
39.75                                             0.9487721344237586
39.8                                              0.9482211810459589
39.85                                             0.9476661680978535
39.9                                              0.9471072220121289
39.949999999999996                                0.9465444357176486
40                                                0.945977869118915
40.050000000000004                                0.9454075497268581
40.1                                              0.9448334734235528
40.15                                             0.9442556053672518
40.2                                              0.9436738810540631
40.25                                             0.9430882075272968
40.3                                              0.9424984646189787
40.349999999999994                                0.9419045061110484
40.4                                              0.9413061612192053
40.45                                             0.9407032366761889
40.5                                              0.9400955187613079
40.55                                             0.939482775128424
40.6                                              0.9388647567630451
40.650000000000006                                0.9382412001839816
40.7                                              0.9376118300842331
40.75                                             0.9369763622404927
40.8                                              0.9363345039389289
40.85                                             0.9356859559709749
40.9                                              0.9350304181307055
40.949999999999996                                0.9343675911592422
41                                                0.9336971785444061
41.050000000000004                                0.9330188886097374
41.1                                              0.9323324415180755
41.15                                             0.9316375669516218
41.2                                              0.9309340053623205
41.25000000000001                                 0.9302215164062944
41.300000000000004                                0.9294998760833303
41.349999999999994                                0.9287688853396485
41.4                                              0.9280283751810136
41.45                                             0.9272781784641515
41.5                                              0.9265181860488482
41.55                                             0.9257483038018254
41.6                                              0.9249684728577487
41.650000000000006                                0.9241786688422474
41.7                                              0.9233789034112768
41.75                                             0.922569225700219
41.800000000000004                                0.9217497235959704
41.85                                             0.9209205248116558
41.9                                              0.9200817977506884
41.949999999999996                                0.919233752150733
42                                                0.9183766394989263
42.050000000000004                                0.9175107532113761
42.1                                              0.9166364285709165
42.15                                             0.9157540424186535
42.199999999999996                                0.9148640125956453
42.25                                             0.913966797132735
42.300000000000004                                0.9130628931876589
42.35                                             0.9121528357303584
42.4                                              0.9112371959783109
42.45                                             0.9103165795862227
42.5                                              0.90939162459442
42.55                                             0.9084629991433099
42.599999999999994                                0.9075313989615285
42.65                                             0.9065975446376485
42.7                                              0.9056621786861508
42.75                                             0.9047260624202789
42.8                                              0.9037899726452194
42.85                                             0.902854698186855
42.900000000000006                                0.9019210362719943
42.95                                             0.9009897887776978
43                                                0.9000617583680599
43.05                                             0.8991377445378762
43.1                                              0.8982185395836929
43.15                                             0.8973049245232214
43.199999999999996                                0.8963976649851558
43.25                                             0.8954975070914153
43.300000000000004                                0.8946051733548114
43.35                                             0.8937213586145394
43.4                                              0.8928467260334604
43.45                                             0.891981903180404
43.50000000000001                                 0.8911274782220564
43.550000000000004                                0.8902839962478855
43.599999999999994                                0.8894519557511915
43.65                                             0.8886318052881955
43.7                                              0.8878239403366914
43.75                                             0.8870287003760504
43.8                                              0.8862463662146721
43.85                                             0.8854771576407227
43.900000000000006                                0.8847212239236415
43.95                                             0.8839786762490477
44                                                0.8832495201941785
44.050000000000004                                0.882533721907424
44.1                                              0.881831165029822
44.15                                             0.8811416704992775
44.199999999999996                                0.8804649879222118
44.25                                             0.8798007980834239
44.300000000000004                                0.8791487133430952
44.35                                             0.8785082778907148
44.4                                              0.8778789696885765
44.449999999999996                                0.8772602027327697
44.5                                              0.8766513284920324
44.550000000000004                                0.8760516385271656
44.6                                              0.8754603673952562
44.65                                             0.874876695939553
44.7                                              0.8742997547747953
44.75                                             0.8737286281689024
44.8                                              0.8731623583243285
44.849999999999994                                0.8725999499264189
44.9                                              0.8720403749682706
44.95                                             0.8714825778444948
45                                                0.870925480688607
45.05                                             0.8703679889171888
45.1                                              0.8698089969488064
45.150000000000006                                0.8692473940988535
45.2                                              0.8686820706320517
45.25                                             0.8681119239079041
45.3                                              0.8675358645792746
45.35                                             0.8669528228232497
45.4                                              0.8663617545747678
45.449999999999996                                0.8657616477261716
45.5                                              0.8651515282547818
45.550000000000004                                0.8645304662404218
45.6                                              0.8638975817334146
45.65                                             0.8632520504349186
45.7                                              0.8625931091551727
45.75000000000001                                 0.8619200610211041
45.800000000000004                                0.8612322804080965
45.849999999999994                                0.8605292175657334
45.9                                              0.8598104028999665
45.95                                             0.8590754508715616
46                                                0.858324063475744
46.05                                             0.8575560332753873
46.1                                              0.8567712459666225
46.150000000000006                                0.8559696824559898
46.2                                              0.8551514204327689
46.25                                             0.8543166354222147
46.300000000000004                                0.8534656013121484
46.35                                             0.852598690348235
46.4                                              0.8517163725818
46.449999999999996                                0.8508192147287745
46.5                                              0.8499078783974341
46.550000000000004                                0.8489831177069954
46.6                                              0.8480457763702052
46.65                                             0.8470967842747674
46.7                                              0.8461371535431943
46.75000000000001                                 0.8451679740498524
46.800000000000004                                0.844190408405065
46.85                                             0.8432056864319982
46.9                                              0.8422150991581797
46.95                                             0.841219992308555
47                                                0.8402217592512135
47.05                                             0.8392218334980824
47.099999999999994                                0.8382216811593388
47.15                                             0.8372227933381196
47.2                                              0.8362266779331238
47.25                                             0.8352348509225135
47.3                                              0.8342488275038565
47.35                                             0.8332701131743833
47.400000000000006                                0.8323001947760102
47.45                                             0.8313405318417445
47.5                                              0.8303925487610028
47.55                                             0.8294576248546157
47.6                                              0.8285370819025573
47.65                                             0.8276321781953072
47.699999999999996                                0.8267441018761471
47.75                                             0.8258739616827051
47.800000000000004                                0.8250227780301369
47.85                                             0.824191473165259
47.9                                              0.8233808753094927
47.95                                             0.8225917064511502
48.00000000000001                                 0.8218245600356916
48.050000000000004                                0.8210799140734025
48.099999999999994                                0.8203581133907595
48.15                                             0.8196594383067896
48.2                                              0.8189839211715378
48.25                                             0.8183315380568774
48.3                                              0.8177021219705379
48.35                                             0.8170953528325678
48.400000000000006                                0.8165107790465219
48.45                                             0.8159478113349518
48.5                                              0.8154057249961335
48.550000000000004                                0.8148836624497516
48.6                                              0.8143806366261129
48.65                                             0.8138955352252955
48.699999999999996                                0.8134271258395043
48.74999999999999                                 0.8129740619211835
48.800000000000004                                0.812534889573407
48.85                                             0.8121080551316584
48.9                                              0.8116919135006634
48.949999999999996                                0.8112847372039071
49.00000000000001                                 0.8108847260974255
49.050000000000004                                0.8104900176951902
49.1                                              0.8100986980467688
49.15                                             0.8097088131051967
49.2                                              0.8093183805173697
49.25                                             0.808925401765628
49.3                                              0.8085278745871847
49.349999999999994                                0.8081238055928436
49.400000000000006                                0.8077112230065637
49.45                                             0.8072881894438944
49.5                                              0.8068528146467586
49.55                                             0.8064032680910536
49.60000000000001                                 0.8059377913829944
49.650000000000006                                0.8054547103612913
49.7                                              0.8049524468211151
49.75                                             0.8044295297795115
49.800000000000004                                0.8038846062012093
49.85                                             0.803316451107692
49.9                                              0.8027239769940396
49.949999999999996                                0.8021062424818065
50.00000000000001                                 0.8014624601394881
