20                                                0.29128206268499773
20.05                                             0.2909959281718047
20.1                                              0.2907104526212771
20.15                                             0.29042564862151043
20.2                                              0.29014152408010413
20.25                                             0.2898580819954272
20.3                                              0.28957532023700394
20.35                                             0.2892932313338128
20.4                                              0.2890118022735046
20.45                                             0.28873101432701315
20.5                                              0.28845084291664613
20.55                                             0.2881712575309488
20.6                                              0.2878922216724387
20.650000000000002                                0.2876136928288194
20.7                                              0.28733562248298455
20.75                                             0.2870579563890238
20.8                                              0.2867806316137399
20.85                                             0.2865035864525142
20.900000000000002                                0.2862267477604058
20.95                                             0.2859500363679539
21                                                0.2856733708917157
21.05                                             0.28539666302994887
21.099999999999998                                0.2851198198773022
21.150000000000002                                0.2848427509568906
21.2                                              0.2845653519651099
21.249999999999996                                0.2842875208129253
21.299999999999997                                0.2840091520196157
21.349999999999998                                0.2837301379114493
21.4                                              0.2834503691398463
21.45                                             0.2831697353401635
21.5                                              0.2828881258042408
21.549999999999997                                0.28260543008997163
21.599999999999998                                0.28232153865568765
21.65                                             0.2820363435008534
21.7                                              0.2817497387934399
21.75                                             0.28146162145245474
21.799999999999997                                0.28117189169974827
21.849999999999998                                0.28088045358837127
21.9                                              0.28058721547403875
21.95                                             0.2802920904194205
22                                                0.2799949965292282
22.05                                             0.27969585720776785
22.099999999999998                                0.27939460133176813
22.15                                             0.27909116331722544
22.2                                              0.27878548305370093
22.25                                             0.2784775056964047
22.3                                              0.2781671813366702
22.35                                             0.27785446456519547
22.4                                              0.27753931392009007
22.45                                             0.2772216912031387
22.5                                              0.2769015606583342
22.55                                             0.27657888801747954
22.6                                              0.27625363941550884
22.65                                             0.2759257801649781
22.7                                              0.2755952733815553
22.75                                             0.27526207852894835
22.8                                              0.27492614999379344
22.85                                             0.2745874356500051
22.900000000000002                                0.27424587531647293
22.95                                             0.2739013991566162
23                                                0.2735539261067458
23.05                                             0.27320336236840415
23.1                                              0.2728495999951479
23.150000000000002                                0.27249251570062927
23.2                                              0.2721319699457334
23.25                                             0.27176780595336936
23.3                                              0.2713998488700907
23.349999999999998                                0.271027905460218
23.400000000000002                                0.2706517641213619
23.45                                             0.2702711951771947
23.5                                              0.26988595176370933
23.549999999999997                                0.26949577122150137
23.6                                              0.26910037567402295
23.65                                             0.2686994744378687
23.700000000000003                                0.26829276658282764
23.75                                             0.26787994348211586
23.799999999999997                                0.2674606969802887
23.849999999999998                                0.2670347094966915
23.9                                              0.2666016750199224
23.95                                             0.2661612923233152
24                                                0.26571327803488404
24.049999999999997                                0.26525736015482204
24.099999999999998                                0.2647932943575593
24.15                                             0.2643208642565676
24.2                                              0.263839887174226
24.25                                             0.26335021926026736
24.3                                              0.2628517602879111
24.349999999999998                                0.2623444580361959
24.4                                              0.26182831213871594
24.45                                             0.26130337726738
24.5                                              0.2607697655203099
24.55                                             0.26022764788415936
24.6                                              0.2596772546468067
24.65                                             0.2591188746427406
24.7                                              0.2585528532270296
24.75                                             0.25797958889114514
24.8                                              0.25739952845818437
24.85                                             0.2568131608194328
24.9                                              0.25622100920537955
24.95                                             0.25562362201782995
25                                                0.255021562288161
25.05                                             0.25441539586851364
25.1                                              0.25380567850824065
25.150000000000002                                0.2531929420143562
25.2                                              0.2525776797436401
25.25                                             0.25196033172262056
25.3                                              0.2513412697391966
25.35                                             0.2507207827930105
25.400000000000002                                0.2500990633325816
25.45                                             0.24947619473869573
25.5                                              0.24885214053593424
25.55                                             0.24822673582743165
25.599999999999998                                0.24759968144575747
25.650000000000002                                0.2469705412962171
25.7                                              0.24633874333430006
25.75                                             0.2457035845619544
25.799999999999997                                0.245064240347512
25.85                                             0.24441977828187378
25.9                                              0.2437691766767512
25.950000000000003                                0.24311134769228365
26                                                0.24244516497871682
26.05                                             0.24176949620932925
26.099999999999998                                0.2410832331765697
26.15                                             0.24038534282579674
26.2                                              0.23967488681027876
26.25                                             0.23895107981111144
26.299999999999997                                0.2382133264770012
26.349999999999998                                0.23746125653583458
26.4                                              0.23669477663676294
26.45                                             0.23591407446444393
26.5                                              0.23511966981367952
26.55                                             0.2343124256740303
26.599999999999998                                0.23349355796684262
26.65                                             0.2326646360104764
26.7                                              0.2318275707541335
26.75                                             0.2309845905305963
26.8                                              0.23013820331391752
26.85                                             0.22929114496982783
26.9                                              0.22844631355230946
26.95                                             0.22760669001940909
27                                                0.22677524631745516
27.05                                             0.2259548424184567
27.1                                              0.2251481145213322
27.15                                             0.2243573573580971
27.2                                              0.22358440436219768
27.25                                             0.2228305101455145
27.3                                              0.22209624038657183
27.35                                             0.22138137481088113
27.400000000000002                                0.22068482933655487
27.45                                             0.22000460360024426
27.5                                              0.21933775991492035
27.55                                             0.21868043918172725
27.6                                              0.21802791835802776
27.65                                             0.21737471274512526
27.7                                              0.21671472458493324
27.749999999999996                                0.21604143727467623
27.8                                              0.21534815204941377
27.849999999999998                                0.214628261375369
27.900000000000002                                0.21387555068029712
27.95                                             0.21308451755614508
28                                                0.21225069535959717
28.049999999999997                                0.21137096634428731
28.1                                              0.21044384824525839
28.15                                             0.2094697376976769
28.200000000000003                                0.20845109385028524
28.25                                             0.20739254596123166
28.3                                              0.20630090991736347
28.349999999999998                                0.20518510043773944
28.400000000000002                                0.20405592800783148
28.45                                             0.20292577245283364
28.500000000000004                                0.2018081287220433
28.549999999999997                                0.20071702543360417
28.6                                              0.19966632346085633
28.65                                             0.1986689087814235
28.700000000000003                                0.19773580317692419
28.75                                             0.19687522990239817
28.8                                              0.19609168427527982
28.849999999999998                                0.19538507251692344
28.899999999999995                                0.19474999655068606
28.95                                             0.19417527329079906
29.000000000000004                                0.19364376685913173
29.05                                             0.19313262862058495
29.099999999999998                                0.19261401300785028
29.15                                             0.19205629017531478
29.200000000000003                                0.19142577509568576
29.25                                             0.19068885289740056
29.299999999999997                                0.18981446359458573
29.35                                             0.18877674058184163
29.400000000000002                                0.1875575913490605
29.45                                             0.18614906048259777
29.499999999999996                                0.18455519147987176
29.55                                             0.18279326327302828
29.600000000000005                                0.18089422646679573
29.650000000000002                                0.1789022019891669
29.699999999999996                                0.17687297375223898
29.75                                             0.17487139076642988
29.800000000000004                                0.1729676133106785
29.85                                             0.17123214814140045
29.9                                              0.16972965875641527
29.95                                             0.16851164171035654
29.999999999999996                                0.16760826836722592
30.05                                             0.16702003227494197
30.099999999999998                                0.1667103076595535
30.150000000000002                                0.16660043406675168
30.2                                              0.16656931394911212
30.25                                             0.16645947036307548
30.299999999999997                                0.16609078455424206
30.35                                             0.1652816165287126
30.4                                              0.1638749729391895
30.450000000000003                                0.16176551167920933
30.5                                              0.1589223241790713
30.55                                             0.15540316423536243
30.599999999999998                                0.15135789940439467
30.650000000000002                                0.1470214839727067
30.7                                              0.142698416706623
30.750000000000004                                0.13874046923627104
30.799999999999997                                0.13551711795089166
30.85                                             0.13337399852641163
30.9                                              0.1325703573904891
30.950000000000003                                0.13318590149845114
31                                                0.13499918383619763
31.05                                             0.1373750521943987
31.099999999999998                                0.13925490149941328
31.149999999999995                                0.13936853212405603
31.2                                              0.13668421571298509
31.250000000000004                                0.13088655989498849
31.3                                              0.12256019199452099
31.349999999999998                                0.1129769960169825
31.4                                              0.10372196380306663
31.450000000000003                                0.0964747200584833
31.5                                              0.09307971538603213
31.549999999999997                                0.09569348174249517
31.6                                              0.1056992543446631
31.650000000000002                                0.11788439827708745
31.7                                              0.11673541036644813
31.749999999999996                                0.09958771586146699
31.8                                              0.0809376908650226
31.850000000000005                                0.06823096988636766
31.900000000000002                                0.07218175491079958
31.949999999999996                                0.0752470765757197
32                                                0.06290526540749014
32.050000000000004                                0.06271797062011836
32.1                                              0.06548307643037891
32.15                                             0.07002597627607202
32.2                                              0.07593226976336089
32.25                                             0.08298195258595548
32.300000000000004                                0.09103192495826674
32.35                                             0.09997714917275471
32.4                                              0.10973391694511325
32.449999999999996                                0.12023140305983915
32.5                                              0.13140696167305715
32.55                                             0.14320333952886766
32.6                                              0.15556696150694888
32.65                                             0.1684468559182637
32.7                                              0.1817939804585545
32.75                                             0.19556080839543905
32.800000000000004                                0.20970108815042
32.85                                             0.22416972034492758
32.9                                              0.23892271491006797
32.949999999999996                                0.25391720238163934
33                                                0.2691114809637834
33.05                                             0.284465085948442
33.1                                              0.29993887155150156
33.15                                             0.3154950977260422
33.2                                              0.331097516365334
33.25                                             0.34671145271392706
33.300000000000004                                0.36230387890461535
33.35                                             0.3778434774145084
33.4                                              0.39330069295970393
33.45                                             0.4086477719332613
33.5                                              0.42385878898308166
33.55                                             0.43890966071219445
33.599999999999994                                0.4537781468139923
33.65                                             0.4684438392147954
33.7                                              0.4828881399928246
33.75                                             0.4970942289542427
33.8                                              0.511047021799623
33.85                                             0.5247331199489507
33.900000000000006                                0.5381407532258444
33.95                                             0.5512597165420255
34                                                0.5640813016203411
34.05                                             0.5765982247769252
34.1                                              0.5888045517620076
34.15                                             0.6006956205857614
34.199999999999996                                0.612267963062672
34.25                                             0.6235192257464459
34.300000000000004                                0.6344480914734796
34.35                                             0.6450542022866489
34.4                                              0.6553380834213826
34.45                                             0.6653010689253658
34.50000000000001                                 0.6749452296509044
34.550000000000004                                0.6842733039003304
34.6                                              0.6932886314245309
34.65                                             0.7019950913075337
34.7                                              0.7103970394144109
34.75                                             0.7184992511388166
34.8                                              0.7263068697566609
34.85                                             0.7338253557660567
34.900000000000006                                0.7410604395794645
34.95                                             0.7480180793029646
35                                                0.7547044176267773
35.050000000000004                                0.7611257454598666
35.1                                              0.767288469221765
35.15                                             0.7731990795911032
35.199999999999996                                0.7788641223425443
35.24999999999999                                 0.7842901417513447
35.3                                              0.7894837420926353
35.35                                             0.7944514693640518
35.4                                              0.7991998443892987
35.449999999999996                                0.8037353346826519
35.5                                              0.8080643395137956
35.550000000000004                                0.8121931767102656
35.6                                              0.816128071144012
35.65                                             0.8198751447871796
35.7                                              0.8234404082212549
35.75                                             0.8268297534870663
35.8                                              0.8300489481682319
35.849999999999994                                0.833103630606034
35.9                                              0.8359993061503493
35.95                                             0.8387413443551274
36                                                0.8413349770340398
36.05                                             0.8437852970949535
36.1                                              0.8460972580776681
36.150000000000006                                0.8482756743241553
36.2                                              0.8503252217144056
36.25                                             0.8522504389060533
36.3                                              0.8540557290190185
36.35                                             0.8557453617116196
36.4                                              0.85732347559695
36.449999999999996                                0.8587940809529682
36.5                                              0.8601610626825964
36.550000000000004                                0.8614281834834807
36.6                                              0.8625990871898214
36.65                                             0.8636773022514412
36.7                                              0.8646662453175918
36.75000000000001                                 0.8655692248948953
36.800000000000004                                0.8663894450511282
36.849999999999994                                0.8671300091389594
36.9                                              0.8677939235169988
36.95                                             0.8683841012511833
37                                                0.8689033657834876
37.05                                             0.8693544545554361
37.1                                              0.8697400225645977
37.150000000000006                                0.8700626458236872
37.2                                              0.8703248246936773
37.25                                             0.8705289870800725
37.300000000000004                                0.8706774914962045
37.35                                             0.8707726299997394
37.4                                              0.8708166310036742
37.449999999999996                                0.8708116619473105
37.49999999999999                                 0.8707598315231595
37.55                                             0.8706631922991949
37.6                                              0.8705237401394637
37.65                                             0.8703434224331034
37.699999999999996                                0.8701241337049529
37.75                                             0.869867722158989
37.800000000000004                                0.8695759876651185
37.85                                             0.8692506899368535
37.9                                              0.868893521250021
37.95                                             0.8685061595112301
38                                                0.868090222763558
38.05                                             0.8676472891780932
38.099999999999994                                0.8671788948976716
38.15                                             0.8666865341641347
38.2                                              0.8661716593010853
38.25                                             0.8656356807972766
38.3                                              0.8650799672582813
38.35                                             0.8645058451261021
38.400000000000006                                0.8639145983259525
38.45                                             0.863307467830909
38.5                                              0.8626856511435882
38.55                                             0.8620503017046766
38.6                                              0.8614025282362425
38.65                                             0.8607433940301848
38.699999999999996                                0.8600739162013334
38.75                                             0.8593950649160131
38.800000000000004                                0.8587077626060983
38.85                                             0.8580128831819123
38.9                                              0.857311251259199
38.95                                             0.8566036414135356
39.00000000000001                                 0.8558907774739769
39.050000000000004                                0.855173331865459
39.099999999999994                                0.8544519250076884
39.15                                             0.8537271247840228
39.2                                              0.8529994461010381
39.25                                             0.8522693505555777
39.3                                              0.8515372462191688
39.35                                             0.8508034875446981
39.400000000000006                                0.8500683754016229
39.45                                             0.8493321572469523
39.5                                              0.8485950274412811
39.550000000000004                                0.8478571277190439
39.6                                              0.8471185478233686
39.65                                             0.8463793263180895
39.699999999999996                                0.8456394515884483
39.75                                             0.844898863027893
39.8                                              0.8441574523755148
39.85                                             0.8434150651739952
39.9                                              0.8426715023938631
39.949999999999996                                0.8419265222967957
40                                                0.8411798425300214
40.050000000000004                                0.8404311423992924
40.1                                              0.8396800653022695
40.15                                             0.8389262213414765
40.2                                              0.8381691901518954
40.25                                             0.8374085239257176
40.3                                              0.8366437503466374
40.349999999999994                                0.8358743750841746
40.4                                              0.8350998847999699
40.45                                             0.8343197514265507
40.5                                              0.833533436169219
40.55                                             0.8327403928490336
40.6                                              0.8319400713245969
40.650000000000006                                0.831131921140703
40.7                                              0.8303153953953614
40.75                                             0.8294899550762758
40.8                                              0.8286550725439904
40.85                                             0.8278102340662747
40.9                                              0.826954944722772
40.949999999999996                                0.8260887323255456
41                                                0.8252111502858466
41.050000000000004                                0.8243217816596228
41.1                                              0.8234202546697581
41.15                                             0.8225062163633993
41.2                                              0.8215793575574554
41.25000000000001                                 0.82063941717619
41.300000000000004                                0.819686181431984
41.349999999999994                                0.8187194762157151
41.4                                              0.8177391898078696
41.45                                             0.816745254990877
41.5                                              0.8157376655212257
41.55                                             0.8147164695178515
41.6                                              0.8136817742696406
41.650000000000006                                0.81263374690633
41.7                                              0.8115726152761629
41.75                                             0.8104986685316051
41.800000000000004                                0.8094122574005268
41.85                                             0.808313794133421
41.9                                              0.8072037521201462
41.949999999999996                                0.8060826651719819
42                                                0.804951126466115
42.050000000000004                                0.8038097871522751
42.1                                              0.8026593546224386
42.15                                             0.8015005904466838
42.199999999999996                                0.8003343079797846
42.25                                             0.7991613696449777
42.300000000000004                                0.7979826839034982
42.35                                             0.796799201919991
42.4                                              0.7956119139359992
42.45                                             0.7944218453660244
42.5                                              0.7932300526310342
42.55                                             0.7920376187477388
42.599999999999994                                0.7908456486922149
42.65                                             0.7896552645587491
42.7                                              0.7884676005359139
42.75                                             0.7872837977234712
42.8                                              0.7861049988144853
42.85                                             0.7849323426686543
42.900000000000006                                0.7837669588037892
42.95                                             0.7826099618325899
43                                                0.7814624458737575
43.05                                             0.7803254789658088
43.1                                              0.7792000975135871
43.15                                             0.7780873007968234
43.199999999999996                                0.7769880455706161
43.25                                             0.77590324078783
43.300000000000004                                0.7748337424719731
43.35                                             0.7737803487696873
43.4                                              0.7727437952110683
43.45                                             0.7717247502060828
43.50000000000001                                 0.7707238108053768
43.550000000000004                                0.76974149875331
43.599999999999994                                0.7687782568579432
43.65                                             0.767834445702106
43.7                                              0.7669103407168197
43.75                                             0.7660061296395405
43.8                                              0.7651219103879195
43.85                                             0.7642576894844285
43.900000000000006                                0.7634133646182814
43.95                                             0.7625887991496365
44                                                0.761783676661983
44.050000000000004                                0.7609976482632698
44.1                                              0.7602302438354827
44.15                                             0.7594809130919584
44.199999999999996                                0.7587490113259167
44.25                                             0.7580338052265087
44.300000000000004                                0.7573344744998906
44.35                                             0.756650118144661
44.4                                              0.755979752384774
44.449999999999996                                0.755322319328286
44.5                                              0.7546766894837895
44.550000000000004                                0.7540416668040827
44.6                                              0.7534159941117912
44.65                                             0.7527983588090347
44.7                                              0.7521873985679083
44.75                                             0.7515817078389824
44.8                                              0.7509798447197173
44.849999999999994                                0.750380337955903
44.9                                              0.749781694215579
44.95                                             0.7491824056210137
45                                                0.7485809574912918
45.05                                             0.747975836214886
45.1                                              0.7473655371633573
45.150000000000006                                0.7467485727092191
45.2                                              0.7461234804038362
45.25                                             0.745488831144743
45.3                                              0.7448432372258147
45.35                                             0.7441853602757095
45.4                                              0.7435139190668184
45.449999999999996                                0.7428276971470646
45.5                                              0.7421255502457299
45.550000000000004                                0.7414064134035204
45.6                                              0.7406693077809996
45.65                                             0.739913347099394
45.7                                              0.7391377436755687
45.75000000000001                                 0.7383418140172757
45.800000000000004                                0.7375249839468593
45.849999999999994                                0.7366867932188406
45.9                                              0.7358268995927563
45.95                                             0.7349450823236723
46                                                0.7340412450373787
46.05                                             0.7331154179633745
46.1                                              0.7321677595064644
46.150000000000006                                0.7311985571383611
46.2                                              0.7302082275964843
46.25                                             0.7291973163807733
46.300000000000004                                0.7281664965460284
46.35                                             0.7271165667915684
46.4                                              0.7260484488377386
46.449999999999996                                0.7249631840567032
46.5                                              0.7238619293337645
46.550000000000004                                0.7227459521991412
46.6                                              0.721616625309524
46.65                                             0.7204754203107947
46.7                                              0.7193239010691618
46.75000000000001                                 0.7181637162688059
46.800000000000004                                0.7169965914032657
46.85                                             0.715824320202192
46.9                                              0.7146487555280049
46.95                                             0.7134717997467735
47                                                0.712295394547271
47.05                                             0.7111215103358872
47.099999999999994                                0.7099521355869751
47.15                                             0.7087892660946281
47.2                                              0.7076348936799357
47.25                                             0.7064909945079834
47.3                                              0.7053595173513116
47.35                                             0.7042423718668326
47.400000000000006                                0.7031414169600125
47.45                                             0.7020584497799494
47.5                                              0.70099519609578
47.55                                             0.6999532973348064
47.6                                              0.6989342944732188
47.65                                             0.697939622112463
47.699999999999996                                0.6969706006658403
47.75                                             0.6960284252617426
47.800000000000004                                0.6951141559132582
47.85                                             0.6942287057958303
47.9                                              0.6933728379553203
47.95                                             0.6925471707306965
48.00000000000001                                 0.6917521442844952
48.050000000000004                                0.6909880310791274
48.099999999999994                                0.6902549294624059
48.15                                             0.6895527809158587
48.2                                              0.6888813136415254
48.25                                             0.688240088409954
48.3                                              0.6876285149405934
48.35                                             0.6870457879954681
48.400000000000006                                0.6864909416885902
48.45                                             0.6859628355312909
48.5                                              0.6854601606233741
48.550000000000004                                0.6849814455067171
48.6                                              0.6845250630498246
48.65                                             0.6840892384189554
48.699999999999996                                0.6836720581151259
48.74999999999999                                 0.6832714800385347
48.800000000000004                                0.68288534453237
48.85                                             0.6825113863484461
48.9                                              0.6821472474704594
48.949999999999996                                0.6817904907222001
49.00000000000001                                 0.6814386140828179
49.050000000000004                                0.6810890656240368
49.1                                              0.680739258979291
49.15                                             0.6803865892503332
49.2                                              0.68002844925115
49.25                                             0.6796622459875504
49.3                                              0.6792854172657798
49.349999999999994                                0.6788954483231184
49.400000000000006                                0.6784898883704834
49.45                                             0.6780663669375152
49.5                                              0.6776226099099858
49.55                                             0.6771564551502692
49.60000000000001                                 0.6766658675921612
49.650000000000006                                0.6761489537051877
49.7                                              0.6756039752232124
49.75                                             0.6750293620386865
49.800000000000004                                0.6744237241650044
49.85                                             0.6737858626753314
49.9                                              0.673114779530716
49.949999999999996                                0.6724096862162907
50.00000000000001                                 0.6716700111100029
