20                                                0.3702115863150634
20.05                                             0.3698803869021302
20.1                                              0.36954920972304733
20.15                                             0.3692180674751501
20.2                                              0.36888696839209767
20.25                                             0.3685559159446104
20.3                                              0.3682249085532952
20.35                                             0.36789393931244313
20.4                                              0.3675629957241157
20.45                                             0.36723205944427645
20.5                                              0.36690110605181236
20.55                                             0.3665701048560657
20.6                                              0.366239018749248
20.650000000000002                                0.3659078041011522
20.7                                              0.36557641069793423
20.75                                             0.3652447818040404
20.8                                              0.3649128531185506
20.85                                             0.3645805566901851
20.900000000000002                                0.3642478137289584
20.95                                             0.3639145428818131
21                                                0.36358065551494695
21.05                                             0.36324606035781076
21.099999999999998                                0.3629106436818033
21.150000000000002                                0.3625743177124181
21.2                                              0.36223696635677977
21.249999999999996                                0.3618984764705416
21.299999999999997                                0.3615587314953445
21.349999999999998                                0.36121761210500825
21.4                                              0.3608749969623481
21.45                                             0.3605307634001806
21.5                                              0.3601847882042689
21.549999999999997                                0.3598369484301202
21.599999999999998                                0.3594871222265458
21.65                                             0.35913518967048247
21.7                                              0.35878103359743707
21.75                                             0.3584245404228846
21.799999999999997                                0.3580656009582526
21.849999999999998                                0.3577041111924184
21.9                                              0.3573399730190287
21.95                                             0.35697309490342805
22                                                0.35660339247584805
22.05                                             0.3562307890350949
22.099999999999998                                0.3558552159492248
22.15                                             0.35547661293650124
22.2                                              0.35509492821081007
22.25                                             0.35471011848058087
22.3                                              0.35432214879414803
22.35                                             0.35393099222483704
22.4                                              0.3535366293852056
22.45                                             0.35313904776097177
22.5                                              0.3527382408597916
22.55                                             0.35233420717451025
22.6                                              0.35192694895986687
22.65                                             0.3515164708201019
22.7                                              0.3511027781121932
22.75                                             0.3506858752043684
22.8                                              0.3502657636398769
22.85                                             0.3498424401919685
22.900000000000002                                0.3494158947857264
22.95                                             0.3489861083329531
23                                                0.3485530505401055
23.05                                             0.3481166777283966
23.1                                              0.3476769307113253
23.150000000000002                                0.34723373281488107
23.2                                              0.3467869880614297
23.25                                             0.34633657939694573
23.3                                              0.345882367163357
23.349999999999998                                0.345424187998339
23.400000000000002                                0.3449618540666982
23.45                                             0.3444951526156941
23.5                                              0.3440238459184009
23.549999999999997                                0.3435476722006863
23.6                                              0.3430663467238885
23.65                                             0.3425795628954954
23.700000000000003                                0.3420869951465375
23.75                                             0.3415882937358497
23.799999999999997                                0.34108311901762456
23.849999999999998                                0.3405710958505336
23.9                                              0.3400518561254647
23.95                                             0.3395250359154894
24                                                0.3389902669049206
24.049999999999997                                0.3384472081121939
24.099999999999998                                0.33789552485606444
24.15                                             0.33733491622887984
24.2                                              0.3367651112226774
24.25                                             0.3361858789090255
24.3                                              0.33559703482864117
24.349999999999998                                0.3349984474206458
24.4                                              0.33439004401115136
24.45                                             0.33377181616686497
24.5                                              0.3331438242288898
24.55                                             0.3325062008436094
24.6                                              0.331859153309493
24.65                                             0.33120296456584547
24.7                                              0.33053799265933226
24.75                                             0.32986466854003405
24.8                                              0.3291834920616025
24.85                                             0.328495026087584
24.9                                              0.327799888640006
24.95                                             0.32709874306683256
25                                                0.32639228624994066
25.05                                             0.3256812349280955
25.1                                              0.32496631026528755
25.150000000000002                                0.32424822085674865
25.2                                              0.3235276444299117
25.25                                             0.3228052085639409
25.3                                              0.32208147081947575
25.35                                             0.3213568987358134
25.400000000000002                                0.32063185021463114
25.45                                             0.319906554864816
25.5                                              0.31918109692908125
25.55                                             0.31845540044693665
25.599999999999998                                0.3177292173272239
25.650000000000002                                0.31700211900171266
25.7                                              0.3162734923078914
25.75                                             0.3155425401980779
25.799999999999997                                0.314808287801086
25.85                                             0.31406959426788805
25.9                                              0.3133251707135236
25.950000000000003                                0.312573604421497
26                                                0.3118133893262266
26.05                                             0.31104296283696786
26.099999999999998                                0.31026074628948036
26.15                                             0.3094651958468629
26.2                                              0.30865484364990936
26.25                                             0.3078283622438086
26.299999999999997                                0.3069846157798092
26.349999999999998                                0.30612271331977275
26.4                                              0.305242064963786
26.45                                             0.3043424397720486
26.5                                              0.3034239823653842
26.55                                             0.3024872767679134
26.599999999999998                                0.3015333607890905
26.65                                             0.30056374126359947
26.7                                              0.29958039420023846
26.75                                             0.2985857491586749
26.8                                              0.29758265638129244
26.85                                             0.2965743356139252
26.9                                              0.2955643059745274
26.95                                             0.2945562967816987
27                                                0.2935541399389642
27.05                                             0.29256164525437706
27.1                                              0.29158246093393014
27.15                                             0.29061992245148427
27.2                                              0.2896768940333903
27.25                                             0.2887556080150317
27.3                                              0.2878575083199092
27.35                                             0.2869831052097655
27.400000000000002                                0.2861318491671177
27.45                                             0.2853020322179592
27.5                                              0.2844907250965322
27.55                                             0.2836937583088924
27.6                                              0.2829057542868486
27.65                                             0.2821202163997019
27.7                                              0.28132967860298613
27.749999999999996                                0.28052591699208623
27.8                                              0.27970022156722263
27.849999999999998                                0.2788437232305525
27.900000000000002                                0.2779477675796811
27.95                                             0.27700432362983823
28                                                0.2760064123875454
28.049999999999997                                0.2749485373921635
28.1                                              0.273827097064267
28.15                                             0.27264075704802354
28.200000000000003                                0.2713907598740443
28.25                                             0.2700811492400306
28.3                                              0.26871888684788625
28.349999999999998                                0.26731384109286
28.400000000000002                                0.26587862914867205
28.45                                             0.2644282972271693
28.500000000000004                                0.2629798281531589
28.549999999999997                                0.26155147116170085
28.6                                              0.2601618968525281
28.65                                             0.25882919089504935
28.700000000000003                                0.2575697119863246
28.75                                             0.2563968549608056
28.8                                              0.25531977853938853
28.849999999999998                                0.25434217597747544
28.899999999999995                                0.2534611854465426
28.95                                             0.2526665536331183
29.000000000000004                                0.25194016735979835
29.05                                             0.2512560711519433
29.099999999999998                                0.25058107604228547
29.15                                             0.24987601328398654
29.200000000000003                                0.24909769758384864
29.25                                             0.24820142960437777
29.299999999999997                                0.24714411253066157
29.35                                             0.24588764468965968
29.400000000000002                                0.2444024388742503
29.45                                             0.24267075630904666
29.499999999999996                                0.24068963713499414
29.55                                             0.23847308721941468
29.600000000000005                                0.2360533323281068
29.650000000000002                                0.23348090588744164
29.699999999999996                                0.23082340051371214
29.75                                             0.22816272650147496
29.800000000000004                                0.22559074024598846
29.85                                             0.22320313157351152
29.9                                              0.22109152165556575
29.95                                             0.21933386283790637
29.999999999999996                                0.21798349471953027
30.05                                             0.21705763257383037
30.099999999999998                                0.2165266393887058
30.150000000000002                                0.21630607549682904
30.2                                              0.2162540295417987
30.25                                             0.21617630227736695
30.299999999999997                                0.215841310076333
30.35                                             0.2150049299714744
30.4                                              0.21344313344666244
30.450000000000003                                0.2109878361498034
30.5                                              0.20755989001111363
30.55                                             0.20319332504153298
30.599999999999998                                0.19804685313031556
30.650000000000002                                0.19240142561149193
30.7                                              0.1866448870482
30.750000000000004                                0.18124516627804685
30.799999999999997                                0.17671128614147744
30.85                                             0.17353699478705548
30.9                                              0.1721167590226831
30.950000000000003                                0.17262293971971962
31                                                0.17484606498043198
31.05                                             0.1780404681381022
31.099999999999998                                0.18088415931572946
31.149999999999995                                0.18170140091231676
31.2                                              0.1789996274034226
31.250000000000004                                0.17211221296381066
31.3                                              0.16155204591078925
31.349999999999998                                0.1488642871144046
31.4                                              0.13618287972252419
31.450000000000003                                0.12589281798571245
31.5                                              0.12063434713998218
31.549999999999997                                0.1234357547873768
31.6                                              0.1363866340314381
31.650000000000002                                0.1534741392974542
31.7                                              0.15453595644055323
31.749999999999996                                0.13296248764448798
31.8                                              0.10717444171513381
31.850000000000005                                0.08882267646110702
31.900000000000002                                0.09262037098368679
31.949999999999996                                0.10081196679875397
32                                                0.08249000568916437
32.050000000000004                                0.08230213525150872
32.1                                              0.08647430439236165
32.15                                             0.0932051157122407
32.2                                              0.10184129574627875
32.25                                             0.11202486598870902
32.300000000000004                                0.12351572568239715
32.35                                             0.1361331200074464
32.4                                              0.14973056378399152
32.449999999999996                                0.16418328951003638
32.5                                              0.17938133041678433
32.55                                             0.1952254669637458
32.6                                              0.21162475368812345
32.65                                             0.2284949694929498
32.7                                              0.24575762893353761
32.75                                             0.263339342780761
32.800000000000004                                0.28117139877265834
32.85                                             0.29918948113099614
32.9                                              0.3173334761454503
32.949999999999996                                0.33554732917406116
33                                                0.3537789301149211
33.05                                             0.3719800121931292
33.1                                              0.3901060542126958
33.15                                             0.4081161800951893
33.2                                              0.4259730521063874
33.25                                             0.4436427559685909
33.300000000000004                                0.46109467731446474
33.35                                             0.4783013697972188
33.4                                              0.495238415731773
33.45                                             0.5118842804969472
33.5                                              0.5282201621272116
33.55                                             0.5442298376060779
33.599999999999994                                0.5598995073715078
33.65                                             0.575217639476562
33.7                                              0.59017481474577
33.75                                             0.6047635741414877
33.8                                              0.6189782694131776
33.85                                             0.6328149179317266
33.900000000000006                                0.6462710624431182
33.95                                             0.659345636350554
34                                                0.6720388350048423
34.05                                             0.6843519933560921
34.1                                              0.6962874701944856
34.15                                             0.7078485391097457
34.199999999999996                                0.7190392861676803
34.25                                             0.7298645141780298
34.300000000000004                                0.7403296535653549
34.35                                             0.7504406798998643
34.4                                              0.7602040376266469
34.45                                             0.7696265696377784
34.50000000000001                                 0.7787154525650339
34.550000000000004                                0.7874781375775423
34.6                                              0.7959222966510701
34.65                                             0.8040557738389452
34.7                                              0.8118865392993078
34.75                                             0.8194226493032373
34.8                                              0.8266722108918236
34.85                                             0.8336433489968825
34.900000000000006                                0.8403441773152788
34.95                                             0.8467827721743447
35                                                0.8529671488362851
35.050000000000004                                0.8589052426338182
35.1                                              0.8646048879555255
35.15                                             0.8700738132913629
35.199999999999996                                0.8753195972866454
35.24999999999999                                 0.8803497330481151
35.3                                              0.8851714876207798
35.35                                             0.8897920245508424
35.4                                              0.8942183280367666
35.449999999999996                                0.898457212465464
35.5                                              0.9025153177538103
35.550000000000004                                0.9063991059144998
35.6                                              0.9101148585919603
35.65                                             0.9136686754589304
35.7                                              0.9170664733851579
35.75                                             0.9203139862985431
35.8                                              0.923416765666949
35.849999999999994                                0.9263801815351322
35.9                                              0.9292094240575637
35.95                                             0.93190950547357
36                                                0.9344852624764387
36.05                                             0.9369413589315747
36.1                                              0.9392822889038751
36.150000000000006                                0.9415123799571542
36.2                                              0.9436357966918112
36.25                                             0.945656544490452
36.3                                              0.947578473442702
36.35                                             0.949405282423707
36.4                                              0.9511405233024143
36.449999999999996                                0.9527876052577995
36.5                                              0.9543497991829707
36.550000000000004                                0.9558302421586272
36.6                                              0.9572319419785904
36.65                                             0.9585577817113918
36.7                                              0.9598105242827067
36.75000000000001                                 0.9609928170641161
36.800000000000004                                0.962107196454444
36.849999999999994                                0.9631560924407974
36.9                                              0.9641418331280418
36.95                                             0.9650666492287678
37                                                0.9659326785084373
37.05                                             0.9667419701813574
37.1                                              0.9674964892465716
37.150000000000006                                0.9681981207445143
37.2                                              0.9688486739126604
37.25                                             0.9694498862284472
37.300000000000004                                0.9700034273403179
37.35                                             0.9705109028928657
37.4                                              0.9709738582488453
37.449999999999996                                0.971393782092869
37.49999999999999                                 0.9717721103221055
37.55                                             0.9721102268045568
37.6                                              0.9724094696196315
37.65                                             0.9726711339519325
37.699999999999996                                0.9728964725694881
37.75                                             0.9730867021216643
37.800000000000004                                0.9732430029347624
37.85                                             0.9733665273745166
37.9                                              0.9734583770777634
37.95                                             0.9735196504331205
38                                                0.9735514047834707
38.05                                             0.9735546745343764
38.099999999999994                                0.9735304705908142
38.15                                             0.9734797816662816
38.2                                              0.9734035754700825
38.25                                             0.9733027997250356
38.3                                              0.9731783831432802
38.35                                             0.9730312362029595
38.400000000000006                                0.9728622517580591
38.45                                             0.9726723055105725
38.5                                              0.9724622563468267
38.55                                             0.9722329465270324
38.6                                              0.9719852017224763
38.65                                             0.9717198309482319
38.699999999999996                                0.9714376264095401
38.75                                             0.9711393632243592
38.800000000000004                                0.9708257990295547
38.85                                             0.9704976734956468
38.9                                              0.9701557077623644
38.95                                             0.9698006038028426
39.00000000000001                                 0.9694330437247317
39.050000000000004                                0.9690536890160348
39.099999999999994                                0.9686631797439715
39.15                                             0.9682621337184509
39.2                                              0.9678511456340713
39.25                                             0.9674307862031357
39.3                                              0.9670016012901231
39.35                                             0.966564111057048
39.400000000000006                                0.9661188091289371
39.45                                             0.9656661617885995
39.5                                              0.9652066072107853
39.550000000000004                                0.9647405547465889
39.6                                              0.9642683842698565
39.65                                             0.9637904455988031
39.699999999999996                                0.9633070580067565
39.75                                             0.9628185098284869
39.8                                              0.9623250581491691
39.85                                             0.96182692855962
39.9                                              0.9613243150039695
39.949999999999996                                0.9608173797744773
40                                                0.9603062536666636
40.050000000000004                                0.959791036269864
40.1                                              0.9592717963822
40.15                                             0.9587485725603504
40.2                                              0.958221373815028
40.25                                             0.9576901804201398
40.3                                              0.9571549447110366
40.349999999999994                                0.9566155918831523
40.4                                              0.9560720213095759
40.45                                             0.9555241083579238
40.5                                              0.954971705929763
40.55                                             0.9544146458450108
40.6                                              0.9538527404469701
40.650000000000006                                0.9532857844392225
40.7                                              0.9527135571319637
40.75                                             0.9521358254565508
40.8                                              0.9515523448854429
40.85                                             0.9509628595530557
40.9                                              0.9503671073761563
40.949999999999996                                0.9497648227522267
41                                                0.9491557381555702
41.050000000000004                                0.948539585594175
41.1                                              0.9479161021583188
41.15                                             0.947285032148341
41.2                                              0.9466461233995366
41.25000000000001                                 0.9459991346269231
41.300000000000004                                0.9453438473126365
41.349999999999994                                0.9446800459105337
41.4                                              0.9440075451277705
41.45                                             0.9433261563673125
41.5                                              0.9426357459759632
41.55                                             0.9419361870109592
41.6                                              0.9412273826956982
41.650000000000006                                0.9405092653999773
41.7                                              0.9397817983204972
41.75                                             0.9390449771149054
41.800000000000004                                0.9382988313889257
41.85                                             0.9375434260128497
41.9                                              0.9367788622536218
41.949999999999996                                0.9360052787113314
42                                                0.9352228520506563
42.050000000000004                                0.9344317975186525
42.1                                              0.9336323692414742
42.15                                             0.9328248602936927
42.199999999999996                                0.9320096025349658
42.25                                             0.9311869662102241
42.300000000000004                                0.9303573593106554
42.35                                             0.9295212266943177
42.4                                              0.9286790489663311
42.45                                             0.9278313411202308
42.5                                              0.9269786509433648
42.55                                             0.9261215571904873
42.599999999999994                                0.9252606675316264
42.65                                             0.9243966162810116
42.7                                              0.9235300619159692
42.75                                             0.9226616843954636
42.8                                              0.9217921822898396
42.85                                             0.9209222697341979
42.900000000000006                                0.9200526732193214
42.95                                             0.9191841282353488
43                                                0.9183173757842736
43.05                                             0.9174531587787514
43.1                                              0.9165922183454245
43.15                                             0.9157352900519982
43.199999999999996                                0.9148831000780957
43.25                                             0.9140363613502807
43.300000000000004                                0.9131957696624409
43.35                                             0.9123619998029379
43.4                                              0.911535701710722
43.45                                             0.9107174966831728
43.50000000000001                                 0.9099079736591269
43.550000000000004                                0.9091076855998981
43.599999999999994                                0.908317145990699
43.65                                             0.9075368254835999
43.7                                              0.9067671487030007
43.75                                             0.9060084912340187
43.8                                              0.9052611768131071
43.85                                             0.904525474726745
43.900000000000006                                0.9038015998152025
43.95                                             0.9030896993635915
44                                                0.9023898701641236
44.050000000000004                                0.9017021484469652
44.1                                              0.9010264961202039
44.15                                             0.9003628169913784
44.199999999999996                                0.8997109500096632
44.25                                             0.8990706694744016
44.300000000000004                                0.8984416853275972
44.35                                             0.8978236409199052
44.4                                              0.8972161174856355
44.449999999999996                                0.8966186344122435
44.5                                              0.8960306502863128
44.550000000000004                                0.8954515650742219
44.6                                              0.8948807225265293
44.65                                             0.8943174126989452
44.7                                              0.8937608748951492
44.75                                             0.893210301203791
44.8                                              0.892664840169551
44.849999999999994                                0.8921236007358837
44.9                                              0.891585656513208
44.95                                             0.8910500503338733
45                                                0.8905157990643185
45.05                                             0.8899818986350037
45.1                                              0.8894473292501662
45.150000000000006                                0.8889110607928039
45.2                                              0.8883720584271761
45.25                                             0.887829288323556
45.3                                              0.8872817234566039
45.35                                             0.8867283494629402
45.4                                              0.8861681705347141
45.449999999999996                                0.8856002153150991
45.5                                              0.8850235427597173
45.550000000000004                                0.8844372479271536
45.6                                              0.8838404676609773
45.65                                             0.8832323861278869
45.7                                              0.8826122401790125
45.75000000000001                                 0.881979324506401
45.800000000000004                                0.8813329965657422
45.849999999999994                                0.8806726812339177
45.9                                              0.8799978751659622
45.95                                             0.879308150814537
46                                                0.8786031600784209
46.05                                             0.8778826375518761
46.1                                              0.8771464033508667
46.150000000000006                                0.8763943654952754
46.2                                              0.8756265218282849
46.25                                             0.8748429614585689
46.300000000000004                                0.874043865716442
46.35                                             0.8732295086157141
46.4                                              0.872400256797656
46.449999999999996                                0.871556568906883
46.5                                              0.8706989943593074
46.550000000000004                                0.8698281715358316
46.6                                              0.8689448254803547
46.65                                             0.8680497651262828
46.7                                              0.8671438800161023
46.75000000000001                                 0.8662281364884131
46.800000000000004                                0.865303573343591
46.85                                             0.8643712970192002
46.9                                              0.8634324763007207
46.95                                             0.8624883365415397
47                                                0.861540153267024
47.05                                             0.8605892451773182
47.099999999999994                                0.8596369671378148
47.15                                             0.858684703429555
47.2                                              0.8577338604397355
47.25                                             0.8567858585756918
47.3                                              0.8558421239256732
47.35                                             0.8549040798770803
47.400000000000006                                0.8539731386779553
47.45                                             0.8530506930844427
47.5                                              0.8521381084872213
47.55                                             0.8512367142391871
47.6                                              0.8503477931129491
47.65                                             0.8494725739127132
47.699999999999996                                0.8486122245001885
47.75                                             0.8477678433706458
47.800000000000004                                0.8469404511416481
47.85                                             0.8461309815191713
47.9                                              0.8453402847886569
47.95                                             0.8445691131139086
48.00000000000001                                 0.8438181031929733
48.050000000000004                                0.8430877875686752
48.099999999999994                                0.8423785776441725
48.15                                             0.8416907988772847
48.2                                              0.8410246073760628
48.25                                             0.8403800477779325
48.3                                              0.8397570650637545
48.35                                             0.8391554420516592
48.400000000000006                                0.8385748452393731
48.45                                             0.8380148097297511
48.5                                              0.8374747415847186
48.550000000000004                                0.8369539197091556
48.6                                              0.8364514984801533
48.65                                             0.835966511193405
48.699999999999996                                0.8354978743318817
48.74999999999999                                 0.8350443926460611
48.800000000000004                                0.8346047650279423
48.85                                             0.8341775911543674
48.9                                              0.8337613788688362
48.949999999999996                                0.833354552265918
49.00000000000001                                 0.8329554604363352
49.050000000000004                                0.8325623868259712
49.1                                              0.8321735591572134
49.15                                             0.8317871598555482
49.2                                              0.8314013369213616
49.25                                             0.8310142151817609
49.3                                              0.8306239078546023
49.349999999999994                                0.8302285283534275
49.400000000000006                                0.8298262022598272
49.45                                             0.8294150793873084
49.5                                              0.8289933458592578
49.55                                             0.8285592361227145
49.60000000000001                                 0.8281110448185394
49.650000000000006                                0.8276471384287246
49.7                                              0.8271659666219286
49.75                                             0.8266660732189892
49.800000000000004                                0.8261461067012971
49.85                                             0.8256048301871387
49.9                                              0.8250411308026996
49.949999999999996                                0.8244540283774896
50.00000000000001                                 0.8238426833968947
