20                       0.33022654151465014
20.05                    0.3299163400647925
20.1                     0.3296064875232468
20.15                    0.32929699635244164
20.2                     0.32898787437487664
20.25                    0.3286791245080538
20.3                     0.3283707445122281
20.35                    0.3280627267518763
20.4                     0.3277550579717483
20.45                    0.32744771909330866
20.5                     0.3271406850394047
20.55                    0.3268339245947049
20.6                     0.3265274003028683
20.650000000000002       0.3262210683983167
20.7                     0.325914878777084
20.75                    0.32560877510259767
20.8                     0.32530269327250705
20.85                    0.3249965660397042
20.900000000000002       0.32469031909946633
20.95                    0.32438387009888336
21                       0.3240771336865217
21.05                    0.32377001846683107
21.099999999999998       0.32346242002436054
21.150000000000002       0.32315425259394104
21.2                     0.322845401678669
21.249999999999996       0.3225357598470841
21.299999999999997       0.32222521572672436
21.349999999999998       0.32191365553052737
21.4                     0.3216009636713361
21.45                    0.3212870234503357
21.5                     0.32097171784438006
21.549999999999997       0.3206549302061238
21.599999999999998       0.3203365449807521
21.65                    0.32001644843314153
21.7                     0.3196945293833203
21.75                    0.31937067993309176
21.799999999999997       0.31904479614342846
21.849999999999998       0.31871677867166975
21.9                     0.31838653336677347
21.95                    0.31805397179873296
22                       0.31771901170907296
22.05                    0.31738157737315376
22.099999999999998       0.3170415998668435
22.15                    0.3166990172278618
22.2                     0.3163537744919231
22.25                    0.3160058235839417
22.3                     0.3156551230570813
22.35                    0.31530163768391195
22.4                     0.31494533790074986
22.45                    0.3145861991011875
22.5                     0.3142242007724365
22.55                    0.3138593254759017
22.6                     0.3134915576732143
22.65                    0.31312088239862806
22.7                     0.31274728377183614
22.75                    0.3123707433785279
22.8                     0.31199123858594346
22.85                    0.3116087408134657
22.900000000000002       0.31122321372386613
22.95                    0.31083461135330515
23                       0.3104428762396238
23.05                    0.3100479375976485
23.1                     0.3096497095821907
23.150000000000002       0.30924808966033107
23.2                     0.30884295710570603
23.25                    0.30843417172634213
23.3                     0.3080215728996476
23.349999999999998       0.3076049788660261
23.400000000000002       0.30718418633982164
23.45                    0.30675897047652717
23.5                     0.3063290851581674
23.549999999999997       0.3058942641676962
23.6                     0.30545422282031587
23.65                    0.3050086593546767
23.700000000000003       0.3045572583573705
23.75                    0.30409967985278
23.799999999999997       0.3036356052066214
23.849999999999998       0.30316468668673296
23.9                     0.3026865817754084
23.95                    0.3022009543106511
24                       0.3017074930418506
24.049999999999997       0.30120587233947727
24.099999999999998       0.3006958127548293
24.15                    0.30017705468887407
24.2                     0.299649373725341
24.25                    0.29911258527652346
24.3                     0.29856655044256564
24.349999999999998       0.2980111814033524
24.4                     0.29744644629493017
24.45                    0.29687237341884565
24.5                     0.2962890546228396
24.55                    0.2956966476938519
24.6                     0.29509537761158483
24.65                    0.29448553652353066
24.7                     0.2938674823125346
24.75                    0.293241635642385
24.8                     0.29260847538784096
24.85                    0.29196853238297416
24.9                     0.29132238145634015
24.95                    0.2906706317572609
25                       0.29001391542296673
25.05                    0.2893528746809593
25.1                     0.28868814753419925
25.150000000000002       0.2880203522297706
25.2                     0.28735007076908753
25.25                    0.28667783177568307
25.3                     0.28600409309234914
25.35                    0.28532922453581433
25.400000000000002       0.2846534912851905
25.45                    0.28397703842468913
25.5                     0.2832998771927125
25.55                    0.28262187351194223
25.599999999999998       0.2819427393810648
25.650000000000002       0.28126202770159703
25.7                     0.2805791310842484
25.75                    0.2798932851263646
25.799999999999997       0.27920357656733247
25.85                    0.2785089566281308
25.9                     0.27780825972400924
25.950000000000003       0.27710022761185366
26                       0.27638353890987105
26.05                    0.275656844227108
26.099999999999998       0.27491880183761236
26.15                    0.2741681286397167
26.2                     0.2734036348171503
26.25                    0.2726242747506707
26.299999999999997       0.2718292018977896
26.349999999999998       0.27101780644195805
26.4                     0.27018978098218976
26.45                    0.2693451255595508
26.5                     0.2684842084228848
26.55                    0.2676077883425866
26.599999999999998       0.26671702857635826
26.65                    0.26581350379473173
26.7                     0.2648991931682775
26.75                    0.26397645917649787
26.8                     0.26304801098027836
26.85                    0.2621168516495413
26.9                     0.26118620895150935
26.95                    0.26025944989734995
27                       0.2593399798672012
27.05                    0.2584311278495341
27.1                     0.25753602010067883
27.15                    0.25665744534140694
27.2                     0.25579771551874325
27.25                    0.2549585270444428
27.3                     0.2541408282339985
27.35                    0.2533446993895917
27.400000000000002       0.2525692525095563
27.45                    0.2518125578863231
27.5                     0.2510716047944915
27.55                    0.2503423030097855
27.6                     0.24961953098224954
27.65                    0.24889723507914505
27.7                     0.24816858239593426
27.749999999999996       0.2474261672648502
27.8                     0.24666226885598663
27.849999999999998       0.24586915429799663
27.900000000000002       0.24503941869932183
27.95                    0.24416635049333185
28                       0.24324430784163303
28.049999999999997       0.24226908955820936
28.1                     0.24123828228341757
28.15                    0.24015156458355072
28.200000000000003       0.23901094835874662
28.25                    0.23782093826053977
28.3                     0.23658859072215976
28.349999999999998       0.23532345584670156
28.400000000000002       0.23403738778295707
28.45                    0.23274421235108175
28.500000000000004       0.23145924469431262
28.549999999999997       0.23019865505300308
28.6                     0.22897868852082418
28.65                    0.2278147536483964
28.700000000000003       0.22672040432383433
28.75                    0.225706254287759
28.8                     0.22477887990413625
28.849999999999998       0.22393978242745008
28.899999999999995       0.223184497053336
28.95                    0.22250194934099154
29.000000000000004       0.2218741580184077
29.05                    0.22127638803615324
29.099999999999998       0.22067783894961987
29.15                    0.2200429038737925
29.200000000000003       0.21933303879219862
29.25                    0.21850912962311692
29.299999999999997       0.21753427240903558
29.35                    0.2163768106091417
29.400000000000002       0.2150134095555063
29.45                    0.2134318210644218
29.499999999999996       0.21163332315916622
29.55                    0.2096343209617286
29.600000000000005       0.20746716969750956
29.650000000000002       0.2051798804330863
29.699999999999996       0.20283467719143095
29.75                    0.2005052615662667
29.800000000000004       0.19827269499619377
29.85                    0.1962198205953333
29.9                     0.1944241971296025
29.95                    0.19294963885346067
29.999999999999996       0.1918366901742073
30.05                    0.19109274629856285
30.099999999999998       0.19068305372803165
30.150000000000002       0.19052440368028237
30.2                     0.19048377328213004
30.25                    0.19038417775619917
30.299999999999997       0.19001926381268636
30.35                    0.18917656466380442
30.4                     0.1876670978105391
30.450000000000003       0.18535682109193735
30.5                     0.18219430451983504
30.55                    0.1782294888285966
30.599999999999998       0.1736204928578351
30.650000000000002       0.16862815722814992
30.7                     0.16359999572576484
30.750000000000004       0.15894530099608764
30.799999999999997       0.15510081085847063
30.85                    0.15248194155787523
30.9                     0.15140980000676613
30.950000000000003       0.152003418140209
31                       0.15403923895681512
31.05                    0.15681828701114278
31.099999999999998       0.15914360091512267
31.149999999999995       0.15954255427753464
31.2                     0.1567660723845061
31.250000000000004       0.15034894239938731
31.3                     0.14086831630657753
31.349999999999998       0.12974916986149682
31.4                     0.11884789392708404
31.450000000000003       0.11017767653526354
31.5                     0.10595471476091384
31.549999999999997       0.1087444639809346
31.6                     0.12024459253045477
31.650000000000002       0.13474710075470006
31.7                     0.13439135018471107
31.749999999999996       0.11489864562880077
31.8                     0.09283940070728502
31.850000000000005       0.07754738528744223
31.900000000000002       0.08167395799274425
31.949999999999996       0.08666193435505204
32                       0.07168156205199651
32.050000000000004       0.07155156459834086
32.1                     0.07501907126755195
32.15                    0.08063282535854435
32.2                     0.08787391108286476
32.25                    0.09646228135594095
32.300000000000004       0.10621266514123232
32.35                    0.11698697343537787
32.4                     0.12867385104195875
32.449999999999996       0.14117840228570827
32.5                     0.15441650795194292
32.55                    0.16831148776605478
32.6                     0.18279206840389348
32.65                    0.19779112384596378
32.7                     0.21324489300075192
32.75                    0.22909250119177507
32.800000000000004       0.24527567870102523
32.85                    0.26173860789532055
32.9                     0.27842785355362465
32.949999999999996       0.2952923455340887
33                       0.3122833924022954
33.05                    0.32935471102233016
33.1                     0.3464624615524633
33.15                    0.3635652804566027
33.2                     0.38062430647699286
33.25                    0.3976031962626307
33.300000000000004       0.4144681276474327
33.35                    0.43118778956098064
33.4                     0.4477333582923659
33.45                    0.4640784603975995
33.5                     0.4801991229700852
33.55                    0.4960737122917721
33.599999999999994       0.5116828620853177
33.65                    0.5270093927071771
33.7                     0.5420382226821001
33.75                    0.556756274022348
33.8                     0.5711523727597246
33.85                    0.5852171460087717
33.900000000000006       0.598942916736806
33.95                    0.6123235973771826
34                       0.6253545833595441
34.05                    0.6380326475034007
34.1                     0.6503558360766809
34.15                    0.6623233671929494
34.199999999999996       0.673935532102689
34.25                    0.6851935999310903
34.300000000000004       0.6960997263755861
34.35                    0.7066568664364236
34.4                     0.7168686912627217
34.45                    0.7267395094745848
34.50000000000001        0.7362741930817795
34.550000000000004       0.7454781081727083
34.6                     0.7543570510848077
34.65                    0.7629171871886365
34.7                     0.7711649901062468
34.75                    0.7791071943184485
34.8                     0.7867507483469112
34.85                    0.7941027690723594
34.900000000000006       0.8011705005564121
34.95                    0.8079612790990119
35                       0.814482499506228
35.050000000000004       0.820741582588456
35.1                     0.826745950337236
35.15                    0.832503006185561
35.199999999999996       0.8380200995631207
35.24999999999999        0.8433045083041412
35.3                     0.8483634524181586
35.35                    0.8532040353804675
35.4                     0.8578332554926802
35.449999999999996       0.862257989409056
35.5                     0.8664849824602409
35.550000000000004       0.8705208404583313
35.6                     0.8743720228761533
35.65                    0.8780448372836633
35.7                     0.881545434931599
35.75                    0.8848798073787395
35.8                     0.8880537840678068
35.849999999999994       0.8910730307604104
35.9                     0.8939430487481117
35.95                    0.8966691747632429
36                       0.8992565815179251
36.05                    0.9017102788063766
36.1                     0.9040351151093446
36.150000000000006       0.9062357796455759
36.2                     0.9083168048179117
36.25                    0.9102825690067312
36.3                     0.912137299666149
36.35                    0.913885076682507
36.4                     0.9155298359570104
36.449999999999996       0.9170753731782861
36.5                     0.9185253477523111
36.550000000000004       0.919883286860579
36.6                     0.9211525896189385
36.65                    0.9223365313120044
36.7                     0.9234382676790633
36.75000000000001        0.924460839229906
36.800000000000004       0.9254071755691688
36.849999999999994       0.9262800997103706
36.9                     0.9270823323630936
36.95                    0.9278164961803786
37                       0.9284851199579942
37.05                    0.929090642777043
37.1                     0.9296354180749661
37.150000000000006       0.9301217176211646
37.2                     0.9305517353727639
37.25                    0.9309275911989662
37.300000000000004       0.9312513344761533
37.35                    0.9315249475601175
37.4                     0.9317503491402193
37.449999999999996       0.9319293974813209
37.49999999999999        0.9320638916030036
37.55                    0.9321555820002145
37.6                     0.9322061567247686
37.65                    0.9322172632241832
37.699999999999996       0.932190497352093
37.75                    0.932127413684291
37.800000000000004       0.9320295228116053
37.85                    0.9318983007751038
37.9                     0.9317351627202699
37.95                    0.9315415137178416
38                       0.9313187078847006
38.05                    0.9310680667998372
38.099999999999994       0.9307908783075848
38.15                    0.9304883972688488
38.2                     0.9301618461853107
38.25                    0.9298124157924686
38.3                     0.9294412655435219
38.35                    0.9290495238849584
38.400000000000006       0.928638288413473
38.45                    0.9282086259190575
38.5                     0.9277615723136685
38.55                    0.9272981324508054
38.6                     0.9268192798471273
38.65                    0.9263259563219485
38.699999999999996       0.9258190715590529
38.75                    0.9252995025962937
38.800000000000004       0.9247680932579192
38.85                    0.9242256535426329
38.9                     0.9236729589786599
38.95                    0.9231107499568039
39.00000000000001        0.9225397310518011
39.050000000000004       0.9219605703394765
39.099999999999994       0.9213738987142805
39.15                    0.9207803092168718
39.2                     0.920180356394185
39.25                    0.9195745557168998
39.3                     0.9189633830674027
39.35                    0.9183472742989122
39.400000000000006       0.9177266248668495
39.45                    0.9171017895383262
39.5                     0.9164730821906252
39.550000000000004       0.9158407757097445
39.6                     0.9152051019993892
39.65                    0.9145662521112135
39.699999999999996       0.913924376510006
39.75                    0.9132795854887528
39.8                     0.9126319497307944
39.85                    0.911981500990865
39.9                     0.9113282328822345
39.949999999999996       0.9106721018104752
40                       0.9100130280896152
40.050000000000004       0.9093508972334386
40.1                     0.9086855614026691
40.15                    0.9080168410031051
40.2                     0.9073445264383302
40.25                    0.9066683800030161
40.3                     0.9059881378439185
40.349999999999994       0.9053035119542213
40.4                     0.9046141924622922
40.45                    0.9039198502732345
40.5                     0.9032201396516656
40.55                    0.9025147007404679
40.6                     0.9018031622063151
40.650000000000006       0.901085144120241
40.7                     0.900360261640956
40.75                    0.8996281295189079
40.8                     0.8988883607698552
40.85                    0.8981405675742928
40.9                     0.8973843710848438
40.949999999999996       0.8966194035094376
41                       0.8958453096487288
41.050000000000004       0.8950617498497868
41.1                     0.8942684020169615
41.15                    0.8934649674865955
41.2                     0.8926511714665479
41.25000000000001        0.8918267659760686
41.300000000000004       0.8909915294201125
41.349999999999994       0.8901452861109072
41.4                     0.8892878945228183
41.45                    0.8884192092539593
41.5                     0.8875391844925268
41.55                    0.8866477832667514
41.6                     0.8857450174931236
41.650000000000006       0.884830944224289
41.7                     0.8839056667647913
41.75                    0.8829693357366876
41.800000000000004       0.8820221499295001
41.85                    0.8810643569045041
41.9                     0.8800962533402245
41.949999999999996       0.8791181851104655
42                       0.8781305470885836
42.050000000000004       0.877133782673312
42.1                     0.876128383032915
42.15                    0.8751148860665949
42.199999999999996       0.8740938750824533
42.25                    0.8730659771940478
42.300000000000004       0.8720318614381619
42.35                    0.8709922366186171
42.4                     0.8699478488824405
42.45                    0.8688994790361593
42.5                     0.8678479396120032
42.55                    0.8667940716950818
42.599999999999994       0.8657387415240746
42.65                    0.8646828368798849
42.7                     0.8636272632777117
42.75                    0.8625729399796163
42.8                     0.8615207958458434
42.85                    0.8604717650446284
42.900000000000006       0.8594267826406102
42.95                    0.8583867800844757
43                       0.8573526806255916
43.05                    0.8563253946717626
43.1                     0.855305815120083
43.15                    0.8542948126838533
43.199999999999996       0.8532932312409364
43.25                    0.8523018832289045
43.300000000000004       0.851321545112506
43.35                    0.8503529529490923
43.4                     0.849396798076892
43.45                    0.848453722952055
43.50000000000001        0.8475243171603315
43.550000000000004       0.846609113628685
43.599999999999994       0.8457085850614255
43.65                    0.844823140623339
43.7                     0.8439531228906181
43.75                    0.8430988050885856
43.8                     0.8422603886277519
43.85                    0.8414380008882205
43.900000000000006       0.8406317036554066
43.95                    0.8398414435419309
44                       0.8390671402644012
44.050000000000004       0.838308614432638
44.1                     0.8375655955696426
44.15                    0.8368377449311507
44.199999999999996       0.8361246448398463
44.25                    0.8354257997098534
44.300000000000004       0.8347406373342258
44.35                    0.8340685139199983
44.4                     0.8334087111918087
44.449999999999996       0.8327604430458222
44.5                     0.832122857259687
44.550000000000004       0.831495039134209
44.6                     0.8308760153821829
44.65                    0.8302647583357347
44.7                     0.8296601906235298
44.75                    0.8290611901835315
44.8                     0.828466595526159
44.849999999999994       0.8278752113216433
44.9                     0.8272858142751539
44.95                    0.8266971592523272
45                       0.8261079856267006
45.05                    0.8255170238208254
45.1                     0.8249230020014514
45.150000000000006       0.8243246528879526
45.2                     0.8237207206521359
45.25                    0.8231099678818513
45.3                     0.822491182561212
45.35                    0.8218631850259289
45.4                     0.8212248348557479
45.449999999999996       0.8205750376661869
45.5                     0.8199127517592708
45.550000000000004       0.8192369945918647
45.6                     0.8185468490201907
45.65                    0.8178414692803396
45.7                     0.8171200866680299
45.75000000000001        0.8163820148860353
45.800000000000004       0.8156266550288799
45.849999999999994       0.8148535001723861
45.9                     0.8140621395318738
45.95                    0.81325226215175
46                       0.812423660093542
46.05                    0.8115762310954053
46.1                     0.8107099806813006
46.150000000000006       0.8098250237006345
46.2                     0.8089215852820324
46.25                    0.8080000011888886
46.300000000000004       0.8070607175713539
46.35                    0.8061042901140983
46.4                     0.8051313825729525
46.449999999999996       0.8041427646700376
46.5                     0.8031393093098388
46.550000000000004       0.8021219891292504
46.6                     0.801091872447112
46.65                    0.8000501186571277
46.7                     0.798997973059549
46.75000000000001        0.7979367611227968
46.800000000000004       0.7968678821895869
46.85                    0.795792802659019
46.9                     0.7947130486760912
46.95                    0.7936301983316166
47                       0.7925458733220325
47.05                    0.7914617301192947
47.099999999999994       0.7903794510244209
47.15                    0.7893007352268735
47.2                     0.788227289408848
47.25                    0.7871608178632032
47.3                     0.786103012453884
47.35                    0.7850555425352778
47.400000000000006       0.784020044856824
47.45                    0.7829981137364507
47.5                     0.7819912921976296
47.55                    0.7810010619027048
47.6                     0.7800288300424492
47.65                    0.7790759215399946
47.699999999999996       0.7781435718975638
47.75                    0.7772329178661787
47.800000000000004       0.7763449885762608
47.85                    0.7754806964299172
47.9                     0.7746408325819768
47.95                    0.7738260636666187
48.00000000000001        0.7730369145969523
48.050000000000004       0.772273770678167
48.099999999999994       0.7715368626571563
48.15                    0.7708263226961726
48.2                     0.7701420567403829
48.25                    0.7694838605629559
48.3                     0.7688513731959039
48.35                    0.7682440747608882
48.400000000000006       0.7676612926934269
48.45                    0.7671022031539045
48.5                     0.7665658337987673
48.550000000000004       0.7660510676628074
48.6                     0.765556648014088
48.65                    0.7650811841717563
48.699999999999996       0.7646231582677302
48.74999999999999        0.7641809329247874
48.800000000000004       0.763752759816638
48.85                    0.763336789067956
48.9                     0.7629310794469191
48.949999999999996       0.7625336092949934
49.00000000000001        0.7621422881338307
49.050000000000004       0.7617549688831469
49.1                     0.7613694606184842
49.15                    0.7609835417928208
49.2                     0.7605949738419264
49.25                    0.7602015150897291
49.3                     0.7598009348664656
49.349999999999994       0.7593910277507632
49.400000000000006       0.7589696278433317
49.45                    0.7585346229804725
49.5                     0.7580839687930511
49.55                    0.7576157025175008
49.60000000000001        0.7571279564656417
49.650000000000006       0.7566189710603547
49.7                     0.7560871073466201
49.75                    0.7555308588886881
49.800000000000004       0.7549488629672252
49.85                    0.7543399109928528
49.9                     0.7537029580568784
49.949999999999996       0.7530371315431382
50.00000000000001        0.7523417387306521
