20                                                0.24573811656259723
20.05                                             0.2455110039672112
20.1                                              0.24528477303598203
20.15                                             0.2450594359529337
20.2                                              0.24483500044717124
20.25                                             0.2446114695931535
20.3                                              0.24438884163359859
20.35                                             0.24416710982728748
20.4                                              0.243946262311723
20.45                                             0.24372628196539242
20.5                                              0.24350714626951667
20.55                                             0.24328882719249004
20.6                                              0.24307129111945777
20.650000000000002                                0.2428544988285571
20.7                                              0.24263840549820154
20.75                                             0.24242296077451175
20.8                                              0.2422081074065593
20.85                                             0.24199378572436614
20.900000000000002                                0.24177992783569643
20.95                                             0.24156646398292994
21                                                0.2413533184810428
21.05                                             0.24114041363945082
21.099999999999998                                0.24092764437600983
21.150000000000002                                0.240714950939058
21.2                                              0.24050222655624837
21.249999999999996                                0.24028937690400962
21.299999999999997                                0.24007630417815287
21.349999999999998                                0.23986290827326964
21.4                                              0.23964908746540659
21.45                                             0.23943473888652828
21.5                                              0.23921975906131687
21.549999999999997                                0.2390040444683951
21.599999999999998                                0.23878749207677347
21.65                                             0.23856999986988717
21.7                                              0.23835146736253882
21.75                                             0.23813179611970925
21.799999999999997                                0.23791089024358814
21.849999999999998                                0.23768865680823173
21.9                                              0.23746500625124878
21.95                                             0.23723985271113995
22                                                0.23701311429735458
22.05                                             0.23678471328613987
22.099999999999998                                0.2365545762379055
22.15                                             0.23632263403291595
22.2                                              0.23608882181613852
22.25                                             0.2358530788334964
22.3                                              0.23561534814629898
22.35                                             0.23537557622837443
22.4                                              0.23513371245534895
22.45                                             0.23488970848841523
22.5                                              0.2346435175519055
22.55                                             0.23439509360816707
22.6                                              0.23414439043724822
22.65                                             0.23389136061788415
22.7                                              0.23363595437604787
22.75                                             0.23337811829967087
22.8                                              0.2331177940487259
22.85                                             0.2328549171423175
22.900000000000002                                0.23258941572482764
22.95                                             0.23232120927132902
23                                                0.23205020730399536
23.05                                             0.23177630818127018
23.1                                              0.2314993979591604
23.150000000000002                                0.23121934925855742
23.2                                              0.23093602034325317
23.25                                             0.23064925475114426
23.3                                              0.2303588809350755
23.349999999999998                                0.23006471190380934
23.400000000000002                                0.229766545239314
23.45                                             0.22946416331609212
23.5                                              0.22915733377690373
23.549999999999997                                0.22884581247638539
23.6                                              0.22852934406085615
23.65                                             0.22820766206093301
23.700000000000003                                0.22788049263368762
23.75                                             0.22754755456150738
23.799999999999997                                0.2272085751657121
23.849999999999998                                0.2268632687506223
23.9                                              0.22651136369190572
23.95                                             0.22615259473027424
24                                                0.22578671275670276
24.049999999999997                                0.2254134856651626
24.099999999999998                                0.22503269999525705
24.15                                             0.22464417389578098
24.2                                              0.2242477548233192
24.25                                             0.22384332611727964
24.3                                              0.22343081080855176
24.349999999999998                                0.22301017524902947
24.4                                              0.2225814322558611
24.45                                             0.22214464364489295
24.5                                              0.22169992203811537
24.55                                             0.22124743183358314
24.6                                              0.22078738923075378
24.65                                             0.22032006121286665
24.7                                              0.219845763400375
24.75                                             0.21936485670750663
24.8                                              0.21887774275386707
24.85                                             0.21838485800633647
24.9                                              0.21788666665335787
24.95                                             0.21738365224388817
25                                                0.21687630815805498
25.05                                             0.21636512701344854
25.1                                              0.21585058915045688
25.150000000000002                                0.215333150382861
25.2                                              0.21481322924100288
25.25                                             0.2142911939795829
25.3                                              0.21376734966167502
25.35                                             0.21324192567027733
25.400000000000002                                0.2127150640311942
25.45                                             0.21218680895757497
25.5                                              0.2116570980427728
25.55                                             0.2111257555345902
25.599999999999998                                0.21059248812002657
25.650000000000002                                0.21005688363623568
25.7                                              0.20951841309483082
25.75                                             0.2089764363482794
25.799999999999997                                0.20843021163769265
25.85                                             0.2078789091616532
25.9                                              0.2073216287122916
25.950000000000003                                0.20675742132684477
26                                                0.20618531482456987
26.05                                             0.20560434342212572
26.099999999999998                                0.2050135767079451
26.15                                             0.2044121602459643
26.2                                              0.20379934120169269
26.25                                             0.20317450732635836
26.299999999999997                                0.2025372308513123
26.349999999999998                                0.20188729178743064
26.4                                              0.20122472535295174
26.45                                             0.2005498226265782
26.5                                              0.19986316860690356
26.55                                             0.19916565484297277
26.599999999999998                                0.19845848188792756
26.65                                             0.19774315631594191
26.7                                              0.1970214765348087
26.75                                             0.19629550711546737
26.8                                              0.19556754135281704
26.85                                             0.1948400515769102
26.9                                              0.19411562729087986
26.95                                             0.19339690165000353
27                                                0.19268646723266952
27.05                                             0.1919867826240567
27.1                                              0.1913000720244657
27.15                                             0.1906282206202806
27.2                                              0.1899726691019645
27.25                                             0.18933431148082192
27.3                                              0.18871340092610517
27.35                                             0.18810946881186016
27.400000000000002                                0.18752126248450182
27.45                                             0.1869467073455526
27.5                                              0.1863828986231217
27.55                                             0.1858261276263287
27.6                                              0.1852719463012054
27.65                                             0.1847152725135178
27.7                                              0.18415053671623588
27.749999999999996                                0.18357186858255722
27.8                                              0.1829733198814759
27.849999999999998                                0.18234911746587543
27.900000000000002                                0.18169393789355798
27.95                                             0.18100319308238194
28                                                0.18027331464469912
28.049999999999997                                0.17950202325709366
28.1                                              0.17868856864190694
28.15                                             0.17783392556116115
28.200000000000003                                0.17694093169871022
28.25                                             0.17601435416549982
28.3                                              0.17506087247990895
28.349999999999998                                0.1740889674497595
28.400000000000002                                0.17310870739629253
28.45                                             0.17213142559605793
28.500000000000004                                0.17116928584733812
28.549999999999997                                0.17023473709105724
28.6                                              0.1693398638686175
28.65                                             0.16849564662551184
28.700000000000003                                0.1677111541744964
28.75                                             0.1669927027627559
28.8                                              0.16634302961252054
28.849999999999998                                0.16576054207977678
28.899999999999995                                0.16523871663668785
28.95                                             0.16476573032774341
29.000000000000004                                0.16432440422790465
29.05                                             0.16389254156833497
29.099999999999998                                0.16344371362225407
29.15                                             0.16294850958689197
29.200000000000003                                0.16237622779034241
29.25                                             0.1616969621162979
29.299999999999997                                0.16088387304615492
29.35                                             0.1599155940005457
29.400000000000002                                0.15877849198985683
29.45                                             0.15746864304483174
29.499999999999996                                0.15599329790857266
29.55                                             0.1543717374343759
29.600000000000005                                0.15263539846846022
29.650000000000002                                0.15082716599496035
29.699999999999996                                0.14899979377364003
29.75                                             0.14721337678667445
29.800000000000004                                0.1455318002217296
29.85                                             0.1440180836681482
29.9                                              0.14272857274421435
29.95                                             0.141706042022804
29.999999999999996                                0.14097200634757895
30.05                                             0.14051891984971265
30.099999999999998                                0.14030345178862264
30.150000000000002                                0.14024255422794166
30.2                                              0.14021435076609867
30.25                                             0.14006566727373224
30.299999999999997                                0.13962703541459595
30.35                                             0.13873423928600145
30.4                                              0.13725340561006294
30.450000000000003                                0.13510510402022022
30.5                                              0.1322827510868729
30.55                                             0.12886205072959428
30.599999999999998                                0.1250006485312458
30.650000000000002                                0.12092942646466036
30.7                                              0.11693774317024237
30.750000000000004                                0.11335378951642554
30.799999999999997                                0.11051807570398134
30.85                                             0.1087435135767962
30.9                                              0.10825143459916578
30.950000000000003                                0.10907408528304437
31                                                0.1109307135634751
31.05                                             0.11312710999088302
31.099999999999998                                0.11458512067940227
31.149999999999995                                0.11410903066967358
31.2                                              0.11085045603868068
31.250000000000004                                0.10471202775618667
31.3                                              0.09641116154554301
31.349999999999998                                0.08720999858746419
31.4                                              0.0785871578894963
31.450000000000003                                0.07210898996507326
31.5                                              0.06955568997376108
31.549999999999997                                0.07300385684487926
31.6                                              0.08332611898435514
31.650000000000002                                0.09390075280653057
31.7                                              0.08984940176470867
31.749999999999996                                0.07204833071706766
31.8                                              0.05453818437599945
31.850000000000005                                0.04339426356878302
31.900000000000002                                0.05090227544486198
31.949999999999996                                0.048176539274338785
32                                                0.03863560289634028
32.050000000000004                                0.04005203029591342
32.1                                              0.04448643219211388
32.15                                             0.05097673594168488
32.2                                              0.059200120961627835
32.25                                             0.06899330770537103
32.300000000000004                                0.08025367903794903
32.35                                             0.09290616387168059
32.4                                              0.10688856352798203
32.449999999999996                                0.12214386509750845
32.5                                              0.1386157899676361
32.55                                             0.15624607142881491
32.6                                              0.1749727661733711
32.65                                             0.1947292451287104
32.7                                              0.21544366778094184
32.75                                             0.2370388235839725
32.800000000000004                                0.2594322655650196
32.85                                             0.2825366828575177
32.9                                              0.30626047005631757
32.949999999999996                                0.3305084568143109
33                                                0.3551827635886893
33.05                                             0.3801837504868207
33.1                                              0.40541102677136637
33.15                                             0.430764489371538
33.2                                              0.45614536005475564
33.25                                             0.481457192860064
33.300000000000004                                0.50660682605053
33.35                                             0.5315052562268743
33.4                                              0.5560684161829648
33.45                                             0.5802178423837309
33.5                                              0.6038812224259442
33.55                                             0.6269928172609224
33.599999999999994                                0.6494937571857567
33.65                                             0.6713322144412596
33.7                                              0.6924634585951909
33.75                                             0.7128498036277443
33.8                                              0.732460457696462
33.85                                             0.7512712879985642
33.900000000000006                                0.7692645140305608
33.95                                             0.7864283428597312
34                                                0.8027565597720343
34.05                                             0.8182480870331302
34.1                                              0.8329065225758976
34.15                                             0.8467396692914927
34.199999999999996                                0.8597590643160791
34.25                                             0.8719795163250944
34.300000000000004                                0.8834186574110322
34.35                                             0.8940965148965196
34.4                                              0.9040351072288967
34.45                                             0.9132580668053984
34.50000000000001                                 0.9217902915938438
34.550000000000004                                0.9296576268685244
34.6                                              0.9368865792172416
34.65                                             0.9435040592038966
34.7                                              0.9495371419645958
34.75                                             0.9550128717448259
34.8                                              0.9599580905373434
34.85                                             0.9643992834458914
34.900000000000006                                0.9683624531969433
34.95                                             0.9718730345978214
35                                                0.9749557390272405
35.050000000000004                                0.9776345514529793
35.1                                              0.9799326549332
35.15                                             0.9818723854805844
35.199999999999996                                0.983475187215541
35.24999999999999                                 0.9847616581625027
35.3                                              0.9857514182916963
35.35                                             0.986463230431453
35.4                                              0.9869149407781179
35.449999999999996                                0.9871235031703636
35.5                                              0.987104993991214
35.550000000000004                                0.9868746311662946
35.6                                              0.9864467963923333
35.65                                             0.9858350599383089
35.7                                              0.9850522074533685
35.75                                             0.9841102682909375
35.8                                              0.9830205449251166
35.849999999999994                                0.9817936430951237
35.9                                              0.9804395023669569
35.95                                             0.978967426847981
36                                                0.9773861158319892
36.05                                             0.9757036941881496
36.1                                              0.9739277423396069
36.150000000000006                                0.9720653257041169
36.2                                              0.9701230234940358
36.25                                             0.9681069567927065
36.3                                              0.9660228158419171
36.35                                             0.963875886490549
36.4                                              0.9616710757667487
36.449999999999996                                0.9594129365468324
36.5                                              0.9571056913034671
36.550000000000004                                0.9547532549221168
36.6                                              0.952359256582143
36.65                                             0.9499270607021707
36.7                                              0.9474597869549688
36.75000000000001                                 0.9449603293584065
36.800000000000004                                0.9424313744534664
36.849999999999994                                0.9398754185821077
36.9                                              0.937294784281621
36.95                                             0.9346916358156202
37                                                0.9320679938625472
37.05                                             0.9294257493764712
37.1                                              0.9267666766256499
37.150000000000006                                0.9240924454128069
37.2                                              0.9214046324909468
37.25                                             0.9187047322032784
37.300000000000004                                0.9159941663784646
37.35                                             0.9132742935053779
37.4                                              0.9105464172030141
37.449999999999996                                0.907811793989728
37.49999999999999                                 0.905071637589795
37.55                                             0.9023271365634689
37.6                                              0.8995794384586397
37.65                                             0.8968296777526459
37.699999999999996                                0.8940789682039728
37.75                                             0.891328410425954
37.800000000000004                                0.8885790934870007
37.85                                             0.8858320984444229
37.9                                              0.8830884927743607
37.95                                             0.8803493551581407
38                                                0.8776157504620802
38.05                                             0.8748887441446657
38.099999999999994                                0.8721694001555041
38.15                                             0.8694587808159622
38.2                                              0.8667579461154428
38.25                                             0.8640679529028632
38.3                                              0.8613898538144408
38.35                                             0.8587246956703601
38.400000000000006                                0.8560735175973857
38.45                                             0.8534373488945088
38.5                                              0.8508172066483084
38.55                                             0.848214093112952
38.6                                              0.8456289928720071
38.65                                             0.8430628698390107
38.699999999999996                                0.8405166641373347
38.75                                             0.8379912888532663
38.800000000000004                                0.8354876266888869
38.85                                             0.8330065265548505
38.9                                              0.830548800135233
38.95                                             0.8281152184511279
39.00000000000001                                 0.8257065084486551
39.050000000000004                                0.8233233496292305
39.099999999999994                                0.8209663707368628
39.15                                             0.8186361465314724
39.2                                              0.8163331947012171
39.25                                             0.8140579729558016
39.3                                              0.8118108763148996
39.35                                             0.8095922345979002
39.400000000000006                                0.8074023101268303
39.45                                             0.8052412956635028
39.5                                              0.8031093126025552
39.550000000000004                                0.8010064094423917
39.6                                              0.798932560551646
39.65                                             0.796887665249862
39.699999999999996                                0.7948715472222343
39.75                                             0.7928839542890482
39.8                                              0.7909245585306186
39.85                                             0.7889929567382499
39.9                                              0.7870886711814032
39.949999999999996                                0.7852111507376951
40                                                0.7833597724210137
40.050000000000004                                0.7815338432946045
40.1                                              0.7797326027483582
40.15                                             0.7779552251400702
40.2                                              0.776200822818492
40.25                                             0.7744684495307238
40.3                                              0.7727571040463841
40.349999999999994                                0.7710657337023985
40.4                                              0.7693932383737705
40.45                                             0.7677384755132313
40.5                                              0.7661002653277883
40.55                                             0.7644773957057815
40.6                                              0.7628686273356935
40.650000000000006                                0.7612726991433032
40.7                                              0.7596883341681266
40.75                                             0.7581142461149396
40.8                                              0.7565491441955399
40.85                                             0.754991737754648
40.9                                              0.7534407446247233
40.949999999999996                                0.7518948971843646
41                                                0.7503529476125744
41.050000000000004                                0.7488136741357614
41.1                                              0.7472758957622369
41.15                                             0.7457384584866091
41.2                                              0.7442002542987971
41.25000000000001                                 0.7426602287103107
41.300000000000004                                0.7411173847089486
41.349999999999994                                0.7395707813525005
41.4                                              0.7380195513392023
41.45                                             0.7364628833180253
41.5                                              0.7349000594858671
41.55                                             0.7333304316471765
41.6                                              0.73175343686622
41.650000000000006                                0.7301685991885709
41.7                                              0.7285755326100422
41.75                                             0.7269739436723048
41.800000000000004                                0.7253636336186907
41.85                                             0.7237445000868483
41.9                                              0.7221165383218683
41.949999999999996                                0.720479841895315
42                                                0.7188346029208571
42.050000000000004                                0.7171811117566551
42.1                                              0.7155197561897372
42.15                                             0.7138510200995618
42.199999999999996                                0.7121754816011407
42.25                                             0.7104938106704715
42.300000000000004                                0.7088067662590299
42.35                                             0.7071151929049014
42.4                                              0.7054200168535089
42.45                                             0.7037222417013179
42.5                                              0.7020229435805926
42.55                                             0.7003232659050624
42.599999999999994                                0.6986244136993834
42.65                                             0.6969276475376538
42.7                                              0.6952342771191585
42.75                                             0.6935456545109769
42.8                                              0.6918631670903652
42.85                                             0.6901882302205697
42.900000000000006                                0.6885222796967204
42.95                                             0.6868667639993891
43                                                0.6852231363945882
43.05                                             0.6835928469216525
43.1                                              0.681977334309278
43.15                                             0.6803780178628819
43.199999999999996                                0.6787962893654788
43.25                                             0.6772335050351264
43.300000000000004                                0.6756909775819323
43.35                                             0.6741699684073428
43.4                                              0.6726716799886736
43.45                                             0.6711972484908697
43.50000000000001                                 0.6697477366483786
43.550000000000004                                0.6683241269558445
43.599999999999994                                0.6669273152074127
43.65                                             0.665558104420599
43.7                                              0.6642171991811203
43.75                                             0.662905200445406
43.8                                              0.6616226008475548
43.85                                             0.6603697806940914
43.900000000000006                                0.6591469839378996
43.95                                             0.6579544097539363
44                                                0.6567920247169
44.050000000000004                                0.6556597616838067
44.1                                              0.6545573754699683
44.15                                             0.6534845207705987
44.199999999999996                                0.6524407209979459
44.25                                             0.6514253749004348
44.300000000000004                                0.6504377581196229
44.35                                             0.6494770231233195
44.4                                              0.6485422045746652
44.449999999999996                                0.6476322221836815
44.5                                              0.6467458841421742
44.550000000000004                                0.6458818919877878
44.6                                              0.6450388461177539
44.65                                             0.6442152515225503
44.7                                              0.6434095238831986
44.75                                             0.6426199969803187
44.8                                              0.6418449303740992
44.849999999999994                                0.6410825174153266
44.9                                              0.6403308937804643
44.95                                             0.6395881464763091
45                                                0.6388523232578455
45.05                                             0.6381214423470144
45.1                                              0.6373935023124777
45.150000000000006                                0.6366664922283006
45.2                                              0.6359384022447228
45.25                                             0.6352072343047444
45.3                                              0.6344710128377532
45.35                                             0.633727795457805
45.4                                              0.6329756836524572
45.449999999999996                                0.6322128334005132
45.5                                              0.6314374656505058
45.550000000000004                                0.6306478765904105
45.6                                              0.6298424476412895
45.65                                             0.629019655113267
45.7                                              0.6281780794779123
45.75000000000001                                 0.627316414217041
45.800000000000004                                0.6264334741975458
45.849999999999994                                0.625528203511639
45.9                                              0.624599682720744
45.95                                             0.6236471354438567
46                                                0.6226699342385791
46.05                                             0.6216676057323678
46.1                                              0.6206398349688893
46.150000000000006                                0.6195864689371003
46.2                                              0.6185075192537276
46.25                                             0.6174031639740537
46.300000000000004                                0.616273748516298
46.35                                             0.6151197856915394
46.4                                              0.6139419548260578
46.449999999999996                                0.6127410999298856
46.5                                              0.6115182268540927
46.550000000000004                                0.6102744994479148
46.6                                              0.6090112347991671
46.65                                             0.6077298976090151
46.7                                              0.6064320936860892
46.75000000000001                                 0.6051195625450134
46.800000000000004                                0.6037941691257058
46.85                                             0.6024578946715905
46.9                                              0.6011128268041911
46.95                                             0.5997611488003358
47                                                0.5984051280320836
47.05                                             0.5970471036669909
47.099999999999994                                0.5956894740544366
47.15                                             0.5943346838284522
47.2                                              0.5929852102211267
47.25                                             0.5916435486985793
47.3                                              0.5903121983045619
47.35                                             0.5889936468216322
47.400000000000006                                0.5876903558391651
47.45                                             0.5864047461444791
47.5                                              0.5851391836334873
47.55                                             0.5838959620364914
47.6                                              0.5826772851825002
47.65                                             0.5814852567443463
47.699999999999996                                0.5803218665501868
47.75                                             0.5791889752479555
47.800000000000004                                0.5780883000436924
47.85                                             0.5770213984623472
47.9                                              0.5759896672764501
47.95                                             0.5749943341716177
48.00000000000001                                 0.5740364191429419
48.050000000000004                                0.5731167501597425
48.099999999999994                                0.572235949612423
48.15                                             0.5713944286842657
48.2                                              0.5705923853361694
48.25                                             0.5698297375381208
48.3                                              0.5691063076496231
48.35                                             0.5684215568028486
48.400000000000006                                0.5677747758469526
48.45                                             0.5671650212870031
48.5                                              0.5665911243375739
48.550000000000004                                0.5660516956476607
48.6                                              0.5655451311754047
48.65                                             0.5650696195066852
48.699999999999996                                0.5646231506434065
48.74999999999999                                 0.5642035262379321
48.800000000000004                                0.5638083712317491
48.85                                             0.5634351468414008
48.9                                              0.5630811648246129
48.949999999999996                                0.5627436029462969
49.00000000000001                                 0.5624195215562148
49.050000000000004                                0.562105881179109
49.1                                              0.5617995610099629
49.15                                             0.5614973781986182
49.2                                              0.5611961078013621
49.25                                             0.5608925032699935
49.3                                              0.5605833173443658
49.349999999999994                                0.5602653232094258
49.400000000000006                                0.5599353357752322
49.45                                             0.5595902329353181
49.5                                              0.5592269766583939
49.55                                             0.5588426337671423
49.60000000000001                                 0.5584343962592322
49.650000000000006                                0.5579996010268392
49.7                                              0.5575357488335874
49.75                                             0.5570405224110444
49.800000000000004                                0.5565118035414393
49.85                                             0.5559476889974501
49.9                                              0.5553465052169381
49.949999999999996                                0.554706821595589
50.00000000000001                                 0.5540274622892859
