20                                                0.2525692466894109
20.05                                             0.25234667169663677
20.1                                              0.25212502317527147
20.15                                             0.25190431213880465
20.2                                              0.25168454511232563
20.25                                             0.2514657239359853
20.3                                              0.25124784559344987
20.35                                             0.25103090206946904
20.4                                              0.25081488022614123
20.45                                             0.2505997616770513
20.5                                              0.25038552265311803
20.55                                             0.2501721338847768
20.6                                              0.2499595605289127
20.650000000000002                                0.2497477621472754
20.7                                              0.24953669272034737
20.75                                             0.24932630078319842
20.8                                              0.24911652656832714
20.85                                             0.24890731019840703
20.900000000000002                                0.24869858386466023
20.95                                             0.24849027460146828
21                                                0.24828230690916328
21.05                                             0.24807460382832408
21.099999999999998                                0.2478670498890639
21.150000000000002                                0.2476595956127793
21.2                                              0.24745212840542202
21.249999999999996                                0.24724455281649774
21.299999999999997                                0.24703676985768463
21.349999999999998                                0.24682867831619512
21.4                                              0.24662017527464414
21.45                                             0.2464111565258613
21.5                                              0.24620151724193376
21.549999999999997                                0.24599115250457154
21.599999999999998                                0.24577995781781467
21.65                                             0.24556782961471052
21.7                                              0.24535466576099285
21.75                                             0.2451403660797984
21.799999999999997                                0.24492483283119934
21.849999999999998                                0.24470797112475248
21.9                                              0.2444896893009991
21.95                                             0.24426989926514658
22                                                0.2440485167539458
22.05                                             0.243825461527587
22.099999999999998                                0.24360065748075124
22.15                                             0.2433740326699305
22.2                                              0.24314551925360306
22.25                                             0.24291505333357363
22.3                                              0.24268257468474982
22.35                                             0.24244802637096174
22.4                                              0.2422113542492528
22.45                                             0.2419725063662385
22.5                                              0.24173143224731394
22.55                                             0.2414880820819299
22.6                                              0.24124240581043754
22.65                                             0.24099435211813242
22.7                                              0.2407438673388151
22.75                                             0.24049089427425663
22.8                                              0.24023537096356956
22.85                                             0.23997722943945532
22.900000000000002                                0.23971639447356133
22.95                                             0.23945278231734496
23                                                0.23918629946891687
23.05                                             0.23891684150019607
23.1                                              0.23864429197105605
23.150000000000002                                0.23836852144961396
23.2                                              0.2380893866921635
23.25                                             0.2378067300508815
23.3                                              0.23752037907059426
23.349999999999998                                0.23723014629701308
23.400000000000002                                0.2369358293491572
23.45                                             0.23663721122820228
23.5                                              0.2363340612690049
23.549999999999997                                0.23602613721733876
23.6                                              0.23571318500117167
23.65                                             0.23539494077373166
23.700000000000003                                0.23507113442110783
23.75                                             0.23474149033508052
23.799999999999997                                0.23440572903481002
23.849999999999998                                0.23406358036353794
23.9                                              0.23371477377965091
23.95                                             0.23335905100343254
24                                                0.23299616199078352
24.049999999999997                                0.23262588259038056
24.099999999999998                                0.23224800418797562
24.15                                             0.23186234870084232
24.2                                              0.23146876759483825
24.25                                             0.23106714784443408
24.3                                              0.23065741564846354
24.349999999999998                                0.23023953995812757
24.4                                              0.22981353553636802
24.45                                             0.22937946542216925
24.5                                              0.22893744268252772
24.55                                             0.22848763134107639
24.6                                              0.22803024637684763
24.65                                             0.2275655526998961
24.7                                              0.22709386302258477
24.75                                             0.22661553456035718
24.8                                              0.22613096451492948
24.85                                             0.22564058431410342
24.9                                              0.22514485261081651
24.95                                             0.22464424707232206
25                                                0.22413925502615584
25.05                                             0.22363036306401493
25.1                                              0.22311804574493668
25.150000000000002                                0.22260275357961035
25.2                                              0.22208490051958393
25.25                                             0.2215648512171512
25.3                                              0.22104290836250157
25.35                                             0.22051930044184007
25.400000000000002                                0.21999417029340781
25.45                                             0.2194675648634258
25.5                                              0.21893942658060633
25.55                                             0.2184095867741445
25.599999999999998                                0.21787776155446983
25.650000000000002                                0.2173435505622627
25.7                                              0.21680643896050408
25.75                                             0.21626580298981038
25.799999999999997                                0.21572091932403945
25.85                                             0.21517097836717977
25.9                                              0.2146151015365677
25.950000000000003                                0.21405236247880163
26                                                0.21348181208659803
26.05                                             0.21290250755370418
26.099999999999998                                0.2123135403698822
26.15                                             0.21171407781292792
26.2                                              0.21110338364164163
26.25                                             0.2104808640858098
26.299999999999997                                0.2098461025625926
26.349999999999998                                0.20919888736458586
26.4                                              0.20853925511210739
26.45                                             0.2078674978529475
26.5                                              0.20718419179939476
26.55                                             0.20649021571197895
26.599999999999998                                0.20578675174037248
26.65                                             0.2050752827883988
26.7                                              0.20435757873614346
26.75                                             0.2036356715736219
26.8                                              0.2029118189008585
26.85                                             0.20218845533842508
26.9                                              0.20146813197258706
26.95                                             0.2007534442846076
27                                                0.20004694949658025
27.05                                             0.19935107484007483
27.1                                              0.1986680187939271
27.15                                             0.19799964796388414
27.2                                              0.19734739303956647
27.25                                             0.19671214787973626
27.3                                              0.19609417634501378
27.35                                             0.19549303200092819
27.400000000000002                                0.19490749613473998
27.45                                             0.19433553961003286
27.5                                              0.1937743138637676
27.55                                             0.19322017578506698
27.6                                              0.1926687502577538
27.65                                             0.19211503278417372
27.7                                              0.1915535328782379
27.749999999999996                                0.19097845687187717
27.8                                              0.19038392651214495
27.849999999999998                                0.18976422737188303
27.900000000000002                                0.18911407881210685
27.95                                             0.18842891516775231
28                                                0.18770516611635124
28.049999999999997                                0.186940522922865
28.1                                              0.18613417648887978
28.15                                             0.1852870129501894
28.200000000000003                                0.18440175296609734
28.25                                             0.18348302158459634
28.3                                              0.1825373365896101
28.349999999999998                                0.18157300468981893
28.400000000000002                                0.1805999167606891
28.45                                             0.179629235617134
28.500000000000004                                0.1786729726664218
28.549999999999997                                0.17774345372723818
28.6                                              0.17685268020814016
28.65                                             0.17601159883362902
28.700000000000003                                0.17522930129347164
28.75                                             0.17451218777726862
28.8                                              0.17386314179559167
28.849999999999998                                0.17328077697614563
28.899999999999995                                0.1727588297133955
28.95                                             0.17228578009021053
29.000000000000004                                0.1718447808362276
29.05                                             0.17141397637653175
29.099999999999998                                0.17096726488106326
29.15                                             0.17047552096255045
29.200000000000003                                0.16990825651692187
29.25                                             0.16923567672973897
29.299999999999997                                0.16843091141323555
29.35                                             0.16747239715204795
29.400000000000002                                0.16634613558978445
29.45                                             0.16504762092667175
29.499999999999996                                0.16358338109948828
29.55                                             0.16197183524239905
29.600000000000005                                0.16024348916970796
29.650000000000002                                0.15844031797776842
29.699999999999996                                0.15661428879998934
29.75                                             0.15482494400913396
29.800000000000004                                0.1531359562835357
29.85                                             0.15161055975437834
29.9                                              0.1503057942438809
29.95                                             0.14926561277548775
29.999999999999996                                0.14851314015247172
30.05                                             0.14804275985405346
30.099999999999998                                0.14781322487950516
30.150000000000002                                0.14774352055762818
30.2                                              0.14771352188210582
30.25                                             0.14757127270446294
30.299999999999997                                0.147147715994098
30.35                                             0.14627794890058624
30.4                                              0.14482603652533793
30.450000000000003                                0.14270893457235065
30.5                                              0.1399149393962584
30.55                                             0.13651351857715577
30.599999999999998                                0.1326557563123274
30.650000000000002                                0.1285667987281217
30.7                                              0.12453247349072712
30.750000000000004                                0.1208810640649576
30.799999999999997                                0.11795801482916948
30.85                                             0.11608669825060008
30.9                                              0.11550410480451634
30.950000000000003                                0.11626143708492358
31                                                0.11809644742984551
31.05                                             0.12032794779854689
31.099999999999998                                0.12188030848722158
31.149999999999995                                0.12154556449144588
31.2                                              0.11844487609956235
31.250000000000004                                0.1124325923218772
31.3                                              0.10416963749808152
31.349999999999998                                0.09487134021854066
31.4                                              0.08599653644577025
31.450000000000003                                0.07913175385011628
31.5                                              0.07613550896690009
31.549999999999997                                0.07925840261944411
31.6                                              0.089662374707702
31.650000000000002                                0.10092321273826277
31.7                                              0.09777716372204356
31.749999999999996                                0.08023560050416782
31.8                                              0.06207690781280458
31.850000000000005                                0.049652035503778405
31.900000000000002                                0.05522962275459681
31.949999999999996                                0.05566045313958321
32                                                0.043816442733209095
32.050000000000004                                0.04401396064620213
32.1                                              0.047516513410674026
32.15                                             0.05323280792937487
32.2                                              0.060802967432914065
32.25                                             0.07004990883612047
32.300000000000004                                0.0808652121844557
32.35                                             0.0931711182362893
32.4                                              0.1069038372264334
32.449999999999996                                0.12200485740018868
32.5                                              0.13841592253614882
32.55                                             0.1560759596687673
32.6                                              0.17491917385060307
32.65                                             0.19487391566906784
32.7                                              0.2158621062691303
32.75                                             0.23779909263398805
32.800000000000004                                0.2605938508313742
32.85                                             0.28414947760803083
32.9                                              0.3083639215658686
32.949999999999996                                0.33313090981249
33                                                0.3583410275121788
33.05                                             0.3838829079990229
33.1                                              0.40964449123300234
33.15                                             0.435514309084038
33.2                                              0.46138275763694436
33.25                                             0.487143319576056
33.300000000000004                                0.512693703703203
33.35                                             0.5379368736241863
33.4                                              0.5627819433467878
33.45                                             0.5871449236952366
33.5                                              0.6109493097580555
33.55                                             0.634126505691421
33.599999999999994                                0.6566160888601972
33.65                                             0.6783659202516616
33.7                                              0.6993321122217019
33.75                                             0.7194788678393369
33.8                                              0.7387782083538544
33.85                                             0.7572096066102078
33.900000000000006                                0.7747595446649501
33.95                                             0.7914210136192715
34                                                0.8071929728559081
34.05                                             0.8220797845499196
34.1                                              0.8360906376578531
34.15                                             0.8492389737395724
34.199999999999996                                0.8615419250251544
34.25                                             0.8730197732471952
34.300000000000004                                0.883695435937106
34.35                                             0.89359398504275
34.4                                              0.9027422011962526
34.45                                             0.9111681657259519
34.50000000000001                                 0.9189008913103798
34.550000000000004                                0.9259699914465123
34.6                                              0.9324053889259347
34.65                                             0.9382370579190263
34.7                                              0.9434947951486947
34.75                                             0.948208035831395
34.8                                              0.9524056937015333
34.85                                             0.956116024689112
34.900000000000006                                0.9593665162933311
34.95                                             0.9621838065751637
35                                                0.9645936090501362
35.050000000000004                                0.9666206624341823
35.1                                              0.9682886934934156
35.15                                             0.9696204377836591
35.199999999999996                                0.9706375235044856
35.24999999999999                                 0.9713606051355221
35.3                                              0.9718092572210559
35.35                                             0.972002061135716
35.4                                              0.9719565921377628
35.449999999999996                                0.9716894509919025
35.5                                              0.9712162918672405
35.550000000000004                                0.9705518531567193
35.6                                              0.9697099904466324
35.65                                             0.9687037110288501
35.7                                              0.9675452094415281
35.75                                             0.966245903603977
35.8                                              0.9648164711796653
35.849999999999994                                0.9632668858625236
35.9                                              0.961606453334381
35.95                                             0.9598438466872798
36                                                0.9579871411441636
36.05                                             0.9560438479453144
36.1                                              0.9540209472974384
36.150000000000006                                0.9519249203061765
36.2                                              0.949761779834339
36.25                                             0.9475371002452706
36.3                                              0.9452560460049747
36.35                                             0.9429233991291739
36.4                                              0.9405435854710161
36.449999999999996                                0.9381206998530166
36.5                                              0.9356585300537728
36.550000000000004                                0.9331605796639768
36.6                                              0.9306300898313985
36.65                                             0.9280700599156063
36.7                                              0.9254832670770737
36.75000000000001                                 0.9228722848244917
36.800000000000004                                0.9202395005472312
36.849999999999994                                0.9175871320597406
36.9                                              0.9149172431877706
36.95                                             0.9122317584285369
37                                                0.9095324767163758
37.05                                             0.9068210843193634
37.1                                              0.9040991668814929
37.150000000000006                                0.901368220622201
37.2                                              0.8986296627138842
37.25                                             0.8958848408721388
37.300000000000004                                0.8931350421953638
37.35                                             0.8903815012850426
37.4                                              0.8876254076663188
37.449999999999996                                0.8848679124950471
37.49999999999999                                 0.8821101345927592
37.55                                             0.8793531645287519
37.6                                              0.8765980703576987
37.65                                             0.8738459060381097
37.699999999999996                                0.8710977075112052
37.75                                             0.8683545019354516
37.800000000000004                                0.8656173070339906
37.85                                             0.8628871351164511
37.9                                              0.8601649814208527
37.95                                             0.8574518564030316
38                                                0.8547487539560598
38.05                                             0.8520566671076267
38.099999999999994                                0.8493765851814302
38.15                                             0.8467094930852637
38.2                                              0.8440563702143792
38.25                                             0.8414181891161167
38.3                                              0.8387959139387761
38.35                                             0.8361904985043266
38.400000000000006                                0.8336028841316059
38.45                                             0.8310339972487196
38.5                                              0.8284847468138492
38.55                                             0.8259560215387445
38.6                                              0.8234486869126378
38.65                                             0.8209635821530147
38.699999999999996                                0.8185015171363902
38.75                                             0.8160632692198893
38.800000000000004                                0.813649579983632
38.85                                             0.8112611519623827
38.9                                              0.8088986453984175
38.95                                             0.8065626750368947
39.00000000000001                                 0.8042538069882227
39.050000000000004                                0.8019725556820084
39.099999999999994                                0.7997193809357472
39.15                                             0.7974946851603785
39.2                                              0.7952988107276551
39.25                                             0.7931320375265628
39.3                                              0.7909945807299008
39.35                                             0.7888865887880567
39.400000000000006                                0.7868081416668192
39.45                                             0.7847592493471762
39.5                                              0.7827398506045825
39.550000000000004                                0.7807498120834718
39.6                                              0.7787889276841415
39.65                                             0.7768569182799071
39.699999999999996                                0.7749534317801122
39.75                                             0.7730780435339276
39.8                                              0.7712302570342244
39.85                                             0.7694095049005023
39.9                                              0.7676151502132423
39.949999999999996                                0.7658464882792864
40                                                0.7641027487965336
40.050000000000004                                0.7623830983513535
40.1                                              0.7606866432318529
40.15                                             0.7590124325736818
40.2                                              0.7573594618504009
40.25                                             0.7557266766665575
40.3                                              0.7541129766552401
40.349999999999994                                0.7525172194059278
40.4                                              0.7509382251271818
40.45                                             0.7493747820990053
40.5                                              0.747825651839329
40.55                                             0.7462895740999858
40.6                                              0.7447652721440015
40.650000000000006                                0.743251458322271
40.7                                              0.7417468404162927
40.75                                             0.740250129519173
40.8                                              0.738760042807322
40.85                                             0.7372753055963934
40.9                                              0.735794663580776
40.949999999999996                                0.7343168886938766
41                                                0.7328407832517652
41.050000000000004                                0.7313651855110838
41.1                                              0.729888983855671
41.15                                             0.7284111045142234
41.2                                              0.7269305275511386
41.25000000000001                                 0.7254462916664822
41.300000000000004                                0.7239575269035682
41.349999999999994                                0.7224633795470085
41.4                                              0.7209631070913032
41.45                                             0.719456033470526
41.5                                              0.7179415682458371
41.55                                             0.7164192019974562
41.6                                              0.7148885139623884
41.650000000000006                                0.7133491740732143
41.7                                              0.7118009452182948
41.75                                             0.7102436850831755
41.800000000000004                                0.708677347536019
41.85                                             0.7071019835396487
41.9                                              0.7055177415773286
41.949999999999996                                0.7039248675826657
42                                                0.7023237043668284
42.050000000000004                                0.7007146905394809
42.1                                              0.6990983589222013
42.15                                             0.6974753344555565
42.199999999999996                                0.6958463316037627
42.25                                             0.6942121512635047
42.300000000000004                                0.6925736771866706
42.35                                             0.6909318719295523
42.4                                              0.6892877723436033
42.45                                             0.6876424846260994
42.5                                              0.6859971789512441
42.55                                             0.6843530837049636
42.599999999999994                                0.6827114793492935
42.65                                             0.6810736919438197
42.7                                              0.6794410863552397
42.75                                             0.6778150591862484
42.8                                              0.6761970314587099
42.85                                             0.6745884410863684
42.900000000000006                                0.6729907351746445
42.95                                             0.6714053621861231
43                                                0.6698337640116836
43.05                                             0.6682773679878514
43.1                                              0.6667375789019472
43.15                                             0.6652157710269143
43.199999999999996                                0.6637132802277207
43.25                                             0.6622313961811773
43.300000000000004                                0.6607713547507659
43.35                                             0.6593343305578128
43.4                                              0.6579214297899464
43.45                                             0.6565336832874126
43.50000000000001                                 0.6551720399473712
43.550000000000004                                0.653837360482297
43.599999999999994                                0.6525304115691263
43.65                                             0.6512518604214177
43.7                                              0.6500022698175498
43.75                                             0.6487820936164128
43.8                                              0.6475916727948025
43.85                                             0.6464312320871257
43.900000000000006                                0.6453008705417657
43.95                                             0.6442005900652541
44                                                0.6431302359358186
44.050000000000004                                0.6420895484496872
44.1                                              0.6410781393720282
44.15                                             0.6400954976733308
44.199999999999996                                0.6391409873015899
44.25                                             0.638213850420785
44.300000000000004                                0.6373132103216841
44.35                                             0.6364380723102244
44.4                                              0.6355873283609013
44.449999999999996                                0.6347597616670594
44.5                                              0.6339540507231853
44.550000000000004                                0.6331687748233897
44.6                                              0.6324024200954935
44.65                                             0.6316533861733028
44.7                                              0.6309199930837102
44.75                                             0.6302004887978048
44.8                                              0.629493057425051
44.849999999999994                                0.6287958277643972
44.9                                              0.6281068822512716
44.95                                             0.6274242662867666
45                                                0.6267459979012481
45.05                                             0.6260700776887871
45.1                                              0.625394498952801
45.150000000000006                                0.6247172580584459
45.2                                              0.6240363649602638
45.25                                             0.6233498537953719
45.3                                              0.6226557934751266
45.35                                             0.6219522982418659
45.4                                              0.6212375381399479
45.449999999999996                                0.6205097493399049
45.5                                              0.6197672442549865
45.550000000000004                                0.6190084213886696
45.6                                              0.6182317748524213
45.65                                             0.6174359034962131
45.7                                              0.6166195195990367
45.75000000000001                                 0.6157814570709356
45.800000000000004                                0.6149206791180768
45.849999999999994                                0.6140362853190773
45.9                                              0.6131275180600585
45.95                                             0.612193768277231
46                                                0.6112345804627789
46.05                                             0.6102496568954998
46.1                                              0.6092388610639188
46.150000000000006                                0.6082022202531463
46.2                                              0.6071399272698748
46.25                                             0.6060523412868151
46.300000000000004                                0.6049399877926587
46.35                                             0.6038035576367103
46.4                                              0.6026439051464394
46.449999999999996                                0.6014620452823884
46.5                                              0.6002591498151846
46.550000000000004                                0.599036542571065
46.6                                              0.5977956938077317
46.65                                             0.5965382137323169
46.7                                              0.5952658451438567
46.75000000000001                                 0.5939804552075861
46.800000000000004                                0.5926840263952725
46.85                                             0.591378646635036
46.9                                              0.5900664987039336
46.95                                             0.5887498488560791
47                                                0.5874310346540762
47.05                                             0.5861124521968999
47.099999999999994                                0.5847965432253168
47.15                                             0.5834857819226789
47.2                                              0.5821826608364885
47.25                                             0.5808896762299098
47.3                                              0.579609313291427
47.35                                             0.5783440312407594
47.400000000000006                                0.5770962483496463
47.45                                             0.5758683272148205
47.5                                              0.5746625609486408
47.55                                             0.5734811577289147
47.6                                              0.5723262228499008
47.65                                             0.5711997468699508
47.699999999999996                                0.5701035933929604
47.75                                             0.5690394848601775
47.800000000000004                                0.568008988392549
47.85                                             0.5670134975780987
47.9                                              0.5660542438857824
47.95                                             0.5651322826847474
48.00000000000001                                 0.5642484408674284
48.050000000000004                                0.5634033509384356
48.099999999999994                                0.5625974172652325
48.15                                             0.5618309182102177
48.2                                              0.5611037711190229
48.25                                             0.560415721943374
48.3                                              0.559766357300424
48.35                                             0.5591549471975837
48.400000000000006                                0.5585805729728323
48.45                                             0.558042087173593
48.5                                              0.5575381218284889
48.550000000000004                                0.5570670943390955
48.6                                              0.5566272146209085
48.65                                             0.5562164936776667
48.699999999999996                                0.5558327536088585
48.74999999999999                                 0.555473639014661
48.800000000000004                                0.5551366297458844
48.85                                             0.554819054933336
48.9                                              0.5545181082209754
48.949999999999996                                0.5542308641153578
49.00000000000001                                 0.5539542953560458
49.050000000000004                                0.5536852912003728
49.1                                              0.5534206765106646
49.15                                             0.5531572315220916
49.2                                              0.5528917121650531
49.25                                             0.5526208708091264
49.3                                              0.5523414772923417
49.349999999999994                                0.5520503400951311
49.400000000000006                                0.5517443275164006
49.45                                             0.5514203887075121
49.5                                              0.5510755744196176
49.55                                             0.5507070573199787
49.60000000000001                                 0.5503121517345352
49.650000000000006                                0.5498883326760843
49.7                                              0.5494332540210046
49.75                                             0.5489447657006927
49.800000000000004                                0.548420929779501
49.85                                             0.5478600352958404
49.9                                              0.5472606117500257
49.949999999999996                                0.5466214411289042
50.00000000000001                                 0.5459415683660019
