20                                                0.20706269704594873
20.05                                             0.20684214429943334
20.1                                              0.20662241391745267
20.15                                             0.2064035229634101
20.2                                              0.2061854843652112
20.25                                             0.20596830671781285
20.3                                              0.20575199410511694
20.35                                             0.20553654593615658
20.4                                              0.2053219567819402
20.45                                             0.20510821620514086
20.5                                              0.20489530860019067
20.55                                             0.2046832130771119
20.6                                              0.2044719034001457
20.650000000000002                                0.20426134796673787
20.7                                              0.20405150981003645
20.75                                             0.2038423466640632
20.8                                              0.2036338100494843
20.85                                             0.20342584823309975
20.900000000000002                                0.20321840314377285
20.95                                             0.20301141262444697
21                                                0.2028048097099987
21.05                                             0.20259852807824671
21.099999999999998                                0.20239246442118447
21.150000000000002                                0.2021865753448096
21.2                                              0.20198076128940284
21.249999999999996                                0.2017749368104182
21.299999999999997                                0.20156901321404846
21.349999999999998                                0.20136289949061087
21.4                                              0.2011565029321523
21.45                                             0.20094972961959265
21.5                                              0.20074248494336647
21.549999999999997                                0.20053467414389772
21.599999999999998                                0.20032620283769717
21.65                                             0.20011697753414368
21.7                                              0.19990690615308956
21.75                                             0.19969589853403624
21.799999999999997                                0.19948386689570283
21.849999999999998                                0.19927072626395848
21.9                                              0.19905639486799478
21.95                                             0.1988407944830697
22                                                0.19862385070893038
22.05                                             0.19840549317746786
22.099999999999998                                0.1981856556826454
22.15                                             0.19796427622610854
22.2                                              0.19774129697007922
22.25                                             0.19751666408657093
22.3                                              0.19729032749743824
22.35                                             0.19706224050791118
22.4                                              0.19683235933371931
22.45                                             0.1966006425188502
22.5                                              0.19636705024343196
22.55                                             0.19613154352633427
22.6                                              0.19589408333089645
22.65                                             0.19565462957611518
22.7                                              0.1954131400342579
22.75                                             0.19516956910867334
22.8                                              0.194923866575108
22.85                                             0.19467597636293305
22.900000000000002                                0.1944258353228248
22.95                                             0.19417337194983214
23                                                0.1939185051139541
23.05                                             0.19366114285002622
23.1                                              0.19340118121828873
23.150000000000002                                0.1931385032085914
23.2                                              0.19287297782593063
23.25                                             0.19260445958377806
23.3                                              0.19233278806278267
23.349999999999998                                0.19205778754973513
23.400000000000002                                0.19177926702732215
23.45                                             0.19149702046971656
23.5                                              0.19121082748087062
23.549999999999997                                0.19092045474677685
23.6                                              0.19062565707596524
23.65                                             0.19032617895000256
23.700000000000003                                0.19002175799562587
23.75                                             0.18971211425763554
23.799999999999997                                0.18939699019380676
23.849999999999998                                0.1890761108119486
23.9                                              0.18874920646951673
23.95                                             0.1884160193532483
24                                                0.1880763039474313
24.049999999999997                                0.18772982739812957
24.099999999999998                                0.1873763792833655
24.15                                             0.18701577612571563
24.2                                              0.18664786259629226
24.25                                             0.1862725173564154
24.3                                              0.18588965684777412
24.349999999999998                                0.18549923890321102
24.4                                              0.18510126590203896
24.45                                             0.1846957873427036
24.5                                              0.18428290171485676
24.55                                             0.18386275756054524
24.6                                              0.18343555362392275
24.65                                             0.18300153799537616
24.7                                              0.18256100616578783
24.75                                             0.1821142979187878
24.8                                              0.18166179301176147
24.85                                             0.18120390561744013
24.9                                              0.18074107752750945
24.95                                             0.18027377014733945
25                                                0.17980245534567335
25.05                                             0.17932760525835717
25.1                                              0.17884968118339598
25.150000000000002                                0.17836912174620292
25.2                                              0.17788633055399733
25.25                                             0.17740166360117074
25.3                                              0.1769154167269758
25.35                                             0.17642781346501168
25.400000000000002                                0.17593899365744925
25.45                                             0.1754490032321665
25.5                                              0.17495778555821825
25.55                                             0.17446517479929308
25.599999999999998                                0.17397089167787502
25.650000000000002                                0.17347454205013124
25.7                                              0.1729756186736389
25.75                                             0.17247350650826299
25.799999999999997                                0.17196749180425144
25.85                                             0.17145677511399746
25.9                                              0.17094048825877067
25.950000000000003                                0.17041771519224613
26                                                0.16988751661901932
26.05                                             0.1693489578899519
26.099999999999998                                0.16880114370527585
26.15                                             0.16824324134978932
26.2                                              0.1676745233252963
26.25                                             0.1670943965298266
26.299999999999997                                0.1665024436366508
26.349999999999998                                0.1658984520740971
26.4                                              0.16528243918139432
26.45                                             0.16465470437214033
26.5                                              0.16401579956764886
26.55                                             0.1633665839202359
26.599999999999998                                0.16270821393496995
26.65                                             0.1620421407041058
26.7                                              0.16137009583243597
26.75                                             0.16069406644310422
26.8                                              0.1600162584771929
26.85                                             0.1593390483112535
26.9                                              0.15866492279084443
26.95                                             0.15799640818761967
27                                                0.15733598908997928
27.05                                             0.1566860187234975
27.1                                              0.15604862279536036
27.15                                             0.15542559961648583
27.2                                              0.15481831979974664
27.25                                             0.15422762944372537
27.3                                              0.1536537612903397
27.35                                             0.15309625878842778
27.400000000000002                                0.15255391827860396
27.45                                             0.15202475458204565
27.5                                              0.1515059950628709
27.55                                             0.1509941066818383
27.6                                              0.15048485963059474
27.65                                             0.14997342982875106
27.7                                              0.14945454088493962
27.749999999999996                                0.14892264411111125
27.8                                              0.14837213293345156
27.849999999999998                                0.1477975856972527
27.900000000000002                                0.14719402856338631
27.95                                             0.14655720810080364
28                                                0.14588386144100426
28.049999999999997                                0.14517197058494788
28.1                                              0.14442098670478953
28.15                                             0.14363201019006186
28.200000000000003                                0.14280791284180822
28.25                                             0.14195338967149573
28.3                                              0.14107492908478034
28.349999999999998                                0.14018069210070502
28.400000000000002                                0.1392802936011108
28.45                                             0.13838448129798353
28.500000000000004                                0.13750471122211305
28.549999999999997                                0.13665262229388409
28.6                                              0.1358394182720429
28.65                                             0.13507517269000616
28.700000000000003                                0.13436807835218387
28.75                                             0.13372367356132503
28.8                                              0.133144090090822
28.849999999999998                                0.13262737897293908
28.899999999999995                                0.1321669809433062
28.95                                             0.13175141797415116
29.000000000000004                                0.13136427991028163
29.05                                             0.13098457368348054
29.099999999999998                                0.13058749121864074
29.15                                             0.13014559533317047
29.200000000000003                                0.12963050585633157
29.25                                             0.12901473306332062
29.299999999999997                                0.12827395298586702
29.35                                             0.12738920886286395
29.400000000000002                                0.1263490338833018
29.45                                             0.12515122159265868
29.499999999999996                                0.12380416134776517
29.55                                             0.122327479680774
29.600000000000005                                0.12075198411525506
29.650000000000002                                0.11911878510974355
29.699999999999996                                0.11747758296748678
29.75                                             0.11588408164089055
29.800000000000004                                0.11439649936623067
29.85                                             0.11307114574799672
29.9                                              0.1119570639893176
29.95                                             0.11108982883724762
29.999999999999996                                0.11048478361882541
30.05                                             0.1101303198036257
30.099999999999998                                0.10998223722856645
30.150000000000002                                0.10996068441862085
30.2                                              0.10995147457389064
30.25                                             0.10981342549561718
30.299999999999997                                0.10939252213172558
30.35                                             0.10854210647043577
30.4                                              0.1071463288184739
30.450000000000003                                0.10514252282654153
30.5                                              0.10253784163369903
30.55                                             0.0994167817257648
30.599999999999998                                0.09593864264625215
30.650000000000002                                0.0923263600032809
30.7                                              0.08884928091418776
30.750000000000004                                0.08580163551020345
30.799999999999997                                0.08347572914883036
30.85                                             0.08212492313780631
30.9                                              0.0819079520413455
30.950000000000003                                0.08280709625269493
31                                                0.08452649524525037
31.05                                             0.08641308404263988
31.099999999999998                                0.087492818426285
31.149999999999995                                0.08671931305100139
31.2                                              0.08340386829801266
31.250000000000004                                0.07758375174641247
31.3                                              0.07005532672669768
31.349999999999998                                0.06207656179731253
31.4                                              0.055017950301502895
31.450000000000003                                0.05021251554086477
31.5                                              0.04903203095457048
31.549999999999997                                0.052889049144411504
31.6                                              0.061879849995315386
31.650000000000002                                0.06963628137076293
31.7                                              0.06373973849195375
31.749999999999996                                0.047238763258225624
31.8                                              0.033406220833780795
31.850000000000005                                0.026775334375808986
31.900000000000002                                0.03798662410576886
31.949999999999996                                0.028075417774443893
32                                                0.025330909949987077
32.050000000000004                                0.02944139338639026
32.1                                              0.035462368156147214
32.15                                             0.04287379794269287
32.2                                              0.051488866403713446
32.25                                             0.06120363038752035
32.300000000000004                                0.0719476891284035
32.35                                             0.08366705943281326
32.4                                              0.09631618316299102
32.449999999999996                                0.10985356734332834
32.5                                              0.12423919100309813
32.55                                             0.13943288734759873
32.6                                              0.15539331518796842
32.65                                             0.17207731317480607
32.7                                              0.1894395187550661
32.75                                             0.2074321804099527
32.800000000000004                                0.2260051175739522
32.85                                             0.24510579732491164
32.9                                              0.26467950543200536
32.949999999999996                                0.28466959431069927
33                                                0.30501779333236095
33.05                                             0.3256645686215735
33.1                                              0.3465495204946624
33.15                                             0.36761180736848154
33.2                                              0.38879058550780055
33.25                                             0.4100254545037407
33.300000000000004                                0.4312568989578662
33.35                                             0.45242671754459224
33.4                                              0.4734784314495918
33.45                                             0.4943576651366255
33.5                                              0.5150124934647597
33.55                                             0.5353937503022654
33.599999999999994                                0.5554552949613524
33.65                                             0.5751542339574488
33.7                                              0.594451096753461
33.75                                             0.6133099652557354
33.8                                              0.6316985578275136
33.85                                             0.6495882694697506
33.900000000000006                                0.6669541705806832
33.95                                             0.6837749673615845
34                                                0.7000329274249633
34.05                                             0.7157137745037656
34.1                                              0.7308065563668624
34.15                                             0.7453034901407148
34.199999999999996                                0.7591997891971809
34.25                                             0.7724934756266821
34.300000000000004                                0.7851851822040522
34.35                                             0.7972779475652204
34.4                                              0.8087770077700037
34.45                                             0.8196895871597997
34.50000000000001                                 0.8300246912086124
34.550000000000004                                0.8397929038484061
34.6                                              0.8490061920229858
34.65                                             0.8576777161838314
34.7                                              0.8658216450349208
34.75                                             0.8734529906548771
34.8                                              0.8805874500173478
34.85                                             0.8872412541854378
34.900000000000006                                0.8934310305856918
34.95                                             0.8991736843767577
35                                                0.9044862696495867
35.050000000000004                                0.9093858932522488
35.1                                              0.9138896205998609
35.15                                             0.9180144123957874
35.199999999999996                                0.9217769917157708
35.24999999999999                                 0.9251938680880748
35.3                                              0.9282811914317537
35.35                                             0.9310547707091015
35.4                                              0.9335300022768412
35.449999999999996                                0.935721842987671
35.5                                              0.9376447827127861
35.550000000000004                                0.9393128226372962
35.6                                              0.9407394587459109
35.65                                             0.941937669993315
35.7                                              0.9429199106864046
35.75                                             0.9436981066344414
35.8                                              0.9442836546545679
35.849999999999994                                0.944687425049816
35.9                                              0.9449197667059804
35.95                                             0.9449905144811465
36                                                0.9449089985883641
36.05                                             0.9446840556977467
36.1                                              0.9443240415089601
36.150000000000006                                0.9438368445678758
36.2                                              0.9432299011224947
36.25                                             0.942510210833074
36.3                                              0.9416843531692156
36.35                                             0.9407585043436375
36.4                                              0.9397384546473598
36.449999999999996                                0.9386296260649086
36.5                                              0.9374370900609493
36.550000000000004                                0.9361655854405748
36.6                                              0.9348195361965405
36.65                                             0.9334030692648592
36.7                                              0.9319200321196127
36.75000000000001                                 0.9303740101442074
36.800000000000004                                0.9287683437240603
36.849999999999994                                0.9271061450116866
36.9                                              0.9253903143213983
36.95                                             0.9236235561163114
37                                                0.9218083945533956
37.05                                             0.9199471885530888
37.1                                              0.9180421463595914
37.150000000000006                                0.9160953395627949
37.2                                              0.9141087165620194
37.25                                             0.9120841154600027
37.300000000000004                                0.910023276376133
37.35                                             0.9079278531647013
37.4                                              0.9057994245205805
37.449999999999996                                0.9036395044751376
37.49999999999999                                 0.9014495478398294
37.55                                             0.8992309787039944
37.6                                              0.8969851629335984
37.65                                             0.8947134532841423
37.699999999999996                                0.8924171738788808
37.75                                             0.8900976361976265
37.800000000000004                                0.8877561418835819
37.85                                             0.8853939846991665
37.9                                              0.8830124684899099
37.95                                             0.8806128946073365
38                                                0.8781965746551893
38.05                                             0.875764832234846
38.099999999999994                                0.8733190046725432
38.15                                             0.8708604447669843
38.2                                              0.8683905216798851
38.25                                             0.8659106217638399
38.3                                              0.8634221487270659
38.35                                             0.8609265230911758
38.400000000000006                                0.8584251812408854
38.45                                             0.8559195740267601
38.5                                              0.8534111649253127
38.55                                             0.8509014277796684
38.6                                              0.8483918441349005
38.65                                             0.8458839001999882
38.699999999999996                                0.8433790834890815
38.75                                             0.8408788791628392
38.800000000000004                                0.8383847660890289
38.85                                             0.8358982126580662
38.9                                              0.8334206723897909
38.95                                             0.8309535793640587
39.00000000000001                                 0.8284983435068533
39.050000000000004                                0.8260563457623539
39.099999999999994                                0.8236289331815997
39.15                                             0.8212174139654569
39.2                                              0.8188230525071764
39.25                                             0.8164470644809203
39.3                                              0.8140906120103071
39.35                                             0.8117547989395395
39.400000000000006                                0.8094406662286964
39.45                                             0.8071491875040873
39.5                                              0.8048812647989934
39.550000000000004                                0.8026377245194262
39.6                                              0.8004193136687023
39.65                                             0.7982266963671926
39.699999999999996                                0.7960604507098817
39.75                                             0.7939210659984847
39.8                                              0.7918089403318194
39.85                                             0.7897243784899642
39.9                                              0.7876675901326754
39.949999999999996                                0.7856386884588107
40                                                0.7836376893994081
40.050000000000004                                0.7816645112944296
40.1                                              0.7797189750133263
40.15                                             0.7778008045382762
40.2                                              0.7759096280512356
40.25                                             0.7740449795112168
40.3                                              0.7722063004501375
40.349999999999994                                0.7703929417036299
40.4                                              0.7686041661136085
40.45                                             0.7668391528294526
40.5                                              0.765097001455574
40.55                                             0.7633767358636169
40.6                                              0.7616773085166444
40.650000000000006                                0.759997605352018
40.7                                              0.7583364512281606
40.75                                             0.7566926167934291
40.8                                              0.7550648245919601
40.85                                             0.7534517519848111
40.9                                              0.7518520398216204
40.949999999999996                                0.7502643004399642
41                                                0.7486871238396968
41.050000000000004                                0.74711908393905
41.1                                              0.7455587515303272
41.15                                             0.7440046955413668
41.2                                              0.7424554876242748
41.25000000000001                                 0.7409097174049819
41.300000000000004                                0.7393660027579564
41.349999999999994                                0.737822977662348
41.4                                              0.7362793226573658
41.45                                             0.7347337697350477
41.5                                              0.7331850890321353
41.55                                             0.731632116322345
41.6                                              0.7300737514717116
41.650000000000006                                0.7285089657985724
41.7                                              0.7269368081245833
41.75                                             0.7253564104225169
41.800000000000004                                0.7237669930620632
41.85                                             0.7221678696262692
41.9                                              0.7205584512691706
41.949999999999996                                0.7189382505862897
42                                                0.717306884971973
42.050000000000004                                0.7156640794392034
42.1                                              0.7140096688813323
42.15                                             0.7123435997569955
42.199999999999996                                0.7106659311830916
42.25                                             0.708976835423479
42.300000000000004                                0.7072765977640763
42.35                                             0.7055656157685913
42.4                                              0.7038443979121161
42.45                                             0.7021135615936038
42.5                                              0.7003738305315118
42.55                                             0.6986260315507057
42.599999999999994                                0.696871090771729
42.65                                             0.695110029217463
42.7                                              0.693343957855521
42.75                                             0.6915740720977446
42.8                                              0.6898016457820337
42.85                                             0.6880280246643732
42.900000000000006                                0.6862546194523005
42.95                                             0.6844828984138573
43                                                0.6827143795987165
43.05                                             0.6809506227106795
43.1                                              0.6791932206732595
43.15                                             0.6774437909315096
43.199999999999996                                0.6757039665352449
43.25                                             0.6739753870499966
43.300000000000004                                0.6722596893433493
43.35                                             0.6705584982962529
43.4                                              0.6688734174904091
43.45                                             0.6672060199241766
43.50000000000001                                 0.6655578388092929
43.550000000000004                                0.6639303584973781
43.599999999999994                                0.6623250055841586
43.65                                             0.6607431402390942
43.7                                              0.6591860478088393
43.75                                             0.6576549307459582
43.8                                              0.6561509009211896
43.85                                             0.6546749724717684
43.900000000000006                                0.653228041936648
43.95                                             0.6518109425464874
44                                                0.650424317763173
44.050000000000004                                0.6490687535882211
44.1                                              0.6477446658396668
44.15                                             0.6464523602809172
44.199999999999996                                0.645192005073313
44.25                                             0.6439636311975754
44.300000000000004                                0.6427671344094733
44.35                                             0.6416022629285687
44.4                                              0.6404686302683593
44.449999999999996                                0.6393657089320981
44.5                                              0.638292832242166
44.550000000000004                                0.6372491963896284
44.6                                              0.6362338631694426
44.65                                             0.6352457631318758
44.7                                              0.6342836994448039
44.75                                             0.6333463530211972
44.8                                              0.6324322881072845
44.849999999999994                                0.6315399584848631
44.9                                              0.6306677144019321
44.95                                             0.6298138101758651
45                                                0.6289764124252831
45.05                                             0.6281536088838343
45.1                                              0.6273434177464429
45.150000000000006                                0.6265437975294814
45.2                                              0.6257526574175518
45.25                                             0.6249678680192797
45.3                                              0.6241872724691703
45.35                                             0.6234086978312703
45.4                                              0.6226299667505434
45.449999999999996                                0.6218489092904576
45.5                                              0.6210633748909407
45.550000000000004                                0.6202712443797074
45.6                                              0.6194704419685316
45.65                                             0.6186589471681929
45.7                                              0.6178348065580784
45.75000000000001                                 0.616996145345988
45.800000000000004                                0.6161411786513904
45.849999999999994                                0.6152682224462843
45.9                                              0.6143757040817872
45.95                                             0.6134621723269313
46                                                0.6125263068501273
46.05                                             0.6115669270824662
46.1                                              0.6105830004061549
46.150000000000006                                0.6095736496151878
46.2                                              0.6085381595987027
46.25                                             0.6074759832053418
46.300000000000004                                0.6063867462561747
46.35                                             0.6052702516755679
46.4                                              0.6041264826797064
46.449999999999996                                0.6029556049108541
46.5                                              0.6017579674328103
46.550000000000004                                0.6005341026550428
46.6                                              0.5992847253195085
46.65                                             0.5980107305485637
46.7                                              0.5967131908495341
46.75000000000001                                 0.5953933520177416
46.800000000000004                                0.5940526279513374
46.85                                             0.5926925944124237
46.9                                              0.5913149817490723
46.95                                             0.5899216665205598
47                                                0.5885146619142748
47.05                                             0.5870961072008287
47.099999999999994                                0.5856682570245726
47.15                                             0.5842334702143909
47.2                                              0.5827941969543501
47.25                                             0.5813529647715491
47.3                                              0.5799123640873142
47.35                                             0.578475033311662
47.400000000000006                                0.577043643433853
47.45                                             0.5756208829109675
47.5                                              0.5742094449643914
47.55                                             0.5728120101221225
47.6                                              0.5714312182854028
47.65                                             0.5700696584691114
47.699999999999996                                0.5687298579252258
47.75                                             0.5674142630294479
47.800000000000004                                0.5661252216550929
47.85                                             0.5648649649318842
47.9                                              0.5636355889778695
47.95                                             0.5624390583271285
48.00000000000001                                 0.561277168733129
48.050000000000004                                0.5601515405395632
48.099999999999994                                0.5590636082062177
48.15                                             0.5580146106570004
48.2                                              0.5570055844398921
48.25                                             0.5560372547316235
48.3                                              0.5551103431548774
48.35                                             0.5542251064022536
48.400000000000006                                0.553381662573772
48.45                                             0.5525798730649167
48.5                                              0.5518193511046291
48.550000000000004                                0.5510994615787962
48.6                                              0.5504193218549274
48.65                                             0.5497778041686849
48.699999999999996                                0.5491735396708058
48.74999999999999                                 0.5486049241570425
48.800000000000004                                0.548070125477258
48.85                                             0.547567092602498
48.9                                              0.5470935663140643
48.949999999999996                                0.5466470914650722
49.00000000000001                                 0.5462250307517951
49.050000000000004                                0.5458245799193093
49.1                                              0.5454427843142181
49.15                                             0.545076556685775
49.2                                              0.5447226961255274
49.25                                             0.5443779080262915
49.3                                              0.5440388249312903
49.349999999999994                                0.5437020281373212
49.400000000000006                                0.5433640699078246
49.45                                             0.5430214961469725
49.5                                              0.542670869380095
49.55                                             0.5423087918831795
49.60000000000001                                 0.5419319288010661
49.650000000000006                                0.5415370310928812
49.7                                              0.5411209581431465
49.75                                             0.5406806998776565
49.800000000000004                                0.540213398225136
49.85                                             0.5397163677690194
49.9                                              0.5391871154369577
49.949999999999996                                0.5386233590808469
50.00000000000001                                 0.5380230448060711
