20                                                0.18531403912184138
20.05                                             0.18510681919965563
20.1                                              0.18490044485046353
20.15                                             0.1846949352456572
20.2                                              0.1844903056191491
20.25                                             0.18428656707139526
20.3                                              0.18408372639955306
20.35                                             0.18388178595548907
20.4                                              0.18368074351438826
20.45                                             0.18348059212547113
20.5                                              0.1832813199406716
20.55                                             0.18308291006318073
20.6                                              0.18288534045580526
20.650000000000002                                0.18268858390955742
20.7                                              0.18249260804579825
20.75                                             0.18229737536318474
20.8                                              0.18210284218652392
20.85                                             0.18190896199875467
20.900000000000002                                0.18171568119939524
20.95                                             0.18152294398917193
21                                                0.18133068942516217
21.05                                             0.1811388582984022
21.099999999999998                                0.18094734544570806
21.150000000000002                                0.1807561231335042
21.2                                              0.18056509335343235
21.249999999999996                                0.18037417673413622
21.299999999999997                                0.18018329050002035
21.349999999999998                                0.1799923494829611
21.4                                              0.17980126675106953
21.45                                             0.1796099540434577
21.5                                              0.1794183222653102
21.549999999999997                                0.17922628199893592
21.599999999999998                                0.17903374399503474
21.65                                             0.178840619654408
21.7                                              0.17864682150625363
21.75                                             0.17845226369270265
21.799999999999997                                0.17825686242548128
21.849999999999998                                0.178060536398343
21.9                                              0.17786320716234924
21.95                                             0.17766479945346642
22                                                0.1774652414593042
22.05                                             0.17726446502017526
22.099999999999998                                0.1770624057595922
22.15                                             0.1768590031426692
22.2                                              0.17665420045434385
22.25                                             0.17644794467970756
22.3                                              0.17624018627082705
22.35                                             0.17603087880441495
22.4                                              0.17581997853958123
22.45                                             0.17560744388036467
22.5                                              0.17539323473964152
22.55                                             0.17517731180656998
22.6                                              0.1749596357229883
22.65                                             0.17474016616737564
22.7                                              0.17451886081901316
22.75                                             0.17429567419538416
22.8                                              0.1740705564717538
22.85                                             0.1738434523666558
22.900000000000002                                0.1736143000057572
22.95                                             0.17338302972063865
23                                                0.17314956284880398
23.05                                             0.1729138105923645
23.1                                              0.17267567293865374
23.150000000000002                                0.172435037589849
23.2                                              0.1721917790665837
23.25                                             0.17194575829944136
23.3                                              0.17169682222833255
23.349999999999998                                0.17144480339269183
23.400000000000002                                0.17118951986698683
23.45                                             0.1709307753830371
23.5                                              0.17066835969459496
23.549999999999997                                0.1704020512191618
23.6                                              0.1701316173665928
23.65                                             0.16985681447960624
23.700000000000003                                0.16957739155582846
23.75                                             0.16929309484595637
23.799999999999997                                0.1690036577673895
23.849999999999998                                0.1687088276980905
23.9                                              0.16840834822794948
23.95                                             0.16810196980557596
24                                                0.16778945796937633
24.049999999999997                                0.1674705924612807
24.099999999999998                                0.16714516724290399
24.15                                             0.16681300578982947
24.2                                              0.16647395653473668
24.25                                             0.16612789987509105
24.3                                              0.16577475164614247
24.349999999999998                                0.16541446654763886
24.4                                              0.16504704115623509
24.45                                             0.16467251640175104
24.5                                              0.16429097939886517
24.55                                             0.1639025645291283
24.6                                              0.16350745366932987
24.65                                             0.16310587547102645
24.7                                              0.16269810361123224
24.75                                             0.16228445395044636
24.8                                              0.16186528055174226
24.85                                             0.16144097053499337
24.9                                              0.16101193776392797
24.95                                             0.16057861539250742
25                                                0.16014144732737845
25.05                                             0.15970087869811675
25.1                                              0.15925734546257625
25.150000000000002                                0.15881126331316775
25.2                                              0.15836301608885472
25.25                                             0.15791294393729913
25.3                                              0.15746133150983677
25.35                                             0.15700839650759607
25.400000000000002                                0.15655427892850338
25.45                                             0.1560990313893997
25.5                                              0.15564261091241569
25.55                                             0.15518487256910538
25.599999999999998                                0.1547255653695759
25.650000000000002                                0.15426433077616483
25.7                                              0.15380070421085262
25.75                                             0.15333411988873533
25.799999999999997                                0.15286391921864265
25.85                                             0.15238936289312693
25.9                                              0.1519096466955386
25.950000000000003                                0.15142392098628774
26                                                0.15093131378606595
26.05                                             0.1504309576638246
26.099999999999998                                0.14992201687159004
26.15                                             0.149403722212259
26.2                                              0.1488753941996052
26.25                                             0.14833647985655887
26.299999999999997                                0.14778659447387318
26.349999999999998                                0.14722554169917293
26.4                                              0.14665334868307817
26.45                                             0.14607029054320594
26.5                                              0.14547689234893105
26.55                                             0.1448739627598515
26.599999999999998                                0.1442625892845082
26.65                                             0.1436441356969916
26.7                                              0.14302022885637386
26.75                                             0.14239273505029437
26.8                                              0.14176372568894702
26.85                                             0.14113543198122913
26.9                                              0.14051018873941276
26.95                                             0.13989036785458248
27                                                0.13927830237308889
27.05                                             0.13867620262394512
27.1                                              0.1380860664426366
27.15                                             0.13750958596557694
27.2                                              0.13694805405100782
27.25                                             0.13640227403409136
27.3                                              0.1358724769961012
27.35                                             0.13535825112470537
27.400000000000002                                0.1348584880111551
27.45                                             0.13437135079474744
27.5                                              0.13389426886918773
27.55                                             0.1334239633583925
27.6                                              0.132956506716627
27.65                                             0.13248741857223323
27.7                                              0.13201179835762025
27.749999999999996                                0.13152449340402256
27.8                                              0.1310202990934643
27.849999999999998                                0.130494185452075
27.900000000000002                                0.12994154239209021
27.95                                             0.12935843382678183
28                                                0.1287418492363418
28.049999999999997                                0.1280899400683914
28.1                                              0.12740222766726397
28.15                                             0.12667976933381153
28.200000000000003                                0.12592526973571738
28.25                                             0.12514312599868596
28.3                                              0.12433939619417482
28.349999999999998                                0.123521682771497
28.400000000000002                                0.12269892477164346
28.45                                             0.12188109528699383
28.500000000000004                                0.12107880366485956
28.549999999999997                                0.1203028056253534
28.6                                              0.11956342951395244
28.65                                             0.11886993304524086
28.700000000000003                                0.11822981124224825
28.75                                             0.1176480857826283
28.8                                              0.11712661672071085
28.849999999999998                                0.116663487841362
28.899999999999995                                0.11625252724723466
28.95                                             0.1158830318453856
29.000000000000004                                0.11553976102953775
29.05                                             0.11520326916313073
29.099999999999998                                0.11485062191517838
29.15                                             0.1144565094530531
29.200000000000003                                0.11399476147114025
29.25                                             0.11344011545326661
29.299999999999997                                0.11277028317843693
29.35                                             0.11196799026624667
29.400000000000002                                0.11102293078678059
29.45                                             0.10993342660914415
29.499999999999996                                0.10870759548926286
29.55                                             0.10736393318322976
29.600000000000005                                0.1059312055871144
29.650000000000002                                0.10444757650416756
29.699999999999996                                0.10295895943558075
29.75                                             0.10151656931047194
29.800000000000004                                0.10017366013408842
29.85                                             0.09898143478782932
29.9                                              0.09798413806211521
29.95                                             0.09721342310263534
29.999999999999996                                0.09668224954683885
30.05                                             0.0963788538566596
30.099999999999998                                0.09626172028916682
30.150000000000002                                0.09625689948681974
30.2                                              0.09625930131746561
30.25                                             0.0961394762229125
30.299999999999997                                0.09575664857200882
30.35                                             0.09497731593461868
30.4                                              0.09369689337506332
30.450000000000003                                0.09186037121649891
30.5                                              0.08947758139522306
30.55                                             0.0866298268270752
30.599999999999998                                0.0834669139749623
30.650000000000002                                0.08019595175388684
30.7                                              0.07706445309774423
30.750000000000004                                0.07433961546761962
30.799999999999997                                0.07228319414651495
30.85                                             0.0711177785415696
30.9                                              0.07097705399282365
30.950000000000003                                0.07183335363049911
31                                                0.07340783662947817
31.05                                             0.07510086018405566
31.099999999999998                                0.07602599040357197
31.149999999999995                                0.07523750308342478
31.2                                              0.07212603085065661
31.250000000000004                                0.06675813662681991
31.3                                              0.05990093366660927
31.349999999999998                                0.052733518376545795
31.4                                              0.04651092822314906
31.450000000000003                                0.04241782862446475
31.5                                              0.041631327350760465
31.549999999999997                                0.04531209108415964
31.6                                              0.05338356749492158
31.650000000000002                                0.05997688397317067
31.7                                              0.05402883609269524
31.749999999999996                                0.038924661501459415
31.8                                              0.026918583802828428
31.850000000000005                                0.02181398561012378
31.900000000000002                                0.03304796860710595
31.949999999999996                                0.022202813476678514
32                                                0.021219744292650215
32.050000000000004                                0.0256069248856328
32.1                                              0.03149651784385833
32.15                                             0.038511968571377224
32.2                                              0.04651365600436184
32.25                                             0.055420767880385656
32.300000000000004                                0.06517716011245245
32.35                                             0.07573921558716407
32.4                                              0.08706998796871197
32.449999999999996                                0.09913592527552463
32.5                                              0.11190488626276467
32.55                                             0.12534488521074916
32.6                                              0.13942328152361982
32.65                                             0.15410625902144845
32.7                                              0.1693585046388908
32.75                                             0.1851430314814514
32.800000000000004                                0.20142111120727724
32.85                                             0.21815229210965176
32.9                                              0.23529448610341858
32.949999999999996                                0.252804111951511
33                                                0.2706362845522546
33.05                                             0.2887450415904692
33.1                                              0.3070835997716684
33.15                                             0.3256046334622507
33.2                                              0.3442605689879473
33.25                                             0.36300388815755447
33.300000000000004                                0.38178743487218825
33.35                                             0.4005647190462642
33.4                                              0.4192902124864639
33.45                                             0.43791963185504384
33.5                                              0.45641020439240193
33.55                                             0.47472091265363664
33.599999999999994                                0.49281271515054875
33.65                                             0.5106487404461643
33.7                                              0.5281944529244298
33.75                                             0.5454177891310588
33.8                                              0.5622892642002089
33.85                                             0.578782048449799
33.900000000000006                                0.5948720147919027
33.95                                             0.610537758131027
34                                                0.625760588325585
34.05                                             0.6405244986082373
34.1                                              0.6548161116236737
34.15                                             0.6686246054447265
34.199999999999996                                0.6819416220454011
34.25                                             0.6947611607445942
34.300000000000004                                0.707079459142977
34.35                                             0.718894864109496
34.4                                              0.7302076951726062
34.45                                             0.7410201024923663
34.50000000000001                                 0.7513359215259241
34.550000000000004                                0.7611605265202088
34.6                                              0.7705006856691898
34.65                                             0.7793644167223146
34.7                                              0.7877608389001666
34.75                                             0.7957000412008897
34.8                                              0.8031929524489997
34.85                                             0.8102512118773718
34.900000000000006                                0.8168870520671874
34.95                                             0.8231132097430383
35                                                0.8289427509131845
35.050000000000004                                0.8343890404822085
35.1                                              0.83946563380188
35.15                                             0.8441861852599641
35.199999999999996                                0.8485643764477999
35.24999999999999                                 0.8526138632761524
35.3                                              0.8563481696117198
35.35                                             0.8597806837848919
35.4                                              0.8629245813254429
35.449999999999996                                0.8657927885051777
35.5                                              0.8683979450252789
35.550000000000004                                0.8707523720793684
35.6                                              0.8728680453634079
35.65                                             0.8747565726765067
35.7                                              0.876429175768114
35.75                                             0.8778966760959163
35.8                                              0.8791694841714058
35.849999999999994                                0.8802575921839217
35.9                                              0.8811705696087521
35.95                                             0.8819175615202226
36                                                0.8825072893454576
36.05                                             0.882948053810093
36.1                                              0.8832477398429038
36.150000000000006                                0.8834138232221801
36.2                                              0.8834533787613187
36.25                                             0.8833730898460516
36.3                                              0.8831792591489679
36.35                                             0.8828778203601922
36.4                                              0.8824743507855495
36.449999999999996                                0.8819740846746511
36.5                                              0.881381927152163
36.550000000000004                                0.8807024686356983
36.6                                              0.8799399996329482
36.65                                             0.8790985258188987
36.7                                              0.8781817833028308
36.75000000000001                                 0.8771932540009977
36.800000000000004                                0.8761361810390688
36.849999999999994                                0.8750135841143533
36.9                                              0.8738282747535453
36.95                                             0.8725828714074112
37                                                0.8712798143260392
37.05                                             0.8699213801601263
37.1                                              0.8685096962374957
37.150000000000006                                0.8670467544723623
37.2                                              0.8655344248736777
37.25                                             0.8639744686242707
37.300000000000004                                0.8623685506987062
37.35                                             0.8607182519852891
37.4                                              0.8590250808742147
37.449999999999996                                0.8572904842719996
37.49999999999999                                 0.8555158567188148
37.55                                             0.8537025559481999
37.6                                              0.8518519021459301
37.65                                             0.849965198395013
37.699999999999996                                0.8480437295530352
37.75                                             0.8460887734211749
37.800000000000004                                0.8441016073638109
37.85                                             0.8420835063929774
37.9                                              0.8400357754881945
37.95                                             0.8379597165117185
38                                                0.835856658338719
38.05                                             0.8337279528432523
38.099999999999994                                0.8315749779649202
38.15                                             0.8293991401481043
38.2                                              0.8272018759210166
38.25                                             0.8249846528085222
38.3                                              0.8227489698735272
38.35                                             0.8204963575727017
38.400000000000006                                0.8182283770257962
38.45                                             0.8159466187607901
38.5                                              0.8136527009516541
38.55                                             0.8113482671341765
38.6                                              0.8090349833864545
38.65                                             0.8067145351139107
38.699999999999996                                0.8043886235022121
38.75                                             0.8020589615468515
38.800000000000004                                0.7997272696926372
38.85                                             0.797395271157126
38.9                                              0.7950646869778842
38.95                                             0.7927372308155769
39.00000000000001                                 0.7904146035448354
39.050000000000004                                0.7880984876601256
39.099999999999994                                0.785790541520675
39.15                                             0.7834923934765405
39.2                                              0.7812056359443489
39.25                                             0.7789318194925624
39.3                                              0.7766724469666084
39.35                                             0.7744289676709825
39.400000000000006                                0.7722027716338709
39.45                                             0.7699951839904983
39.5                                              0.7678074595291843
39.550000000000004                                0.765640777440008
39.6                                              0.7634962363051646
39.65                                             0.7613748493690632
39.699999999999996                                0.7592775401313041
39.75                                             0.7572051383128406
39.8                                              0.7551583762155655
39.85                                             0.7531378854429065
39.9                                              0.7511441939662924
39.949999999999996                                0.7491777236259555
40                                                0.7472387881582663
40.050000000000004                                0.7453275917507525
40.1                                              0.7434442281012795
40.15                                             0.7415886799919714
40.2                                              0.7397608194156884
40.25                                             0.7379604082972354
40.3                                              0.736187099694695
40.349999999999994                                0.7344404391001315
40.4                                              0.7327198661784429
40.45                                             0.7310247179240851
40.5                                              0.7293542324375019
40.55                                             0.7277075526257757
40.6                                              0.7260837302798929
40.650000000000006                                0.724481730748062
40.7                                              0.7229004384085758
40.75                                             0.721338663443754
40.8                                              0.7197951465743132
40.85                                             0.7182685629678464
40.9                                              0.7167575324816052
40.949999999999996                                0.7152606269263877
41                                                0.7137763762791806
41.050000000000004                                0.7123032756337413
41.1                                              0.7108398023782617
41.15                                             0.7093844089070366
41.2                                              0.7079355353038879
41.25000000000001                                 0.7064916248038773
41.300000000000004                                0.7050511336747046
41.349999999999994                                0.7036125234884621
41.4                                              0.7021742775434027
41.45                                             0.7007349399350726
41.5                                              0.6992930607769177
41.55                                             0.6978472569909538
41.6                                              0.696396199482562
41.650000000000006                                0.6949386234991265
41.7                                              0.6934733360826826
41.75                                             0.6919992230835774
41.800000000000004                                0.6905152557831881
41.85                                             0.6890204971009123
41.9                                              0.6875141073504301
41.949999999999996                                0.6859953495114529
42                                                0.6844635939834811
42.050000000000004                                0.6829183227904166
42.1                                              0.6813591332086467
42.15                                             0.6797857407925036
42.199999999999996                                0.6781979817754449
42.25                                             0.6765958148283937
42.300000000000004                                0.6749793221589333
42.35                                             0.6733487099394324
42.4                                              0.6717043080549105
42.45                                             0.6700465691659
42.5                                              0.6683760670846856
42.55                                             0.6666934944675791
42.599999999999994                                0.6649996598298621
42.65                                             0.6632954838930447
42.7                                              0.6615819952794688
42.75                                             0.659860325571141
42.8                                              0.6581317037555164
42.85                                             0.6563974500827342
42.900000000000006                                0.6546589693637892
42.95                                             0.6529177437414738
43                                                0.6511753249701576
43.05                                             0.6494333262425368
43.1                                              0.6476934136053925
43.15                                             0.645957297007785
43.199999999999996                                0.6442267210288776
43.25                                             0.6425034553331265
43.300000000000004                                0.6407892849030212
43.35                                             0.6390860001017262
43.4                                              0.6373953866190585
43.45                                             0.6357192153557579
43.50000000000001                                 0.6340592323021166
43.550000000000004                                0.6324171484653045
43.599999999999994                                0.6307946298999125
43.65                                             0.629193287894888
43.7                                              0.627614669371546
43.75                                             0.6260602475483081
43.8                                              0.6245314129335539
43.85                                             0.6230294647893133
43.900000000000006                                0.6215555914773996
43.95                                             0.6201109156480941
44                                                0.6186963807463397
44.050000000000004                                0.6173128692513276
44.1                                              0.6159610928194287
44.15                                             0.6146416511681054
44.199999999999996                                0.6133550027105948
44.25                                             0.6121014639700438
44.300000000000004                                0.6108812075699447
44.35                                             0.6096942535484339
44.4                                              0.6085404756370435
44.449999999999996                                0.6074195962233144
44.5                                              0.606331186360911
44.550000000000004                                0.6052746665390097
44.6                                              0.6042493081693031
44.65                                             0.603254235449983
44.7                                              0.6022884283218802
44.75                                             0.6013507266543517
44.8                                              0.6004398348249477
44.849999999999994                                0.599554327082659
44.9                                              0.5986926537557961
44.95                                             0.5978531482408548
45                                                0.5970340347353992
45.05                                             0.5962334366248292
45.1                                              0.5954493854125152
45.150000000000006                                0.5946798303172823
45.2                                              0.5939226486220356
45.25                                             0.5931756565338333
45.3                                              0.5924366204358955
45.35                                             0.5917032685492674
45.4                                              0.5909733029756367
45.449999999999996                                0.5902444120578811
45.5                                              0.589514282986156
45.550000000000004                                0.5887806145762676
45.6                                              0.5880411301421604
45.65                                             0.5872935903894173
45.7                                              0.5865358062687084
45.75000000000001                                 0.5857656517320877
45.800000000000004                                0.5849810763228824
45.849999999999994                                0.5841801175208841
45.9                                              0.5833609127616673
45.95                                             0.582521711048043
46                                                0.5816608840734402
46.05                                             0.5807769367852235
46.1                                              0.5798685173245084
46.150000000000006                                0.5789344262789833
46.2                                              0.5779736251887632
46.25                                             0.5769852442479119
46.300000000000004                                0.5759685891530373
46.35                                             0.5749231470596686
46.4                                              0.5738485916060126
46.449999999999996                                0.5727447869320798
46.5                                              0.5716117905958321
46.550000000000004                                0.5704498553449276
46.6                                              0.5692594297955292
46.65                                             0.5680411580572011
46.7                                              0.5667958782652756
46.75000000000001                                 0.5655246199715753
46.800000000000004                                0.5642286003750612
46.85                                             0.5629092194020703
46.9                                              0.5615680536502462
46.95                                             0.5602068491797931
47                                                0.5588275130876209
47.05                                             0.5574321039205282
47.099999999999994                                0.5560228213496805
47.15                                             0.5546019951741424
47.2                                              0.5531720730647507
47.25                                             0.551735607114716
47.3                                              0.5502952396234748
47.35                                             0.5488536882250172
47.400000000000006                                0.5474137304357393
47.45                                             0.5459781880298571
47.5                                              0.5445499113711716
47.55                                             0.543131759705746
47.6                                              0.5417265807315144
47.65                                             0.5403371981100424
47.699999999999996                                0.5389663939430289
47.75                                             0.5376168890317631
47.800000000000004                                0.5362913241473233
47.85                                             0.5349922385724221
47.9                                              0.5337220622939455
47.95                                             0.5324831063082488
48.00000000000001                                 0.5312775129307264
48.050000000000004                                0.5301072665279444
48.099999999999994                                0.5289741757899552
48.15                                             0.5278798495442625
48.2                                              0.5268257094645048
48.25                                             0.5258128759951918
48.3                                              0.5248424220805968
48.35                                             0.5239149966648885
48.400000000000006                                0.5230310833523893
48.45                                             0.5221909022683655
48.5                                              0.5213944139341968
48.550000000000004                                0.520641316547672
48.6                                              0.5199310444622528
48.65                                             0.5192627683385749
48.699999999999996                                0.51863539706907
48.74999999999999                                 0.5180475815117499
48.800000000000004                                0.5174977200451694
48.85                                             0.516983965937648
48.9                                              0.5165042365109711
48.949999999999996                                0.5160562240606467
49.00000000000001                                 0.5156374084823256
49.050000000000004                                0.515245071539979
49.1                                              0.514876312695767
49.15                                             0.5145280664111417
49.2                                              0.5141971208127317
49.25                                             0.5138801376073853
49.3                                              0.5135736731181898
49.349999999999994                                0.5132742003039523
49.400000000000006                                0.5129781316157423
49.45                                             0.5126818425364396
49.5                                              0.5123816956429681
49.55                                             0.5120740650255318
49.60000000000001                                 0.5117553608941741
49.650000000000006                                0.5114220542006868
49.7                                              0.5110707011018625
49.75                                             0.5106979670903115
49.800000000000004                                0.5103006506196507
49.85                                             0.5098757060532888
49.9                                              0.5094202657688052
49.949999999999996                                0.5089316612541196
50.00000000000001                                 0.5084074430373701
