20                                                0.2363445634673306
20.05                                             0.23611554871300008
20.1                                              0.23588738122212177
20.15                                             0.23566007456173355
20.2                                              0.23543363791257785
20.25                                             0.23520807586097658
20.3                                              0.2349833882068906
20.35                                             0.2347595697946484
20.4                                              0.2345366103636671
20.45                                             0.2343144944181419
20.5                                              0.23409320110906495
20.55                                             0.23387270413477546
20.6                                              0.23365297167196233
20.650000000000002                                0.23343396634539004
20.7                                              0.23321564523324698
20.75                                             0.23299795994926023
20.8                                              0.23278085520100433
20.85                                             0.23256427324456116
20.900000000000002                                0.23234814758588165
20.95                                             0.23213241090193462
21                                                0.2319169894213271
21.05                                             0.23170180864134196
21.099999999999998                                0.23148676146326586
21.150000000000002                                0.23127179414793425
21.2                                              0.23105680071934948
21.249999999999996                                0.23084168871593094
21.299999999999997                                0.2306263623575075
21.349999999999998                                0.23041072355703604
21.4                                              0.23019467251733491
21.45                                             0.229978108371533
21.5                                              0.22976092966670378
21.549999999999997                                0.22954303490126726
21.599999999999998                                0.22932432307875647
21.65                                             0.22910469426078622
21.7                                              0.22888405012084492
21.75                                             0.228662294446557
21.799999999999997                                0.22843933359235585
21.849999999999998                                0.22821507692828535
21.9                                              0.22798943724523602
21.95                                             0.227762331095365
22                                                0.2275336790673148
22.05                                             0.22730340599265336
22.099999999999998                                0.22707144107622507
22.15                                             0.2268377179372951
22.2                                              0.22660217454199238
22.25                                             0.22636475301463416
22.3                                              0.22612539933854434
22.35                                             0.22588406295963318
22.4                                              0.22564069628999978
22.45                                             0.2253952540990404
22.5                                              0.2251476927868207
22.55                                             0.22489796954205232
22.6                                              0.22464604138917982
22.65                                             0.22439186412738288
22.7                                              0.22413539117398948
22.75                                             0.22387657235329408
22.8                                              0.22361535266324742
22.85                                             0.22335167099103756
22.900000000000002                                0.223085458771608
22.95                                             0.22281663864237775
23                                                0.22254512314009312
23.05                                             0.2222708134694163
23.1                                              0.22199359838901978
23.150000000000002                                0.22171335324224822
23.2                                              0.22142993901285618
23.25                                             0.22114320150499758
23.3                                              0.22085297097739276
23.349999999999998                                0.22055906201963388
23.400000000000002                                0.22026127360439787
23.45                                             0.2199593893693818
23.5                                              0.2196531780971418
23.549999999999997                                0.2193423955880243
23.6                                              0.21902678618768104
23.65                                             0.21870608348901655
23.700000000000003                                0.218380013236428
23.75                                             0.21804829321620728
23.799999999999997                                0.21771064725978548
23.849999999999998                                0.2173667930697346
23.9                                              0.2170164540688281
23.95                                             0.2166593671531314
24                                                0.21629527092629663
24.049999999999997                                0.21592393828236692
24.099999999999998                                0.21554515230468257
24.15                                             0.21515872759095114
24.2                                              0.2147645087367142
24.25                                             0.21436237618063167
24.3                                              0.2139522501017996
24.349999999999998                                0.2135340940977578
24.4                                              0.21310791837852533
24.45                                             0.21267378234998804
24.5                                              0.21223179646857804
24.55                                             0.21178212325205123
24.6                                              0.21132497733715003
24.65                                             0.21086062448327253
24.7                                              0.21038937943912386
24.75                                             0.20991160260267416
24.8                                              0.209427695425611
24.85                                             0.20893809453649215
24.9                                              0.20844326458423998
24.95                                             0.20794368983374362
25                                                0.20743986458060537
25.05                                             0.2069322824898195
25.1                                              0.20642142500257438
25.150000000000002                                0.20590774899845254
25.2                                              0.20539167394197552
25.25                                             0.20487356878765792
25.3                                              0.20435373895725464
25.35                                             0.20383241374371405
25.400000000000002                                0.20330973452808954
25.45                                             0.20278574422399032
25.5                                              0.2022603783783152
25.55                                             0.2017334583668466
25.599999999999998                                0.2012046871157549
25.650000000000002                                0.20067364777082453
25.7                                              0.20013980570647202
25.75                                             0.1996025142101684
25.799999999999997                                0.19906102408308582
25.85                                             0.19851449729770712
25.9                                              0.19796202475854607
25.950000000000003                                0.19740264811863778
26                                                0.19683538552610044
26.05                                             0.19625926144507522
26.099999999999998                                0.1956733362844263
26.15                                             0.19507674542344994
26.2                                              0.1944687282387851
26.25                                             0.19384866409283644
26.299999999999997                                0.1932161195102916
26.349999999999998                                0.19257086899667097
26.4                                              0.19191294809218593
26.45                                             0.1912426446842075
26.5                                              0.19056054486846094
26.55                                             0.18986754359915353
26.599999999999998                                0.1891648464583665
26.65                                             0.188453966682248
26.7                                              0.1877367108297584
26.75                                             0.18701515271322608
26.8                                              0.18629159544685556
26.85                                             0.18556852129585769
26.9                                              0.18484852930023524
26.95                                             0.1841342612198468
27                                                0.1834283167924343
27.05                                             0.18273315987164612
27.1                                              0.18205101764451836
27.15                                             0.18138377567944775
27.2                                              0.18073287226718932
27.25                                             0.1800991962170121
27.3                                              0.17948299282775648
27.35                                             0.17888378323142326
27.400000000000002                                0.17830030262387006
27.45                                             0.17773046297160494
27.5                                              0.17717134555527067
27.55                                             0.17661922813024286
27.6                                              0.17606965051325255
27.65                                             0.17551752102706503
27.7                                              0.17495726446451929
27.749999999999996                                0.17438301011763024
27.8                                              0.1737888160783815
27.849999999999998                                0.17316892359235692
27.900000000000002                                0.17251803287846362
27.95                                             0.17183158967423137
28                                                0.17110606998013073
28.049999999999997                                0.1703392491857066
28.1                                              0.16953044103994913
28.15                                             0.16868069176891703
28.200000000000003                                0.1677929150222895
28.25                                             0.16687195426938406
28.3                                              0.16592456065542313
28.349999999999998                                0.16495927603580018
28.400000000000002                                0.16398621297867486
28.45                                             0.1630167260707549
28.500000000000004                                0.16206297205775128
28.549999999999997                                0.16113736055677733
28.6                                              0.1602519026217138
28.65                                             0.1594174712652364
28.700000000000003                                0.15864299721136763
28.75                                             0.1579346347298819
28.8                                              0.15729494488965273
28.849999999999998                                0.15672215691051122
28.899999999999995                                0.15620958141537172
28.95                                             0.1557452566842309
29.000000000000004                                0.15531190528335498
29.05                                             0.15488728684445294
29.099999999999998                                0.15444499583720525
29.15                                             0.15395571875976863
29.200000000000003                                0.15338895053768878
29.25                                             0.15271504851432016
29.299999999999997                                0.15190754005155332
29.35                                             0.15094551242254664
29.400000000000002                                0.149815864068339
29.45                                             0.14851524968904745
29.499999999999996                                0.1470515255848344
29.55                                             0.14544455327666925
29.600000000000005                                0.14372624427126965
29.650000000000002                                0.1419397879071279
29.699999999999996                                0.1401379863258895
29.75                                             0.13838065073726757
29.800000000000004                                0.1367309941680688
29.85                                             0.1352509555968738
29.9                                              0.13399542358515995
29.95                                             0.13300543536632717
29.999999999999996                                0.13230065209187977
30.05                                             0.13187177985234097
30.099999999999998                                0.13167409999850302
30.150000000000002                                0.13162378513518747
30.2                                              0.1315989887822115
30.25                                             0.13144750155358353
30.299999999999997                                0.13100180144294885
30.35                                             0.13010058582786835
30.4                                              0.12861379819271607
30.450000000000003                                0.12646659213942876
30.5                                              0.12365745526880881
30.55                                             0.12026713625078571
30.599999999999998                                0.11645749989721522
30.650000000000002                                0.11246176538203535
30.7                                              0.10856855327956307
30.750000000000004                                0.10510111381559747
30.799999999999997                                0.10239004640297257
30.85                                             0.10073340696832678
30.9                                              0.10033414628675802
30.950000000000003                                0.10120602907845384
31                                                0.10305516805607068
31.05                                             0.10518561121826443
31.099999999999998                                0.1065327385199811
31.149999999999995                                0.10592960864539859
31.2                                              0.10256897362973917
31.250000000000004                                0.09640179372185168
31.3                                              0.08819085074635924
31.349999999999998                                0.07922581590638568
31.4                                              0.07098134753666702
31.450000000000003                                0.06497744400497332
31.5                                              0.06288770039305636
31.549999999999997                                0.06658860782136017
31.6                                              0.07666960922710754
31.650000000000002                                0.08643001898253984
31.7                                              0.08157427446108967
31.749999999999996                                0.06381027227453649
31.8                                              0.04722691587228443
31.850000000000005                                0.0375063669001686
31.900000000000002                                0.04668978641568277
31.949999999999996                                0.04106439427547224
32                                                0.033884885789934524
32.050000000000004                                0.03641419748158753
32.1                                              0.04162705522294082
32.15                                             0.04870300637491532
32.2                                              0.057361338646051044
32.25                                             0.06745588579523423
32.300000000000004                                0.07889244596885174
32.35                                             0.09160089947820188
32.4                                              0.10552270512989335
32.449999999999996                                0.12060429074223301
32.5                                              0.13679320574155682
32.55                                             0.15403576101002847
32.6                                              0.17227555867716626
32.65                                             0.19145260304937511
32.7                                              0.21150282032737608
32.75                                             0.23235788400673552
32.800000000000004                                0.25394527990346477
32.85                                             0.2761885647544631
32.9                                              0.2990077831170384
32.949999999999996                                0.3223200130667477
33                                                0.3460400141887304
33.05                                             0.3700809528828637
33.1                                              0.39435518089503235
33.15                                             0.4187750437508447
33.2                                              0.4432536967201882
33.25                                             0.4677059072519957
33.300000000000004                                0.49204882454008747
33.35                                             0.516202699042723
33.4                                              0.5400915372872853
33.45                                             0.5636436800928778
33.5                                              0.586792295339066
33.55                                             0.6094757794434266
33.599999999999994                                0.6316380646909177
33.65                                             0.6532288323507982
33.7                                              0.6742036340381059
33.75                                             0.694523925984254
33.8                                              0.7141570227106337
33.85                                             0.7330759779843743
33.900000000000006                                0.7512594018503682
33.95                                             0.7686912231340338
34                                                0.7853604070686413
34.05                                             0.8012606376164798
34.1                                              0.8163899736700895
34.15                                             0.8307504877496692
34.199999999999996                                0.8443478950699805
34.25                                             0.8571911799322213
34.300000000000004                                0.8692922254799005
34.35                                             0.8806654522193406
34.4                                              0.8913274696011221
34.45                                             0.9012967438714156
34.50000000000001                                 0.9105932848194184
34.550000000000004                                0.9192383534570289
34.6                                              0.9272541921171944
34.65                                             0.9346637754419517
34.7                                              0.94149058301789
34.75                                             0.9477583999656837
34.8                                              0.9534911353717972
34.85                                             0.9587126606328511
34.900000000000006                                0.9634466687050807
34.95                                             0.967716562721246
35                                                0.9715453305149818
35.050000000000004                                0.9749554701911918
35.1                                              0.977968916345873
35.15                                             0.9806069895477401
35.199999999999996                                0.9828903051925875
35.24999999999999                                 0.9848388157793969
35.3                                              0.9864716859077763
35.35                                             0.9878073528902617
35.4                                              0.9888634766293312
35.449999999999996                                0.9896569429533822
35.5                                              0.9902038641935649
35.550000000000004                                0.990519584749209
35.6                                              0.9906186908425554
35.65                                             0.9905150238059465
35.7                                              0.9902216963193545
35.75                                             0.9897511110807808
35.8                                              0.9891149814510964
35.849999999999994                                0.9883243536687614
35.9                                              0.987389630279348
35.95                                             0.986320594469375
36                                                0.9851264350346468
36.05                                             0.9838157717492818
36.1                                              0.9823966809342946
36.150000000000006                                0.9808767210527224
36.2                                              0.9792629581841851
36.25                                             0.9775619912538259
36.3                                              0.9757799769101453
36.35                                             0.9739226539637506
36.4                                              0.9719953673135894
36.449999999999996                                0.9700030913005077
36.5                                              0.9679504524392426
36.550000000000004                                0.9658417514887878
36.6                                              0.9636809848305864
36.65                                             0.9614718651289946
36.7                                              0.9592178412563024
36.75000000000001                                 0.956922117467728
36.800000000000004                                0.9545876718174744
36.849999999999994                                0.952217273810693
36.9                                              0.9498135012907821
36.95                                             0.947378756566182
37                                                0.9449152817818434
37.05                                             0.942425173537792
37.1                                              0.9399103967496153
37.150000000000006                                0.9373727977462463
37.2                                              0.9348141166100461
37.25                                             0.9322359987769963
37.300000000000004                                0.929640005917424
37.35                                             0.9270276261117889
37.4                                              0.9244002833262897
37.449999999999996                                0.9217593461710119
37.49999999999999                                 0.9191061352273235
37.55                                             0.9164419327482637
37.6                                              0.9137679849192111
37.65                                             0.9110855131970143
37.699999999999996                                0.9083957187970266
37.75                                             0.905699785183931
37.800000000000004                                0.9029988835381679
37.85                                             0.9002941758234358
37.9                                              0.8975868140159519
37.95                                             0.8948779572084017
38                                                0.8921687553861463
38.05                                             0.8894603610683596
38.099999999999994                                0.8867539283040153
38.15                                             0.8840506131911937
38.2                                              0.8813515736269539
38.25                                             0.8786579690358975
38.3                                              0.8759709597771265
38.35                                             0.8732917058885243
38.400000000000006                                0.8706213655220504
38.45                                             0.8679610930744895
38.5                                              0.8653120370098475
38.55                                             0.8626753373844546
38.6                                              0.8600521230993662
38.65                                             0.8574435089433643
38.699999999999996                                0.8548505924510679
38.75                                             0.8522744505698167
38.800000000000004                                0.8497161361734004
38.85                                             0.8471766744652018
38.9                                              0.8446570593006403
38.95                                             0.8421582494567422
39.00000000000001                                 0.8396811648760244
39.050000000000004                                0.8372266829083537
39.099999999999994                                0.8347956345723255
39.15                                             0.8323888008661336
39.2                                              0.8300069091718575
39.25                                             0.827650629796202
39.3                                              0.8253205726733386
39.35                                             0.8230172842426793
39.400000000000006                                0.8207412445157751
39.45                                             0.8184928643535561
39.5                                              0.8162724829799937
39.550000000000004                                0.8140803657563667
39.6                                              0.8119167022398184
39.65                                             0.809781604549412
39.699999999999996                                0.8076751060690646
39.75                                             0.8055971605148547
39.8                                              0.8035476413607733
39.85                                             0.8015263415737391
39.9                                              0.7995329736518123
39.949999999999996                                0.7975671700516387
40                                                0.7956284840603366
40.050000000000004                                0.7937163910861179
40.1                                              0.7918302903344361
40.15                                             0.7899695068704611
40.2                                              0.7881332940844489
40.25                                             0.7863208365469013
40.3                                              0.7845312530900901
40.349999999999994                                0.7827635999457336
40.4                                              0.7810168745083433
40.45                                             0.779290020063846
40.5                                              0.7775819305238324
40.55                                             0.7758914550396849
40.6                                              0.7742174029314429
40.650000000000006                                0.7725585489855676
40.7                                              0.7709136393453453
40.75                                             0.7692813985746084
40.8                                              0.7676605341128997
40.85                                             0.7660497396299799
40.9                                              0.7644477049048816
40.949999999999996                                0.7628531223820068
41                                                0.7612646924433001
41.050000000000004                                0.7596811289438256
41.1                                              0.7581011722710951
41.15                                             0.7565235863646237
41.2                                              0.7549471655424792
41.25000000000001                                 0.7533707447705981
41.300000000000004                                0.7517932282469132
41.349999999999994                                0.7502135276630364
41.4                                              0.7486306387346363
41.45                                             0.7470436357261885
41.5                                              0.745451633754037
41.55                                             0.7438538353176808
41.6                                              0.7422495189683183
41.650000000000006                                0.7406380457032398
41.7                                              0.7390188629396698
41.75                                             0.7373915080043136
41.800000000000004                                0.7357556111802488
41.85                                             0.7341108982970201
41.9                                              0.732457192845967
41.949999999999996                                0.7307944176036666
42                                                0.7291225957485589
42.050000000000004                                0.7274418514582285
42.1                                              0.7257524099776596
42.15                                             0.724054597150731
42.199999999999996                                0.7223488384112429
42.25                                             0.7206356572310494
42.300000000000004                                0.7189156730274721
42.35                                             0.7171895985340861
42.4                                              0.7154582366429806
42.45                                             0.713722476728652
42.5                                              0.711983290467569
42.55                                             0.7102417271693637
42.599999999999994                                0.7084989086403134
42.65                                             0.7067560236002941
42.7                                              0.705014321679053
42.75                                             0.7032751070192234
42.8                                              0.701539731516344
42.85                                             0.6998095877281719
42.900000000000006                                0.6980861014882458
42.95                                             0.6963707242603241
43                                                0.6946649252720799
43.05                                             0.6929701834681729
43.1                                              0.6912879793250126
43.15                                             0.6896197865685725
43.199999999999996                                0.6879670638399412
43.25                                             0.6863312463515892
43.300000000000004                                0.6847137375790575
43.35                                             0.6831159010316843
43.4                                              0.6815390521475708
43.45                                             0.6799844503583532
43.50000000000001                                 0.6784532913690194
43.550000000000004                                0.6769466996965945
43.599999999999994                                0.6754657215091617
43.65                                             0.6740113178041045
43.7                                              0.6725843579635019
43.75                                             0.6711856137242328
43.8                                              0.6698157535965009
43.85                                             0.6684753377532451
43.900000000000006                                0.6671648159169642
43.95                                             0.6658845119037611
44                                                0.664634640379101
44.050000000000004                                0.6634152923032527
44.1                                              0.662226424367212
44.15                                             0.6610678715612416
44.199999999999996                                0.659939340870606
44.25                                             0.6588404103890283
44.300000000000004                                0.657770531237985
44.35                                             0.6567290286915379
44.4                                              0.6557151007641268
44.449999999999996                                0.6547278247142803
44.5                                              0.6537661583618419
44.550000000000004                                0.652828944161212
44.6                                              0.6519149137471288
44.65                                             0.6510226931258284
44.7                                              0.6501508084381941
44.75                                             0.649297692371123
44.8                                              0.6484616911809683
44.849999999999994                                0.6476410722607382
44.9                                              0.6468340322351819
44.95                                             0.6460387055540194
45                                                0.6452531735412689
45.05                                             0.644475473848687
45.1                                              0.6437036102678556
45.150000000000006                                0.6429355628825093
45.2                                              0.6421692985139495
45.25                                             0.6414027813721328
45.3                                              0.6406339838604052
45.35                                             0.6398608974920591
45.4                                              0.6390815438627336
45.449999999999996                                0.6382939856176463
45.5                                              0.6374963373515943
45.550000000000004                                0.6366867763789104
45.6                                              0.6358635533075928
45.65                                             0.6350250023526268
45.7                                              0.6341695513245067
45.75000000000001                                 0.6332957312358279
45.800000000000004                                0.6324021854768308
45.849999999999994                                0.6314876785113994
45.9                                              0.6305511040380365
45.95                                             0.6295914925531074
46                                                0.6286080182554301
46.05                                             0.6276000052396409
46.1                                              0.6265669329345053
46.150000000000006                                0.625508440747362
46.2                                              0.6244243318780821
46.25                                             0.6233145762706407
46.300000000000004                                0.6221793126753397
46.35                                             0.6210188498032481
46.4                                              0.61983366655909
46.449999999999996                                0.6186244113277612
46.5                                              0.6173919002766688
46.550000000000004                                0.6161371146552332
46.6                                              0.6148611971185102
46.65                                             0.6135654471090688
46.7                                              0.6122513153048248
46.75000000000001                                 0.6109203971327747
46.800000000000004                                0.6095744253603077
46.85                                             0.6082152617876075
46.9                                              0.6068448880627003
46.95                                             0.6054653956225465
47                                                0.604078974772634
47.05                                             0.6026879030843751
47.099999999999994                                0.601294533384136
47.15                                             0.5999012811086335
47.2                                              0.5985106107394751
47.25                                             0.5971250216501108
47.3                                              0.595747033623915
47.35                                             0.5943791720205808
47.400000000000006                                0.593023952575824
47.45                                             0.5916838661804343
47.5                                              0.5903613651928182
47.55                                             0.5890588492886484
47.6                                              0.5877786442830867
47.65                                             0.5865229874548153
47.699999999999996                                0.5852940163047983
47.75                                             0.5840937534468491
47.800000000000004                                0.5829240914965261
47.85                                             0.5817867780408419
47.9                                              0.5806834076235937
47.95                                             0.5796154082229713
48.00000000000001                                 0.5785840202667321
48.050000000000004                                0.5775902964929602
48.099999999999994                                0.5766350871576054
48.15                                             0.5757190435450671
48.2                                              0.5748425993156964
48.25                                             0.5740058956332872
48.3                                              0.5732090241345855
48.35                                             0.5724516663891723
48.400000000000006                                0.5717333519722113
48.45                                             0.5710533693059067
48.5                                              0.5704107755267054
48.550000000000004                                0.569804399878571
48.6                                              0.5692328481516968
48.65                                             0.5686945085838182
48.699999999999996                                0.5681875592770912
48.74999999999999                                 0.5677099771222397
48.800000000000004                                0.5672595481990993
48.85                                             0.5668338796067266
48.9                                              0.5664304126656289
48.949999999999996                                0.5660464374211303
49.00000000000001                                 0.5656791083667216
49.050000000000004                                0.5653254612952717
49.1                                              0.5649824311778708
49.15                                             0.564646870957294
49.2                                              0.5643155711400337
49.25                                             0.563985280059362
49.3                                              0.5636527246786497
49.349999999999994                                0.5633146317956707
49.400000000000006                                0.5629677495087749
49.45                                             0.5626088687981075
49.5                                              0.5622348450751985
49.55                                             0.5618426195533165
49.60000000000001                                 0.5614292402892297
49.650000000000006                                0.5609918827487748
49.7                                              0.5605278697507311
49.75                                             0.5600346906445957
49.800000000000004                                0.5595100195830536
49.85                                             0.5589517327532558
49.9                                              0.5583579244365213
49.949999999999996                                0.5577269217720129
50.00000000000001                                 0.5570572981067861
