20                                                0.22372951500347527
20.05                                             0.2235022367176355
20.1                                              0.22327578323134606
20.15                                             0.22305016982379575
20.2                                              0.2228254074853348
20.25                                             0.22260150272084497
20.3                                              0.22237845737943338
20.35                                             0.22215626850472672
20.4                                              0.22193492818506358
20.45                                             0.22171442338272618
20.5                                              0.22149473575744955
20.55                                             0.2212758415302671
20.6                                              0.22105771141497815
20.650000000000002                                0.2208403106041469
20.7                                              0.2206235987875139
20.75                                             0.22040753031970026
20.8                                              0.22019205184615304
20.85                                             0.21997710973692705
20.900000000000002                                0.21976264230997988
20.95                                             0.2195485818432816
21                                                0.21933485856196913
21.05                                             0.21912140179451386
21.099999999999998                                0.21890810364431373
21.150000000000002                                0.2186949179433733
21.2                                              0.21848174009333726
21.249999999999996                                0.21826848059615453
21.299999999999997                                0.21805504660262187
21.349999999999998                                0.2178413430713043
21.4                                              0.21762727327970666
21.45                                             0.21741273925312468
21.5                                              0.2171976424289667
21.549999999999997                                0.21698188419633838
21.599999999999998                                0.21676536642115987
21.65                                             0.2165479919650221
21.7                                              0.21632966520219868
21.75                                             0.21611029255616
21.799999999999997                                0.2158897829905648
21.849999999999998                                0.21566804843728657
21.9                                              0.21544500419317933
21.95                                             0.21522056926704405
22                                                0.21499466665938274
22.05                                             0.2147672235660876
22.099999999999998                                0.21453817150056534
22.15                                             0.21430744633032195
22.2                                              0.21407498822432086
22.25                                             0.21384074149818433
22.3                                              0.2136046543456505
22.35                                             0.2133666784519989
22.4                                              0.21312676849329446
22.45                                             0.21288488152339025
22.5                                              0.21264097624988273
22.55                                             0.2123950122013111
22.6                                              0.21214694879036913
22.65                                             0.21189674428054786
22.7                                              0.21164435465906903
22.75                                             0.21138973242243073
22.8                                              0.21113282530305813
22.85                                             0.21087357497442752
22.900000000000002                                0.21061191574274574
22.95                                             0.21034777323191683
23                                                0.21008106309079902
23.05                                             0.2098116897578501
23.1                                              0.20953954531176489
23.150000000000002                                0.20926450842333266
23.2                                              0.20898644345207648
23.25                                             0.20870519978211513
23.3                                              0.2084206113659749
23.349999999999998                                0.2081324964660205
23.400000000000002                                0.2078406576605614
23.45                                             0.20754488210069408
23.5                                              0.2072449423907319
23.549999999999997                                0.206940598596602
23.6                                              0.20663159803812586
23.65                                             0.20631767727364114
23.700000000000003                                0.20599856537584288
23.75                                             0.20567398233486692
23.799999999999997                                0.20534365507004051
23.849999999999998                                0.2050073017392074
23.9                                              0.2046646495996108
23.95                                             0.20431543551011638
24                                                0.20395940314511413
24.049999999999997                                0.20359632119693002
24.099999999999998                                0.20322597415333438
24.15                                             0.20284817595917162
24.2                                              0.20246277008348498
24.25                                             0.20206963520295573
24.3                                              0.2016686891245346
24.349999999999998                                0.20125989246892584
24.4                                              0.20084325187277777
24.45                                             0.2004188225866396
24.5                                              0.19998671035116608
24.55                                             0.19954707243986947
24.6                                              0.19910011775939168
24.65                                             0.1986461059084309
24.7                                              0.1981853451088847
24.75                                             0.1977181889394758
24.8                                              0.19724503182342312
24.85                                             0.1967663032433137
24.9                                              0.19628246068471467
24.95                                             0.19579398134007528
25                                                0.19530135263829654
25.05                                             0.1948050617032918
25.1                                              0.1943055838841694
25.150000000000002                                0.19380337054127042
25.2                                              0.19329883631568026
25.25                                             0.1927923461519659
25.3                                              0.19228420238645696
25.35                                             0.19177463225134714
25.400000000000002                                0.19126377617874019
25.45                                             0.1907516773154482
25.5                                              0.1902382726760819
25.55                                             0.18972338636792016
25.599999999999998                                0.18920672531483057
25.650000000000002                                0.18868787789466857
25.7                                              0.18816631587730678
25.75                                             0.1876414000011213
25.799999999999997                                0.18711238943730688
25.85                                             0.18657845528643824
25.9                                              0.18603869814906818
25.950000000000003                                0.1854921697160516
26                                                0.18493789824993662
26.05                                             0.18437491815296395
26.099999999999998                                0.18380229938461923
26.15                                             0.1832191880075729
26.2                                              0.1826248285064244
26.25                                             0.1820186098566688
26.299999999999997                                0.18140010229369388
26.349999999999998                                0.18076908676595824
26.4                                              0.18012558312684182
26.45                                             0.17946989837910346
26.5                                              0.1788026051454606
26.55                                             0.17812459102525222
26.599999999999998                                0.1774370508952858
26.65                                             0.1767414839956297
26.7                                              0.17603967938490653
26.75                                             0.1753336900721263
26.8                                              0.17462579532786
26.85                                             0.17391845078432533
26.9                                              0.1732142265152355
26.95                                             0.17251573361969064
27                                                0.1718255403248372
27.05                                             0.17114607919640099
27.1                                              0.17047954757543488
27.15                                             0.16982780398305544
27.2                                              0.1691922639841522
27.25                                             0.1685737995913782
27.3                                              0.1679726468464738
27.35                                             0.1673883267027843
27.400000000000002                                0.16681958463752047
27.45                                             0.16626435449350788
27.5                                              0.1657197518244592
27.55                                             0.1651821014490177
27.6                                              0.16464700295512105
27.65                                             0.16410943652376342
27.7                                              0.16356390969617052
27.749999999999996                                0.16300464363467243
27.8                                              0.16242579510954802
27.849999999999998                                0.16182170802662307
27.900000000000002                                0.16118718594561077
27.95                                             0.1605177748937244
28                                                0.15981004399956697
28.049999999999997                                0.15906185016937086
28.1                                              0.15827257227935893
28.15                                             0.1574433002441024
28.200000000000003                                0.15657696487101694
28.25                                             0.15567839540564207
28.3                                              0.1547542930166521
28.349999999999998                                0.1538131102891292
28.400000000000002                                0.15286482903952572
28.45                                             0.15192063141020642
28.500000000000004                                0.15099246237813688
28.549999999999997                                0.15009248590105156
28.6                                              0.14923244275063874
28.65                                             0.1484229248907107
28.700000000000003                                0.1476725889189271
28.75                                             0.14698734279727632
28.8                                              0.1463695526233919
28.849999999999998                                0.1458173284564249
28.899999999999995                                0.14532396045666962
28.95                                             0.14487758459078692
29.000000000000004                                0.14446115438092574
29.05                                             0.1440527978791584
29.099999999999998                                0.14362661085804423
29.15                                             0.14315390043277662
29.200000000000003                                0.14260486621330934
29.25                                             0.14195065657132885
29.299999999999997                                0.14116559415672847
29.35                                             0.14022954176140925
29.400000000000002                                0.13913011569537684
29.45                                             0.13786454400350207
29.499999999999996                                0.13644109464556736
29.55                                             0.13487978579325186
29.600000000000005                                0.1332123857079361
29.650000000000002                                0.13148157221462617
29.699999999999996                                0.12973922045838027
29.75                                             0.1280437731952952
29.800000000000004                                0.12645664638743706
29.85                                             0.12503762217655448
29.9                                              0.1238392131765308
29.95                                             0.12290008341003282
29.999999999999996                                0.12223782269811934
30.05                                             0.12184171986907222
30.099999999999998                                0.12166664954121642
30.150000000000002                                0.12162967913485916
30.2                                              0.12161130879677001
30.25                                             0.12146308191893984
30.299999999999997                                0.12102238422189424
30.35                                             0.1201335621293214
30.4                                              0.1186724458267511
30.450000000000003                                0.11656977597838608
30.5                                              0.11382876133857077
30.55                                             0.11053336779048778
30.599999999999998                                0.10684641838319524
30.650000000000002                                0.10299896673326854
30.7                                              0.09927346435684291
30.750000000000004                                0.09598229538948837
30.799999999999997                                0.09344032762012108
30.85                                             0.09192590883149547
30.9                                              0.09162098235685551
30.950000000000003                                0.09252213021155238
31                                                0.09432942514094399
31.05                                             0.09635914794380536
31.099999999999998                                0.09757965909554875
31.149999999999995                                0.09687243564780318
31.2                                              0.09348328474824247
31.250000000000004                                0.087409530960665
31.3                                              0.0794430377556503
31.349999999999998                                0.07087510916972876
31.4                                              0.06314669694536536
31.450000000000003                                0.057701228792601186
31.5                                              0.05607608606110945
31.549999999999997                                0.05992448813500928
31.6                                              0.0695711318913243
31.650000000000002                                0.07838658921782116
31.7                                              0.07288749081465637
31.749999999999996                                0.05553166110666913
31.8                                              0.040174107720127986
31.850000000000005                                0.03197965253778875
31.900000000000002                                0.0424503745007264
31.949999999999996                                0.03435566865405487
32                                                0.029492000800488433
32.050000000000004                                0.03295011469830117
32.1                                              0.038717953771053394
32.15                                             0.046124830132137515
32.2                                              0.05493606523172432
32.25                                             0.06502555700879077
32.300000000000004                                0.07630999607923229
32.35                                             0.08872640007428953
32.4                                              0.10222186939253265
32.449999999999996                                0.11674810061206152
32.5                                              0.1322581648418696
32.55                                             0.14870451834714243
32.6                                              0.1660377529005926
32.65                                             0.1842058272795365
32.7                                              0.20315363390182353
32.75                                             0.22282281277677835
32.800000000000004                                0.24315175671386483
32.85                                             0.26407576930715343
32.9                                              0.2855273470555837
32.949999999999996                                0.3074365625397396
33                                                0.32973152868138805
33.05                                             0.35233892583036935
33.1                                              0.375184574440127
33.15                                             0.39819403681801807
33.2                                              0.42129323214211023
33.25                                             0.4444090497775809
33.300000000000004                                0.46746994697274313
33.35                                             0.49040651829845117
33.4                                              0.513152025687375
33.45                                             0.5356428796236031
33.5                                              0.557819063903451
33.55                                             0.5796244983203142
33.599999999999994                                0.6010073355901367
33.65                                             0.6219201907265444
33.7                                              0.6423203028616231
33.75                                             0.6621696311447144
33.8                                              0.6814348877851932
33.85                                             0.7000875124724484
33.900000000000006                                0.7181035932975697
33.95                                             0.7354637400122634
34                                                0.752152915931353
34.05                                             0.7681602350046633
34.1                                              0.7834787305796153
34.15                                             0.79810510221877
34.199999999999996                                0.8120394466234466
34.25                                             0.8252849782787683
34.300000000000004                                0.8378477449450344
34.35                                             0.8497363426373455
34.4                                              0.860961634063025
34.45                                             0.8715364738612272
34.50000000000001                                 0.8814754435099189
34.550000000000004                                0.890794598441906
34.6                                              0.8995112298064709
34.65                                             0.9076436381884914
34.7                                              0.9152109201468419
34.75                                             0.9222327822994708
34.8                                              0.9287293648043765
34.85                                             0.9347210790912348
34.900000000000006                                0.9402284624633674
34.95                                             0.9452720555193683
35                                                0.9498722808782828
35.050000000000004                                0.9540493429139196
35.1                                              0.9578231382867584
35.15                                             0.9612132209641506
35.199999999999996                                0.9642386359451468
35.24999999999999                                 0.9669180252606013
35.3                                              0.9692693984275215
35.35                                             0.9713102525427216
35.4                                              0.9730574678145444
35.449999999999996                                0.9745273041435674
35.5                                              0.9757353868746718
35.550000000000004                                0.9766966982600007
35.6                                              0.9774255738298575
35.65                                             0.9779357030540438
35.7                                              0.9782401337384837
35.75                                             0.9783512796525194
35.8                                              0.9782809309292252
35.849999999999994                                0.9780402668247253
35.9                                              0.977639870463388
35.95                                             0.9770897452341346
36                                                0.9763993325389595
36.05                                             0.9755775306276305
36.1                                              0.9746327142829199
36.150000000000006                                0.9735727551475286
36.2                                              0.9724050425090006
36.25                                             0.9711365043809482
36.3                                              0.9697736287388284
36.35                                             0.9683224847867106
36.4                                              0.9667887441472516
36.449999999999996                                0.9651777018812665
36.5                                              0.963494297256221
36.550000000000004                                0.9617431341933279
36.6                                              0.9599285013335866
36.65                                             0.9580543916705195
36.7                                              0.9561245217058681
36.75000000000001                                 0.9541423500899975
36.800000000000004                                0.9521110957156802
36.849999999999994                                0.9500337552386898
36.9                                              0.9479131200048924
36.95                                             0.9457517923682704
37                                                0.9435522013867365
37.05                                             0.9413166178810919
37.1                                              0.9390471688381036
37.150000000000006                                0.9367458511415692
37.2                                              0.9344145446251474
37.25                                             0.9320550244523864
37.300000000000004                                0.9296689728305575
37.35                                             0.927257990059558
37.4                                              0.924823604906778
37.449999999999996                                0.9223672842663023
37.49999999999999                                 0.9198904430459561
37.55                                             0.9173944475957838
37.6                                              0.9148806315504868
37.65                                             0.9123503008841686
37.699999999999996                                0.9098047344493919
37.75                                             0.9072451954994329
37.800000000000004                                0.904672935057009
37.85                                             0.9020891931342223
37.9                                              0.8994952090927714
37.95                                             0.8968922234305441
38                                                0.8942814751079714
38.05                                             0.8916642090531235
38.099999999999994                                0.8890416763555735
38.15                                             0.886415135398278
38.2                                              0.883785852269344
38.25                                             0.881155100994828
38.3                                              0.8785241632961984
38.35                                             0.8758943277299793
38.400000000000006                                0.8732668884494514
38.45                                             0.8706431435894478
38.5                                              0.8680243932842352
38.55                                             0.865411937320505
38.6                                              0.8628070724293795
38.65                                             0.8602110893182253
38.699999999999996                                0.857625269490987
38.75                                             0.85505088180377
38.800000000000004                                0.8524891787870876
38.85                                             0.8499413927938567
38.9                                              0.8474087320083682
38.95                                             0.8448923763439398
39.00000000000001                                 0.8423934732605585
39.050000000000004                                0.8399131335338466
39.099999999999994                                0.8374524270073467
39.15                                             0.8350123783584292
39.2                                              0.8325939629094399
39.25                                             0.830198102517308
39.3                                              0.8278256615711467
39.35                                             0.8254774431254724
39.400000000000006                                0.8231541851978316
39.45                                             0.8208565572600798
39.5                                              0.8185851569519309
39.550000000000004                                0.8163405070434762
39.6                                              0.8141230526759772
39.65                                             0.8119331589111195
39.699999999999996                                0.8097711086172859
39.75                                             0.8076371006954964
39.8                                              0.8055312486038404
39.85                                             0.8034535791643321
39.9                                              0.8014040317581654
39.949999999999996                                0.7993824580278165
40                                                0.7973886220524606
40.050000000000004                                0.7954222009168688
40.1                                              0.7934827856644087
40.15                                             0.791569882669946
40.2                                              0.7896829154595753
40.25                                             0.787821226936398
40.3                                              0.7859840817877818
40.349999999999994                                0.7841706690036061
40.4                                              0.782380105392219
40.45                                             0.7806114401591233
40.5                                              0.7788636591768372
40.55                                             0.7771356891413281
40.6                                              0.7754264022205146
40.650000000000006                                0.773734621171792
40.7                                              0.7720591253502955
40.75                                             0.7703986588410424
40.8                                              0.7687519339636781
40.85                                             0.7671176319892986
40.9                                              0.7654944161432105
40.949999999999996                                0.7638809387822977
41                                                0.7622758459795821
41.050000000000004                                0.7606777831306872
41.1                                              0.7590854134471546
41.15                                             0.7574974056595922
41.2                                              0.7559124459340777
41.25000000000001                                 0.7543292505813252
41.300000000000004                                0.7527466016009059
41.349999999999994                                0.7511632668786057
41.4                                              0.7495780971742059
41.45                                             0.7479900013759848
41.5                                              0.746397937454672
41.55                                             0.7448009344020402
41.6                                              0.7431980928258487
41.650000000000006                                0.7415885907881111
41.7                                              0.7399716886940166
41.75                                             0.7383467337723632
41.800000000000004                                0.7367131641386093
41.85                                             0.735070512415771
41.9                                              0.7334184088884765
41.949999999999996                                0.7317565841670316
42                                                0.7300848713418013
42.050000000000004                                0.7284032076097846
42.1                                              0.7267116353595519
42.15                                             0.725010302701194
42.199999999999996                                0.7232994634321959
42.25                                             0.7215794764322357
42.300000000000004                                0.7198508044832148
42.35                                             0.718114012514286
42.4                                              0.7163697652748499
42.45                                             0.7146188244413185
42.5                                              0.7128620451674602
42.55                                             0.7111003720906136
42.599999999999994                                0.7093348348096457
42.65                                             0.7075665428533842
42.7                                              0.7057966801617018
42.75                                             0.704026499103769
42.8                                              0.7022573140616415
42.85                                             0.7004904946090623
42.900000000000006                                0.6987274583190322
42.95                                             0.6969696632352188
43                                                0.6952186000451014
43.05                                             0.6934757839944624
43.1                                              0.6917427465848075
43.15                                             0.6900210270967816
43.199999999999996                                0.6883121639837374
43.25                                             0.6866176861806121
43.300000000000004                                0.6849391043742401
43.35                                             0.6832779022817265
43.4                                              0.681635527985104
43.45                                             0.6800133853702431
43.50000000000001                                 0.6784128257182663
43.550000000000004                                0.6768351394951616
43.599999999999994                                0.6752815483842517
43.65                                             0.6737531976049939
43.7                                              0.6722511485623457
43.75                                             0.6707763718708708
43.8                                              0.6693297408051565
43.85                                             0.6679120253061201
43.900000000000006                                0.6665238752382265
43.95                                             0.6651658672137741
44                                                0.6638384015885802
44.050000000000004                                0.6625417925592928
44.1                                              0.6612762160305609
44.15                                             0.6600417247925258
44.199999999999996                                0.6588382381490572
44.25                                             0.6576655432180749
44.300000000000004                                0.6565232964262925
44.35                                             0.6554110179786977
44.4                                              0.6543280982701744
44.449999999999996                                0.6532737969054774
44.5                                              0.6522472449946852
44.550000000000004                                0.651247448162319
44.6                                              0.6502732902343336
44.65                                             0.6493235376881096
44.7                                              0.6483968444467627
44.75                                             0.6474917575276735
44.8                                              0.6466067234845105
44.849999999999994                                0.6457400953787883
44.9                                              0.6448901403371312
44.95                                             0.6440550476870215
45                                                0.6432329376311866
45.05                                             0.642421870404778
45.1                                              0.6416198558616358
45.150000000000006                                0.6408248634891301
45.2                                              0.6400348328225814
45.25                                             0.6392476841560562
45.3                                              0.6384613294861146
45.35                                             0.6376736836535766
45.4                                              0.6368826756312163
45.449999999999996                                0.6360862598946098
45.5                                              0.6352824278121181
45.550000000000004                                0.6344692189882928
45.6                                              0.6336447324933707
45.65                                             0.6328071379144676
45.7                                              0.6319546861682891
45.75000000000001                                 0.6310857200177719
45.800000000000004                                0.6301986842314942
45.849999999999994                                0.6292921353214381
45.9                                              0.6283647507927288
45.95                                             0.6274153378409024
46                                                0.6264428414366214
46.05                                             0.6254463517441391
46.1                                              0.624425110824054
46.150000000000006                                0.623378518574056
46.2                                              0.6223061378649845
46.25                                             0.6212076988342259
46.300000000000004                                0.6200831023055818
46.35                                             0.6189324223072484
46.4                                              0.6177559076498094
46.449999999999996                                0.6165539825068648
46.5                                              0.6153272459559697
46.550000000000004                                0.6140764705052343
46.6                                              0.612802599661404
46.65                                             0.6115067445411294
46.7                                              0.6101901794873635
46.75000000000001                                 0.6088543366749357
46.800000000000004                                0.6075007997219662
46.85                                             0.6061312963363348
46.9                                              0.6047476900159203
46.95                                             0.6033519707806599
47                                                0.6019462448864206
47.05                                             0.6005327237022782
47.099999999999994                                0.5991137122587185
47.15                                             0.5976915972722964
47.2                                              0.5962688339771949
47.25                                             0.5948479320853615
47.3                                              0.5934314413531158
47.35                                             0.5920219367792697
47.400000000000006                                0.590622003438525
47.45                                             0.5892342213069259
47.5                                              0.5878611507526287
47.55                                             0.5865053157975075
47.6                                              0.5851691843701115
47.65                                             0.5838551553226285
47.699999999999996                                0.5825655443942022
47.75                                             0.5813025675429391
47.800000000000004                                0.5800683243831318
47.85                                             0.5788647772045292
47.9                                              0.57769375515707
47.95                                             0.5765569456635237
48.00000000000001                                 0.5754558330986247
48.050000000000004                                0.574391728366834
48.099999999999994                                0.5733657316542807
48.15                                             0.572378827689343
48.2                                              0.5714316627392156
48.25                                             0.5705247058425245
48.3                                              0.5696582659898587
48.35                                             0.5688323384200837
48.400000000000006                                0.5680467181539506
48.45                                             0.5673009586555302
48.5                                              0.5665943751871282
48.550000000000004                                0.5659260461355912
48.6                                              0.5652948156993884
48.65                                             0.5646992981385704
48.699999999999996                                0.5641378836192223
48.74999999999999                                 0.5636087456473923
48.800000000000004                                0.5631098500718958
48.85                                             0.5626389656193058
48.9                                              0.562193675913681
48.949999999999996                                0.5617713929194617
49.00000000000001                                 0.5613693717353198
49.050000000000004                                0.5609847266544997
49.1                                              0.5606144483967402
49.15                                             0.5602554224070327
49.2                                              0.5599044481066966
49.25                                             0.5595582589742554
49.3                                              0.5592135433259418
49.349999999999994                                0.5588669656590041
49.400000000000006                                0.558515188415988
49.45                                             0.5581548940231646
49.5                                              0.5577828070534362
49.55                                             0.5573957163615435
49.60000000000001                                 0.5569904970380494
49.650000000000006                                0.5565641320289901
49.7                                              0.5561137332678722
49.75                                             0.5556365621697623
49.800000000000004                                0.5551300493390795
49.85                                             0.5545918133464078
49.9                                              0.5540196784347953
49.949999999999996                                0.5534116910206557
50.00000000000001                                 0.5527661348615199
