20                                                0.25735220001817377
20.05                                             0.25713619756664274
20.1                                              0.2569211737309601
20.15                                             0.2567071385864344
20.2                                              0.256494097731597
20.25                                             0.25628205209754407
20.3                                              0.25607099777000275
20.35                                             0.25586092582315184
20.4                                              0.2556518221681149
20.45                                             0.2554436674210338
20.5                                              0.2552364367983628
20.55                                             0.255030100041604
20.6                                              0.2548246213692271
20.650000000000002                                0.25461995945467236
20.7                                              0.25441606743549344
20.75                                             0.2542128930713284
20.8                                              0.2540103769479069
20.85                                             0.2538084581067104
20.900000000000002                                0.2536070689294745
20.95                                             0.25340613431203557
21                                                0.25320557726180454
21.05                                             0.25300531485319344
21.099999999999998                                0.25280525562258466
21.150000000000002                                0.2526053203293131
21.2                                              0.25240540738485767
21.249999999999996                                0.2522054207075511
21.299999999999997                                0.2520052606830088
21.349999999999998                                0.2518048254759594
21.4                                              0.251604011450588
21.45                                             0.25140271366147804
21.5                                              0.2512008264784241
21.549999999999997                                0.25099824407893445
21.599999999999998                                0.25079486094834225
21.65                                             0.25059057238465293
21.7                                              0.2503852750094621
21.75                                             0.2501788672715531
21.799999999999997                                0.24997124989370365
21.849999999999998                                0.24976232628160697
21.9                                              0.24955200290142882
21.95                                             0.24934018960220156
22                                                0.24912679987354838
22.05                                             0.24891175103471322
22.099999999999998                                0.24869496435318422
22.15                                             0.24847636508708476
22.2                                              0.24825588243417868
22.25                                             0.248033449367369
22.3                                              0.2478090023560024
22.35                                             0.24758248098672714
22.4                                              0.24735382748871027
22.45                                             0.24712298616021527
22.5                                              0.24688990269100514
22.55                                             0.2466545233843919
22.6                                              0.24641679428215124
22.65                                             0.24617666019020285
22.7                                              0.2459340635938453
22.75                                             0.24568894349148152
22.8                                              0.2454412342313294
22.85                                             0.24519086436128362
22.900000000000002                                0.24493775543248864
22.95                                             0.24468182077173778
23                                                0.2444229642833376
23.05                                             0.24416107932270834
23.1                                              0.24389604767076342
23.150000000000002                                0.24362773861053882
23.2                                              0.24335600810194402
23.25                                             0.24308069819315076
23.3                                              0.24280163670413113
23.349999999999998                                0.24251863709017216
23.400000000000002                                0.24223149855204193
23.45                                             0.24194000640042754
23.5                                              0.24164393260394168
23.549999999999997                                0.24134303741001908
23.6                                              0.2410370709762457
23.65                                             0.24072577441844023
23.700000000000003                                0.2404088830849874
23.75                                             0.240086117297463
23.799999999999997                                0.23975722052302376
23.849999999999998                                0.2394219190189398
23.9                                              0.2390799474665141
23.95                                             0.23873105116145268
24                                                0.23837500296836947
24.049999999999997                                0.2380115637218276
24.099999999999998                                0.23764054018334743
24.15                                             0.23726175702203967
24.2                                              0.2368750706505021
24.25                                             0.23648037187977464
24.3                                              0.23607758984644825
24.349999999999998                                0.23566669546107202
24.4                                              0.23524770437961787
24.45                                             0.23482067939185056
24.5                                              0.2343857321147791
24.55                                             0.23394302388107202
24.6                                              0.23349276572136973
24.65                                             0.23303521735311658
24.7                                              0.232570685101034
24.75                                             0.23209951868449494
24.8                                              0.2316221068245603
24.85                                             0.23113887164495003
24.9                                              0.23065026186842563
24.95                                             0.23015674483923929
25                                                0.22965879743637144
25.05                                             0.22915689597535036
25.1                                              0.2286515052365795
25.150000000000002                                0.22814306679642055
25.2                                              0.22763198687786543
25.25                                             0.22711862398007437
25.3                                              0.22660327658257
25.35                                             0.22608617125944688
25.400000000000002                                0.22556745156691366
25.45                                             0.22504716809537195
25.5                                              0.22452527009050507
25.55                                             0.2240015990558194
25.599999999999998                                0.2234758847456291
25.650000000000002                                0.2229477439434402
25.7                                              0.22241668239263732
25.75                                             0.221882100185711
25.799999999999997                                0.2213433008361828
25.85                                             0.22079950416819796
25.9                                              0.22024986306968283
25.950000000000003                                0.21969348406190142
26                                                0.21912945156136118
26.05                                             0.21855685613347658
26.099999999999998                                0.21797482095810705
26.15                                             0.21738254310205515
26.2                                              0.2167793152630674
26.25                                             0.21616456401747944
26.299999999999997                                0.21553789082761557
26.349999999999998                                0.214899094008676
26.4                                              0.2142482210371564
26.45                                             0.2135855515084085
26.5                                              0.2129116544099269
26.55                                             0.2122273884210156
26.599999999999998                                0.2115339074639223
26.65                                             0.2108326581668688
26.7                                              0.21012536670933382
26.75                                             0.2094140149419316
26.8                                              0.20870080508723826
26.85                                             0.2079881127310861
26.9                                              0.20727842815066294
26.95                                             0.20657428638114173
27                                                0.2058781868976836
27.05                                             0.20519250434036176
27.1                                              0.20451939229234326
27.15                                             0.20386068271413574
27.2                                              0.20321778432981696
27.25                                             0.20259158391494128
27.3                                              0.20198235500099074
27.35                                             0.20138967899720642
27.400000000000002                                0.20081238404684687
27.45                                             0.20024850701754038
27.5                                              0.19969528381064738
27.55                                             0.19914917262166024
27.6                                              0.19860591386362503
27.65                                             0.1980606291567343
27.7                                              0.19750796009493535
27.749999999999996                                0.19694224550090753
27.8                                              0.1963577336768603
27.849999999999998                                0.19574882389123244
27.900000000000002                                0.19511032913480897
27.95                                             0.1944377501886194
28                                                0.19372754939057127
28.049999999999997                                0.1929774112574564
28.1                                              0.19218647635243252
28.15                                             0.1913555345863351
28.200000000000003                                0.19048716450764103
28.25                                             0.18958580578383655
28.3                                              0.1886577529527694
28.349999999999998                                0.18771105983253497
28.400000000000002                                0.18675534568411647
28.45                                             0.1858014963137563
28.500000000000004                                0.18486125593832586
28.549999999999997                                0.18394670933065013
28.6                                              0.1830696599824777
28.65                                             0.18224091699827197
28.700000000000003                                0.18146951036189
28.75                                             0.18076186745336065
28.8                                              0.1801209975672095
28.849999999999998                                0.17954574389318223
28.899999999999995                                0.17903017566914017
28.95                                             0.1785632035315209
29.000000000000004                                0.17812849386970092
29.05                                             0.17770476289564627
29.099999999999998                                0.17726650813810052
29.15                                             0.17678518578498403
29.200000000000003                                0.17623083747899929
29.25                                             0.175574069964302
29.299999999999997                                0.17478825310317792
29.35                                             0.17385183560905026
29.400000000000002                                0.17275058428250292
29.45                                             0.1714794520240307
29.499999999999996                                0.17004416028530625
29.55                                             0.16846205263784142
29.600000000000005                                0.16676238166213184
29.650000000000002                                0.16498576251121203
29.699999999999996                                0.1631828170161217
29.75                                             0.16141189102390047
29.800000000000004                                0.1597357514476822
29.85                                             0.15821715452120994
29.9                                              0.1569132081721929
29.95                                             0.15586856415268532
29.999999999999996                                0.1551077140590228
30.05                                             0.15462705493448908
30.099999999999998                                0.15438791100766097
30.150000000000002                                0.15431223172219902
30.2                                              0.1542829996036707
30.25                                             0.15415116490048336
30.299999999999997                                0.1537499319836048
30.35                                             0.152915491926797
30.4                                              0.15151130427632484
30.450000000000003                                0.14945160523272294
30.5                                              0.14671972184788035
30.55                                             0.14337818390657742
30.599999999999998                                0.13956992411498617
30.650000000000002                                0.13551190140146005
30.7                                              0.13148318869888187
30.750000000000004                                0.12780833544771586
30.799999999999997                                0.12483359391495091
30.85                                             0.12288889976741123
30.9                                              0.12222410017006519
30.950000000000003                                0.12290890470009633
31                                                0.1247029357106303
31.05                                             0.12694619348201167
31.099999999999998                                0.12857789809228795
31.149999999999995                                0.12839122597007127
31.2                                              0.12548664481797223
31.250000000000004                                0.11967255433241368
31.3                                              0.11154727469998711
31.349999999999998                                0.10226617602425533
31.4                                              0.09325021366884963
31.450000000000003                                0.08608414417381495
31.5                                              0.08267873581478533
31.549999999999997                                0.0854307145493973
31.6                                              0.09578474912830663
31.650000000000002                                0.1075993174934702
31.7                                              0.10540032732252821
31.749999999999996                                0.08835006099199792
31.8                                              0.06980049852821274
31.850000000000005                                0.05626522246996792
31.900000000000002                                0.05976888368146817
31.949999999999996                                0.06345717433812813
32                                                0.04945903751105985
32.050000000000004                                0.048397936098477264
32.1                                              0.050876366926718694
32.15                                             0.05568967779272532
32.2                                              0.062446738464982145
32.25                                             0.07096008823115364
32.300000000000004                                0.08111805985598598
32.35                                             0.09284237880861
32.4                                              0.10606965816354982
32.449999999999996                                0.12074179671298511
32.5                                              0.13680042841833187
32.55                                             0.15418351609625947
32.6                                              0.17282323060561364
32.65                                             0.19264468868213713
32.7                                              0.21356531926339442
32.75                                             0.23549472336119084
32.800000000000004                                0.2583349398574195
32.85                                             0.28198105240057264
32.9                                              0.30632208244942777
32.949999999999996                                0.33124211671965875
33                                                0.3566216173416335
33.05                                             0.3823388620738161
33.1                                              0.4082714613049282
33.15                                             0.43429789914459954
33.2                                              0.46029904809820377
33.25                                             0.48615961078198117
33.300000000000004                                0.5117694477102875
33.35                                             0.53702475714426
33.4                                              0.5618290809081778
33.45                                             0.5860941185072255
33.5                                              0.6097403403487335
33.55                                             0.6326973988733143
33.599999999999994                                0.654904343629918
33.65                                             0.6763096524394274
33.7                                              0.6968710956601047
33.75                                             0.7165554541070582
33.8                                              0.7353381133707466
33.85                                             0.7532025581849757
33.900000000000006                                0.7701397903336389
33.95                                             0.7861476926405261
34                                                0.8012303599054752
34.05                                             0.8153974154437843
34.1                                              0.8286633293777864
34.15                                             0.8410467522142021
34.199999999999996                                0.8525698746212658
34.25                                             0.8632578218458133
34.300000000000004                                0.8731380889480834
34.35                                             0.8822400209055211
34.4                                              0.8905943398032641
34.45                                             0.8982327199313205
34.50000000000001                                 0.9051874103848839
34.550000000000004                                0.911490904014262
34.6                                              0.9171756515375709
34.65                                             0.922273814427751
34.7                                              0.9268170514890487
34.75                                             0.9308363520908634
34.8                                              0.9343618958614467
34.85                                             0.9374229379501942
34.900000000000006                                0.9400477207999384
34.95                                             0.9422634111968325
35                                                0.9440960535915116
35.050000000000004                                0.9455705386027737
35.1                                              0.9467105879723154
35.15                                             0.9475387755878776
35.199999999999996                                0.9480764729973042
35.24999999999999                                 0.9483439576103911
35.3                                              0.948360339779919
35.35                                             0.9481436645413827
35.4                                              0.9477109096206929
35.449999999999996                                0.9470780294916806
35.5                                              0.9462599940983447
35.550000000000004                                0.9452708293736959
35.6                                              0.9441236588460484
35.65                                             0.9428307457942602
35.7                                              0.9414035355086587
35.75                                             0.9398526972943617
35.8                                              0.9381881659214907
35.849999999999994                                0.9364191822851415
35.9                                              0.9345543330881898
35.95                                             0.9326015894017153
36                                                0.9305683439942541
36.05                                             0.9284614473508845
36.1                                              0.9262872423288436
36.150000000000006                                0.924051597416143
36.2                                              0.921759938577637
36.25                                             0.9194172796863006
36.3                                              0.9170282515479802
36.35                                             0.914597129537802
36.4                                              0.9121278598721868
36.449999999999996                                0.9096240845460937
36.5                                              0.9070891649691639
36.550000000000004                                0.9045262043364675
36.6                                              0.9019380687717939
36.65                                             0.8993274072816282
36.7                                              0.8966966705589299
36.75000000000001                                 0.8940481286743122
36.800000000000004                                0.8913838876929691
36.849999999999994                                0.8887059052551273
36.9                                              0.8860160051588072
36.95                                             0.8833158909859875
37                                                0.8806071588120052
37.05                                             0.8778913090316108
37.1                                              0.8751697573228057
37.150000000000006                                0.8724438447663664
37.2                                              0.8697148471446037
37.25                                             0.8669839834578283
37.300000000000004                                0.8642524236992558
37.35                                             0.8615212959252981
37.4                                              0.8587916926500176
37.449999999999996                                0.8560646765773499
37.49999999999999                                 0.8533412837591039
37.55                                             0.8506225353898528
37.6                                              0.8479094252043724
37.65                                             0.8452029465947547
37.699999999999996                                0.8425040726781485
37.75                                             0.8398137739685645
37.800000000000004                                0.8371330129580096
37.85                                             0.8344627505007639
37.9                                              0.8318039250769789
37.95                                             0.8291574960369218
38                                                0.8265244034919429
38.05                                             0.8239055854844728
38.099999999999994                                0.821301974563808
38.15                                             0.8187144965140235
38.2                                              0.8161440688535077
38.25                                             0.8135915990601547
38.3                                              0.8110579825908841
38.35                                             0.8085441006439574
38.400000000000006                                0.8060508177092639
38.45                                             0.803578978942041
38.5                                              0.8011294073836841
38.55                                             0.7987029010482195
38.6                                              0.7963002298942504
38.65                                             0.7939221327305709
38.699999999999996                                0.7915693140882872
38.75                                             0.7892424410618376
38.800000000000004                                0.786942140145406
38.85                                             0.784668994100078
38.9                                              0.7824235388795627
38.95                                             0.7802062606391874
39.00000000000001                                 0.7780175928516512
39.050000000000004                                0.7758579135485268
39.099999999999994                                0.7737275426996186
39.15                                             0.7716267397447412
39.2                                              0.7695557013096894
39.25                                             0.7675145591529217
39.3                                              0.7655033783708267
39.35                                             0.7635221558677622
39.400000000000006                                0.7615708190897744
39.45                                             0.7596492250304876
39.5                                              0.7577571595231921
39.550000000000004                                0.755894336834644
39.6                                              0.7540603995726708
39.65                                             0.7522549189185307
39.699999999999996                                0.7504773951966249
39.75                                             0.7487272588003882
39.8                                              0.7470038714802836
39.85                                             0.7453065279647658
39.9                                              0.7436344578785752
39.949999999999996                                0.7419868279800675
40                                                0.7403627447541077
40.050000000000004                                0.7387612573589046
40.1                                              0.7371813609016831
40.15                                             0.7356220000290906
40.2                                              0.7340820728265522
40.25                                             0.7325604350040826
40.3                                              0.7310559042624106
40.349999999999994                                0.7295672647515413
40.4                                              0.7280932719416645
40.45                                             0.7266326580238806
40.5                                              0.7251841373017127
40.55                                             0.7237464115314844
40.6                                              0.7223181754273004
40.650000000000006                                0.7208981224130561
40.7                                              0.7194849511675222
40.75                                             0.7180773731750872
40.8                                              0.7166741144975519
40.85                                             0.7152739194333565
40.9                                              0.7138755628888219
40.949999999999996                                0.7124778552319213
41                                                0.7110796466606061
41.050000000000004                                0.709679832864333
41.1                                              0.7082773593408161
41.15                                             0.7068712294563615
41.2                                              0.7054605075913767
41.25000000000001                                 0.7040443242037785
41.300000000000004                                0.7026218777825004
41.349999999999994                                0.7011924508721717
41.4                                              0.6997554032437083
41.45                                             0.6983101575202476
41.5                                              0.6968562527724868
41.55                                             0.6953933008494214
41.6                                              0.6939210082617513
41.650000000000006                                0.6924391755524348
41.7                                              0.6909476988366333
41.75                                             0.6894465709717151
41.800000000000004                                0.6879358822670352
41.85                                             0.6864158207135509
41.9                                              0.68488667172271
41.949999999999996                                0.683348817367518
42                                                0.6818027351228136
42.050000000000004                                0.6802489961035797
42.1                                              0.67868826280358
42.15                                             0.677121286339822
42.199999999999996                                0.6755489032099757
42.25                                             0.6739720315730996
42.300000000000004                                0.6723916670669793
42.35                                             0.6708088781774335
42.4                                              0.669224801178134
42.45                                             0.6676406346618258
42.5                                              0.6660576336868682
42.55                                             0.6644771035643539
42.599999999999994                                0.6629003933149036
42.65                                             0.661328888824448
42.7                                              0.6597640057322889
42.75                                             0.658207182084862
42.8                                              0.6566598707912414
42.85                                             0.6551235319173286
42.900000000000006                                0.6535996248574867
42.95                                             0.6520896004225823
43                                                0.6505948928851598
43.05                                             0.6491169120225799
43.1                                              0.6476570351993789
43.15                                             0.6462165995306575
43.199999999999996                                0.6447968941677422
43.25                                             0.6433991527470673
43.300000000000004                                0.6420245460423373
43.35                                             0.6406741748597858
43.4                                              0.6393490632150762
43.45                                             0.6380501518305051
43.50000000000001                                 0.6367782919913264
43.550000000000004                                0.6355342397961881
43.599999999999994                                0.634318650835498
43.65                                             0.6331320753274069
43.7                                              0.6319749537396376
43.75                                             0.6308476129204726
43.8                                              0.6297502627500928
43.85                                             0.6286829932039536
43.900000000000006                                0.6276457908680425
43.95                                             0.6266384497316061
44                                                0.6256607347629046
44.050000000000004                                0.6247122385246746
44.1                                              0.6237924233642699
44.15                                             0.6229006380711428
44.199999999999996                                0.6220361097055418
44.25                                             0.6211979448294743
44.300000000000004                                0.6203851325894586
44.35                                             0.619596552612561
44.4                                              0.6188309713069675
44.449999999999996                                0.6180870529378409
44.5                                              0.6173633628660639
44.550000000000004                                0.61665837376223
44.6                                              0.6159704721628607
44.65                                             0.6152979654110095
44.7                                              0.6146390893823168
44.75                                             0.6139920166851597
44.8                                              0.6133548651071893
44.849999999999994                                0.6127257065299369
44.9                                              0.6121025762404746
44.95                                             0.6114834825673744
45                                                0.610866416799363
45.05                                             0.6102493633437479
45.1                                              0.6096303100562763
45.150000000000006                                0.6090072586721904
45.2                                              0.6083782353223228
45.25                                             0.6077413011005637
45.3                                              0.6070945625983303
45.35                                             0.6064361823398975
45.4                                              0.6057643890666715
45.449999999999996                                0.6050774878158052
45.5                                              0.6043738697344101
45.550000000000004                                0.6036520215702914
45.6                                              0.6029105347801327
45.65                                             0.6021481141987486
45.7                                              0.6013635862197569
45.75000000000001                                 0.6005559064402394
45.800000000000004                                0.5997241667253634
45.849999999999994                                0.5988676016450029
45.9                                              0.5979855942332641
45.95                                             0.5970776810204179
46                                                0.5961435562951358
46.05                                             0.5951830755628353
46.1                                              0.5941962581715551
46.150000000000006                                0.5931832890801596
46.2                                              0.5921445197484857
46.25                                             0.5910804681344339
46.300000000000004                                0.5899918177929041
46.35                                             0.5888794160787906
46.4                                              0.5877442714449146
46.449999999999996                                0.5865875497920506
46.5                                              0.5854105698252343
46.550000000000004                                0.5842147974509241
46.6                                              0.5830018393118507
46.65                                             0.5817734355107231
46.7                                              0.5805314515099598
46.75000000000001                                 0.5792778692018814
46.800000000000004                                0.5780147771767481
46.85                                             0.576744360240941
46.9                                              0.5754688882378365
46.95                                             0.57419070419192
47                                                0.5729122117112805
47.05                                             0.5716358616604895
47.099999999999994                                0.5703641385793404
47.15                                             0.5690995471115958
47.2                                              0.5678445978976572
47.25                                             0.5666017928351406
47.3                                              0.565373610105672
47.35                                             0.5641624891322086
47.400000000000006                                0.5629708154918632
47.45                                             0.5618009060784214
47.5                                              0.5606549956040808
47.55                                             0.5595352225131184
47.6                                              0.5584436105158403
47.65                                             0.557382055745084
47.699999999999996                                0.5563523158631538
47.75                                             0.5553559968678023
47.800000000000004                                0.554394540457921
47.85                                             0.5534692107973509
47.9                                              0.5525810853461508
47.95                                             0.5517310552995194
48.00000000000001                                 0.5509197990401555
48.050000000000004                                0.5501477842497837
48.099999999999994                                0.5494152576181454
48.15                                             0.5487222651999069
48.2                                              0.5480686010978895
48.25                                             0.5474538061524109
48.3                                              0.5468772931447689
48.35                                             0.5463381417617593
48.400000000000006                                0.5458352516881637
48.45                                             0.5453672954513784
48.5                                              0.5449327284845061
48.550000000000004                                0.5445297962312496
48.6                                              0.5441565424432695
48.65                                             0.5438108188804905
48.699999999999996                                0.5434902964107692
48.74999999999999                                 0.5431924774661312
48.800000000000004                                0.5429147097963044
48.85                                             0.5426542014450012
48.9                                              0.5424080368670448
48.949999999999996                                0.5421731940913629
49.00000000000001                                 0.5419465628276333
49.050000000000004                                0.541724963405482
49.1                                              0.541505166427129
49.15                                             0.5412839130092638
49.2                                              0.5410579354820678
49.25                                             0.5408239784110435
49.3                                              0.5405788198007101
49.349999999999994                                0.5403192923394373
49.400000000000006                                0.5400423045406446
49.45                                             0.5397448616355902
49.5                                              0.5394240860740739
49.55                                             0.539077237488965
49.60000000000001                                 0.538701731983239
49.650000000000006                                0.5382951606017248
49.7                                              0.537855306852051
49.75                                             0.5373801631453925
49.800000000000004                                0.5368679460319296
49.85                                             0.5363171101121574
49.9                                              0.535726360513084
49.949999999999996                                0.53509466382439
50.00000000000001                                 0.5344212573994125
