20                                                0.15719221756809107
20.05                                             0.15700716394358463
20.1                                              0.15682300988586864
20.15                                             0.1566397769098135
20.2                                              0.15645748290537062
20.25                                             0.15627614194719577
20.3                                              0.15609576411202336
20.35                                             0.15591635530584183
20.4                                              0.155737917107165
20.45                                             0.15556044663437493
20.5                                              0.15538393644021417
20.55                                             0.1552083744256689
20.6                                              0.15503374376751422
20.650000000000002                                0.1548600228609664
20.7                                              0.15468718527957334
20.75                                             0.15451519978045036
20.8                                              0.15434402943989542
20.85                                             0.15417363450114474
20.900000000000002                                0.15400396909273928
20.95                                             0.15383498471218432
21                                                0.15366662739317877
21.05                                             0.15349884102589165
21.099999999999998                                0.1533315419126518
21.150000000000002                                0.153164699987876
21.2                                              0.15299822601840712
21.249999999999996                                0.1528320499461089
21.299999999999997                                0.15266609729385974
21.349999999999998                                0.15250029102052456
21.4                                              0.15233455217501352
21.45                                             0.1521688003241565
21.5                                              0.15200295396382818
21.549999999999997                                0.1518369309775706
21.599999999999998                                0.1516706490909901
21.65                                             0.15150402632723564
21.7                                              0.15133698144618493
21.75                                             0.15116943435977667
21.799999999999997                                0.15100130654680297
21.849999999999998                                0.1508325214377247
21.9                                              0.15066300475184174
21.95                                             0.15049268479197744
22                                                0.15032149269404635
22.05                                             0.15014936262507286
22.099999999999998                                0.14997623192543297
22.15                                             0.14980204118271684
22.2                                              0.14962673421910183
22.25                                             0.1494502579766069
22.3                                              0.14927256230411134
22.35                                             0.14909359966598715
22.4                                              0.14891332477856795
22.45                                             0.1487316941627285
22.5                                              0.14854866560195978
22.55                                             0.14836419750482424
22.6                                              0.14817824817283426
22.65                                             0.1479907749669532
22.7                                              0.1478017333740494
22.75                                             0.14761107603116422
22.8                                              0.14741875177835204
22.85                                             0.14722470467878615
22.900000000000002                                0.14702887293828268
22.95                                             0.14683118779196597
23                                                0.14663157242475533
23.05                                             0.14642994094226416
23.1                                              0.14622619742833626
23.150000000000002                                0.14602023518554036
23.2                                              0.14581193607105059
23.25                                             0.14560116965870337
23.3                                              0.14538779272409916
23.349999999999998                                0.14517164916441538
23.400000000000002                                0.14495257003593695
23.45                                             0.14473037378264753
23.5                                              0.14450486670176885
23.549999999999997                                0.14427584366794993
23.6                                              0.14404308943450686
23.65                                             0.14380637996926174
23.700000000000003                                0.1435654835951711
23.75                                             0.14332016058910266
23.799999999999997                                0.1430701831530981
23.849999999999998                                0.14281530384487193
23.9                                              0.1425552885614332
23.95                                             0.14228991334050667
24                                                0.14201895004807877
24.049999999999997                                0.1417421947993834
24.099999999999998                                0.14145946284583433
24.15                                             0.14117058325941437
24.2                                              0.1408754129701721
24.25                                             0.14057383675422847
24.3                                              0.14026577103777735
24.349999999999998                                0.1399511670891348
24.4                                              0.1396300138074614
24.45                                             0.1393023400249346
24.5                                              0.13896821622951525
24.55                                             0.13862775562123486
24.6                                              0.1382811144186261
24.65                                             0.1379284913312457
24.7                                              0.13757012611847788
24.75                                             0.13720629716955499
24.8                                              0.13683731806037877
24.85                                             0.13646353306270623
24.9                                              0.1360853116028819
24.95                                             0.13570304169226932
25                                                0.13531712237847127
25.05                                             0.13492795529585372
25.1                                              0.1345359354281632
25.150000000000002                                0.13414144122794094
25.2                                              0.13374482427421602
25.25                                             0.13334639868415885
25.3                                              0.1329464305303446
25.35                                             0.13254512754546818
25.400000000000002                                0.13214262942711644
25.45                                             0.13173899907584463
25.5                                              0.1313342151147645
25.55                                             0.13092816604223265
25.599999999999998                                0.13052064636626065
25.650000000000002                                0.13011135506488808
25.7                                              0.12969989671267182
25.75                                             0.1292857855787854
25.799999999999997                                0.12886845291421625
25.85                                             0.12844725753316397
25.9                                              0.12802149971954765
25.950000000000003                                0.12759043844638118
26                                                0.12715331189371679
26.05                                             0.126709361854805
26.099999999999998                                0.12625785572910875
26.15                                             0.12579812402889212
26.2                                              0.12532956380090393
26.25                                             0.12485169538514153
26.299999999999997                                0.12436418382349657
26.349999999999998                                0.12386686096694147
26.4                                              0.1233597658072855
26.45                                             0.122843140995734
26.5                                              0.12231746441661762
26.55                                             0.12178346285286977
26.599999999999998                                0.12124211154884126
26.65                                             0.12069463201418022
26.7                                              0.12014248046800215
26.75                                             0.11958732692943355
26.8                                              0.11903102467687098
26.85                                             0.11847556999375225
26.9                                              0.11792305225413624
26.95                                             0.11737559483548451
27                                                0.11683528773052872
27.05                                             0.11630411314183714
27.1                                              0.11578386581388925
27.15                                             0.1152760703666279
27.2                                              0.11478189838117286
27.25                                             0.11430208847731273
27.3                                              0.1138368730709383
27.35                                             0.11338591585830428
27.400000000000002                                0.11294826430345238
27.45                                             0.1125223214611453
27.5                                              0.1121058412962887
27.55                                             0.11169595120870775
27.6                                              0.1112892047084385
27.65                                             0.11088166612103491
27.7                                              0.11046902784063524
27.749999999999996                                0.11004675898736202
27.8                                              0.10961028244744074
27.849999999999998                                0.10915517530319606
27.900000000000002                                0.10867738572130285
27.95                                             0.10817345759429303
28                                                0.10764075274528884
28.049999999999997                                0.10707765941237805
28.1                                              0.1064837751027451
28.15                                             0.10586005190774274
28.200000000000003                                0.10520889302537352
28.25                                             0.10453419018288354
28.3                                              0.10384129289676083
28.349999999999998                                0.10313690232961945
28.400000000000002                                0.1024288846902666
28.45                                             0.10172600151044583
28.500000000000004                                0.1010375568030316
28.549999999999997                                0.10037296444789011
28.6                                              0.09974124409769797
28.65                                             0.0991504584242498
28.700000000000003                                0.09860710901489622
28.75                                             0.09811551807619903
28.8                                              0.09767723184495104
28.849999999999998                                0.09729048964959923
28.899999999999995                                0.09694981211694506
28.95                                             0.09664576796614795
29.000000000000004                                0.09636497158656501
29.05                                             0.09609037865266921
29.099999999999998                                0.09580191733245777
29.15                                             0.09547747723887848
29.200000000000003                                0.09509415077282775
29.25                                             0.09462996559340374
29.299999999999997                                0.09406550896381072
29.35                                             0.09338579932401057
29.400000000000002                                0.09258200419751193
29.45                                             0.09165283702825681
29.499999999999996                                0.09060561603772437
29.55                                             0.089456712702996
29.600000000000005                                0.08823143722510199
29.650000000000002                                0.08696322054308381
29.699999999999996                                0.08569212469427759
29.75                                             0.08446265900798569
29.800000000000004                                0.08332090378895297
29.85                                             0.08231094166439203
29.9                                              0.08147061595782507
29.95                                             0.08082669842049064
29.999999999999996                                0.08038968561235375
30.05                                             0.08014867720931783
30.099999999999998                                0.08006711650299511
30.150000000000002                                0.08008053389649344
30.2                                              0.08009768757726766
30.25                                             0.08000642411072371
30.299999999999997                                0.07968496249518203
30.35                                             0.07901806328251529
30.4                                              0.07791592661536673
30.450000000000003                                0.07633228079091561
30.5                                              0.0742777166069368
30.55                                             0.07182529592147377
30.599999999999998                                0.06910750394923494
30.650000000000002                                0.06630576103971117
30.7                                              0.06363486646237979
30.750000000000004                                0.06132426328267608
30.799999999999997                                0.05959590771614575
30.85                                             0.05863539705260232
30.9                                              0.05855016137108634
30.950000000000003                                0.0593089261329418
31                                                0.06066647775555299
31.05                                             0.062104853606111204
31.099999999999998                                0.06286200138025101
31.149999999999995                                0.06212725365549469
31.2                                              0.05938573403773211
31.250000000000004                                0.05471662521819108
31.3                                              0.04881191245589239
31.349999999999998                                0.042713092883308997
31.4                                              0.037505416979098864
31.450000000000003                                0.034183715918982054
31.5                                              0.03370345734108984
31.549999999999997                                0.0369707941453315
31.6                                              0.04381474435715502
31.650000000000002                                0.049159396795413035
31.7                                              0.04362966429063013
31.749999999999996                                0.03057000967828094
31.8                                              0.02067969930751435
31.850000000000005                                0.01696730704621674
31.900000000000002                                0.027314269360267634
31.949999999999996                                0.016678552690134622
32                                                0.01690522570047485
32.050000000000004                                0.021084777256315683
32.1                                              0.026371494592793622
32.15                                             0.03251474981890519
32.2                                              0.0394181004305785
32.25                                             0.047023233911561754
32.300000000000004                                0.055288616446230884
32.35                                             0.06418162477423031
32.4                                              0.07367457399462227
32.449999999999996                                0.08374242008091502
32.5                                              0.09436133695903817
32.55                                             0.10550780002376609
32.6                                              0.11715798360310907
32.65                                             0.12928736402650343
32.7                                              0.14187046414888388
32.75                                             0.15488069974069127
32.800000000000004                                0.1682903023681579
32.85                                             0.18207030182453612
32.9                                              0.1961905562723276
32.949999999999996                                0.21061982138943106
33                                                0.225325851744026
33.05                                             0.24027552881484673
33.1                                              0.2554350108235885
33.15                                             0.270769900029062
33.2                                              0.28624542346985304
33.25                                             0.30182662334603605
33.300000000000004                                0.31747855338747766
33.35                                             0.33316647771935004
33.4                                              0.34885606892962023
33.45                                             0.36451360225299867
33.5                                              0.3801061430362965
33.55                                             0.39560172490947243
33.599999999999994                                0.4109695163799435
33.65                                             0.4261799738886888
33.7                                              0.4412049797104171
33.75                                             0.4560179634288878
33.8                                              0.470594006039934
33.85                                             0.4849099260540648
33.900000000000006                                0.4989443473595566
33.95                                             0.5126777489434924
34                                                0.5260924968217892
34.05                                             0.5391728587653263
34.1                                              0.5519050026434335
34.15                                             0.5642769794112318
34.199999999999996                                0.5762786919294774
34.25                                             0.5879018508904045
34.300000000000004                                0.5991399191322171
34.35                                             0.6099880458507018
34.4                                              0.620442992252037
34.45                                             0.6305030499551568
34.50000000000001                                 0.6401679535346588
34.550000000000004                                0.6494387887758963
34.6                                              0.6583178986231033
34.65                                             0.6668087852046075
34.7                                              0.6749160072095746
34.75                                             0.6826450872150809
34.8                                              0.6900024150749521
34.85                                             0.6969951507086513
34.900000000000006                                0.703631131422941
34.95                                             0.709918782772323
35                                                0.7158670300870434
35.050000000000004                                0.7214852170823888
35.1                                              0.7267830038058587
35.15                                             0.7317704125836756
35.199999999999996                                0.736457531136437
35.24999999999999                                 0.7408546589433691
35.3                                              0.7449721465608715
35.35                                             0.7488203700136173
35.4                                              0.7524096692288065
35.449999999999996                                0.7557503055870743
35.5                                              0.7588524203907179
35.550000000000004                                0.7617259976968028
35.6                                              0.7643808312981617
35.65                                             0.7668264956717323
35.7                                              0.7690723207044239
35.75                                             0.7711273700004841
35.8                                              0.773000422572372
35.849999999999994                                0.7746999577171209
35.9                                              0.776234142878158
35.95                                             0.7776108242926381
36                                                0.7788375202274078
36.05                                             0.7799214166118524
36.1                                              0.7808693648824203
36.150000000000006                                0.7816878818599374
36.2                                              0.7823831514884537
36.25                                             0.7829610282702022
36.3                                              0.7834270422399212
36.35                                             0.7837864053277918
36.4                                              0.784044018968323
36.449999999999996                                0.7842044828192383
36.5                                              0.7842721044615694
36.550000000000004                                0.7842509099588699
36.6                                              0.7841446551600662
36.65                                             0.7839568376370853
36.7                                              0.7836907091539528
36.75000000000001                                 0.7833492885712181
36.800000000000004                                0.7829353750941068
36.849999999999994                                0.7824515617794361
36.9                                              0.7819002492201622
36.95                                             0.781283659330071
37                                                0.7806038491517849
37.05                                             0.7798627246139789
37.1                                              0.7790620541716562
37.150000000000006                                0.7782034822765674
37.2                                              0.7772885426341116
37.25                                             0.7763186711990381
37.300000000000004                                0.7752952188547668
37.35                                             0.7742194637176569
37.4                                              0.7730926230058633
37.449999999999996                                0.7719158644004179
37.49999999999999                                 0.7706903176028546
37.55                                             0.7694170817614043
37.6                                              0.7680972416139048
37.65                                             0.766731875607238
37.699999999999996                                0.765322056258323
37.75                                             0.7638688660010085
37.800000000000004                                0.7623734035279786
37.85                                             0.7608367788586181
37.9                                              0.7592601615110612
37.95                                             0.7576447206049305
38                                                0.7559916799768494
38.05                                             0.75430230456365
38.099999999999994                                0.7525779053710681
38.15                                             0.7508198422824718
38.2                                              0.7490295261080524
38.25                                             0.7472084201972822
38.3                                              0.7453580410502042
38.35                                             0.7434799583122106
38.400000000000006                                0.7415757941873254
38.45                                             0.7396472222153913
38.5                                              0.7376959654314629
38.55                                             0.7357237939380994
38.6                                              0.7337325219221982
38.65                                             0.7317240041379744
38.699999999999996                                0.7297001318778104
38.75                                             0.7276628284708095
38.800000000000004                                0.7256140443421273
38.85                                             0.7235557516646457
38.9                                              0.7214899386402062
38.95                                             0.7194186034475979
39.00000000000001                                 0.717343747891569
39.050000000000004                                0.7152673707758643
39.099999999999994                                0.7131914610254869
39.15                                             0.7111179906133029
39.2                                              0.7090489073825282
39.25                                             0.7069861278393935
39.3                                              0.7049315299482011
39.35                                             0.7028869459365334
39.400000000000006                                0.7008541551272623
39.45                                             0.698834876838738
39.5                                              0.6968307634087062
39.550000000000004                                0.694843393396581
39.6                                              0.6928742650088571
39.65                                             0.6909247897859552
39.699999999999996                                0.6889962865962819
39.75                                             0.687089976008907
39.8                                              0.6852069751301442
39.85                                             0.6833482929059452
39.9                                              0.6815148257858838
39.949999999999996                                0.6797073537449094
40                                                0.6779265368191508
40.050000000000004                                0.6761729122556787
40.1                                              0.6744468922699624
40.15                                             0.6727487623935412
40.2                                              0.6710786804279414
40.25                                             0.6694366760230466
40.3                                              0.6678226508116546
40.349999999999994                                0.666236378937344
40.4                                              0.6646775082653713
40.45                                             0.6631455627040411
40.5                                              0.661639945060321
40.55                                             0.660159940163479
40.6                                              0.6587047185293903
40.650000000000006                                0.6572733405943989
40.7                                              0.6558647619401856
40.75                                             0.6544778419028751
40.8                                              0.6531113494101357
40.85                                             0.6517639601983439
40.9                                              0.6504342702474726
40.949999999999996                                0.6491208062239655
41                                                0.6478220313335139
41.050000000000004                                0.646536354204426
41.1                                              0.6452621360556041
41.15                                             0.6439976987706179
41.2                                              0.6427413361418665
41.25000000000001                                 0.6414913221458048
41.300000000000004                                0.6402459222646462
41.349999999999994                                0.6390034042405627
41.4                                              0.6377620268343775
41.45                                             0.6365201031426837
41.5                                              0.6352759391795372
41.55                                             0.6340278962464764
41.6                                              0.6327743799480223
41.650000000000006                                0.6315138520255943
41.7                                              0.6302448393659946
41.75                                             0.6289659425970372
41.800000000000004                                0.6276758443172563
41.85                                             0.6263733169266722
41.9                                              0.6250572300180328
41.949999999999996                                0.6237265572845269
42                                                0.6223803829012898
42.050000000000004                                0.6210179073410435
42.1                                              0.6196384525887239
42.15                                             0.6182414667235959
42.199999999999996                                0.6168265278400819
42.25                                             0.6153933472803881
42.300000000000004                                0.6139417721553334
42.35                                             0.6124717871334268
42.4                                              0.6109835154816631
42.45                                             0.6094772193465618
42.5                                              0.6079532992675118
42.55                                             0.6064122929186763
42.599999999999994                                0.6048548730804569
42.65                                             0.6032818448454974
42.7                                              0.601694142068323
42.75                                             0.6000928230726555
42.8                                              0.5984790656341609
42.85                                             0.5968541612610894
42.900000000000006                                0.5952195087990261
42.95                                             0.5935766073909047
43                                                0.5919270488256936
43.05                                             0.5902725093147605
43.1                                              0.5886147407368184
43.15                                             0.5869555613962788
43.199999999999996                                0.585296846341676
43.25                                             0.5836405172943587
43.300000000000004                                0.5819885322389398
43.35                                             0.5803428747316435
43.4                                              0.5787055429862255
43.45                                             0.5770785388001559
43.50000000000001                                 0.5754638563834977
43.550000000000004                                0.5738634711473836
43.599999999999994                                0.5722793285080235
43.65                                             0.5707133327620724
43.7                                              0.5691673360943791
43.75                                             0.5676431277803135
43.8                                              0.5661424236429166
43.85                                             0.5646668557768175
43.900000000000006                                0.5632179712531369
43.95                                             0.5617971832531441
44                                                0.5604058356792694
44.050000000000004                                0.5590451308269515
44.1                                              0.5577161383274957
44.15                                             0.5564197991419167
44.199999999999996                                0.5551569118943237
44.25                                             0.5539281258908332
44.300000000000004                                0.5527339455154188
44.35                                             0.5515747036275821
44.4                                              0.550450583529669
44.449999999999996                                0.5493616023031906
44.5                                              0.5483076118045445
44.550000000000004                                0.5472882978732279
44.6                                              0.5463031803549198
44.65                                             0.5453516140348534
44.7                                              0.5444327901292344
44.75                                             0.5435457389591078
44.8                                              0.5426893336038996
44.849999999999994                                0.5418622943440863
44.9                                              0.5410631939815586
44.95                                             0.5402904640329302
45                                                0.5395424017503098
45.05                                             0.538817177922881
45.1                                              0.538112845496259
45.150000000000006                                0.5374273490476522
45.2                                              0.5367585349444025
45.25                                             0.5361041620829688
45.3                                              0.5354619132475429
45.35                                             0.5348294070640061
45.4                                              0.5342042104750921
45.449999999999996                                0.5335838516673819
45.5                                              0.5329658333832209
45.550000000000004                                0.5323476465475322
45.6                                              0.5317267841329222
45.65                                             0.5311007551831842
45.7                                              0.5304670989217798
45.75000000000001                                 0.5298233988817284
45.800000000000004                                0.529167296990421
45.849999999999994                                0.5284965075272576
45.9                                              0.527808830863649
45.95                                             0.5271021668915553
46                                                0.526374528054098
46.05                                             0.5256240518977162
46.1                                              0.5248490130709808
46.150000000000006                                0.5240478346966513
46.2                                              0.5232190990435579
46.25                                             0.5223615574290464
46.300000000000004                                0.5214741392863144
46.35                                             0.5205559603383363
46.4                                              0.5196063298193129
46.449999999999996                                0.5186247566709788
46.5                                              0.5176109546347252
46.550000000000004                                0.5165648461940949
46.6                                              0.5154865653697832
46.65                                             0.5143764593596257
46.7                                              0.5132350889815152
46.75000000000001                                 0.5120632278765421
46.800000000000004                                0.5108618604529038
46.85                                             0.5096321785674843
46.9                                              0.5083755769446717
46.95                                             0.5070936473146513
47                                                0.5057881712165239
47.05                                             0.5044611115067341
47.099999999999994                                0.5031146028977358
47.15                                             0.5017509415810841
47.2                                              0.5003725734761811
47.25                                             0.49898208116673176
47.3                                              0.49758216986736187
47.35                                             0.49617565248853823
47.400000000000006                                0.4947654337758124
47.45                                             0.493354493648518
47.5                                              0.491945870586614
47.55                                             0.49054264485141513
47.6                                              0.4891479171369888
47.65                                             0.48776478892732394
47.699999999999996                                0.4863963453256787
47.75                                             0.4850456354425609
47.800000000000004                                0.4837156523551064
47.85                                             0.48240931419877264
47.9                                              0.48112944154209686
47.95                                             0.47987873975322626
48.00000000000001                                 0.4786597831803315
48.050000000000004                                0.4774749928516472
48.099999999999994                                0.4763266194611004
48.15                                             0.47521672262371434
48.2                                              0.4741471805145844
48.25                                             0.4731195584063904
48.3                                              0.4721353913213274
48.35                                             0.4711957666932135
48.400000000000006                                0.4703016060433253
48.45                                             0.4694535547444089
48.5                                              0.46865198392011753
48.550000000000004                                0.4678969849167084
48.6                                              0.4671883650096965
48.65                                             0.4665256448872004
48.699999999999996                                0.4659080580394576
48.74999999999999                                 0.46533455211508645
48.800000000000004                                0.46480379227646196
48.85                                             0.46431416656836305
48.9                                              0.46386379329647925
48.949999999999996                                0.46345053039574935
49.00000000000001                                 0.46307198675130606
49.050000000000004                                0.46272553542008765
49.1                                              0.46240832868397114
49.15                                             0.4621173148504318
49.2                                              0.4618492567006787
49.25                                             0.46160075147176777
49.3                                              0.4613682522449663
49.349999999999994                                0.4611480906003697
49.400000000000006                                0.46093650038723116
49.45                                             0.4607296424475431
49.5                                              0.4605236301265693
49.55                                             0.46031455538826055
49.60000000000001                                 0.460098515357456
49.650000000000006                                0.4598716390995444
49.7                                              0.4596301144468653
49.75                                             0.4593702146811764
49.800000000000004                                0.45908832487942713
49.85                                             0.4587809677310655
49.9                                              0.4584448286399331
49.949999999999996                                0.4580767799226408
50.00000000000001                                 0.45767390392634083
