20                                                0.3210420457759507
20.05                                             0.32072815136617827
20.1                                              0.32041457528411893
20.15                                             0.3201013307997285
20.2                                              0.3197884265386311
20.25                                             0.319475866211772
20.3                                              0.31916364836736355
20.35                                             0.3188517661726463
20.4                                              0.31854020722306
20.45                                             0.31822895336165974
20.5                                              0.3179179804933195
20.55                                             0.31760725840698967
20.6                                              0.3172967506397873
20.650000000000002                                0.3169864144028066
20.7                                              0.3166762005632255
20.75                                             0.3163660537538699
20.8                                              0.3160559099061164
20.85                                             0.3157457028264154
20.900000000000002                                0.3154353579265535
20.95                                             0.3151247954914952
21                                                0.3148139322188715
21.05                                             0.3145026831423786
21.099999999999998                                0.3141909204434751
21.150000000000002                                0.3138785881141048
21.2                                              0.31356556157473653
21.249999999999996                                0.31325173449113486
21.299999999999997                                0.3129369967114131
21.349999999999998                                0.31262123570539957
21.4                                              0.3123043372420264
21.45                                             0.3119861860192739
21.5                                              0.3116666664864639
21.549999999999997                                0.31134566356812515
21.599999999999998                                0.3110230633854885
21.65                                             0.3106987539790246
21.7                                              0.31037262603224075
21.75                                             0.3100445736091033
21.799999999999997                                0.30971449484799063
21.849999999999998                                0.3093822925929824
21.9                                              0.30904787498367486
21.95                                             0.3087111559846242
22                                                0.3083720558343147
22.05                                             0.308030501400919
22.099999999999998                                0.30768642643482824
22.15                                             0.30733977170980825
22.2                                              0.3069904850435727
22.25                                             0.30663852118342144
22.3                                              0.3062838415432788
22.35                                             0.30592641378515634
22.4                                              0.30556621124322997
22.45                                             0.3052032121898171
22.5                                              0.3048373989424675
22.55                                             0.30446875681334645
22.6                                              0.30409727290469185
22.65                                             0.30372293475696643
22.7                                              0.3033457288560177
22.75                                             0.30296563901024953
22.8                                              0.3025826446257928
22.85                                             0.3021967189121772
22.900000000000002                                0.3018078270348728
22.95                                             0.3014159242333526
23                                                0.3010209539398232
23.05                                             0.30062284593914423
23.1                                              0.3002215146088036
23.150000000000002                                0.29981685727155066
23.2                                              0.2994087527051033
23.25                                             0.29899705989082975
23.3                                              0.29858161702164565
23.349999999999998                                0.29816224077977804
23.400000000000002                                0.29773872594019163
23.45                                             0.2973108453162051
23.5                                              0.29687835036439325
23.549999999999997                                0.29644097281930476
23.6                                              0.2959984248937901
23.65                                             0.29555040129384624
23.700000000000003                                0.29509658288958623
23.75                                             0.29463663680444546
23.799999999999997                                0.29417022181449876
23.849999999999998                                0.29369699817360184
23.9                                              0.2932166212050228
23.95                                             0.2927287545837233
24                                                0.29223306814296784
24.049999999999997                                0.2917292551084425
24.099999999999998                                0.2912170252794042
24.15                                             0.290696120294407
24.2                                              0.2901663151363944
24.25                                             0.2896274256515012
24.3                                              0.28907931413026433
24.349999999999998                                0.28852189468649375
24.4                                              0.287955138127117
24.45                                             0.28737907614187375
24.5                                              0.2867938046492696
24.55                                             0.28619948613794977
24.6                                              0.2855963508492513
24.65                                             0.2849846966575443
24.7                                              0.2843648875180633
24.75                                             0.2837373503687069
24.8                                              0.28310257039482656
24.85                                             0.28246108459389746
24.9                                              0.28181347361038256
24.95                                             0.28116035184982624
25                                                0.2805023559241768
25.05                                             0.27984013152888415
25.1                                              0.2791743189034397
25.150000000000002                                0.2785055370827715
25.2                                              0.277834367204108
25.25                                             0.2771613351916492
25.3                                              0.27648689419943545
25.35                                             0.2758114072474595
25.400000000000002                                0.27513513053604993
25.45                                             0.2744581979660406
25.5                                              0.2737806074253483
25.55                                             0.27310220942282687
25.599999999999998                                0.2724226986547312
25.650000000000002                                0.27174160907916145
25.7                                              0.27105831304199585
25.75                                             0.27037202494447293
25.799999999999997                                0.26968180986215035
25.85                                             0.2689865974202489
25.9                                              0.26828520110847665
25.950000000000003                                0.26757634308090433
26                                                0.2668586843594707
26.05                                             0.26613086057415086
26.099999999999998                                0.26539151907438463
26.15                                             0.2646393691853961
26.2                                              0.2638732168107446
26.25                                             0.26309202092162415
26.299999999999997                                0.26229494257034663
26.349999999999998                                0.26148138745779403
26.4                                              0.2606510598189693
26.45                                             0.25980399671558824
26.5                                              0.2589405923330861
26.55                                             0.25806164176005575
26.599999999999998                                0.25716834837182456
26.65                                             0.256262329889642
26.7                                              0.25534561012254237
26.75                                             0.2544205962075012
26.8                                              0.25349004031873207
26.85                                             0.2525569850280133
26.9                                              0.2516246921400401
26.95                                             0.2506965552769399
27                                                0.2497759971153978
27.05                                             0.2488663529074889
27.1                                              0.2479707426439718
27.15                                             0.24709193506271793
27.2                                              0.24623220765478104
27.25                                             0.24539320765777992
27.3                                              0.24457581982876844
27.35                                             0.2437800475084425
27.400000000000002                                0.24300491401401375
27.45                                             0.24224839165658094
27.5                                              0.24150736559937766
27.55                                             0.2407776392840483
27.6                                              0.24005398719153567
27.65                                             0.23933025923718115
27.7                                              0.23859953914501988
27.749999999999996                                0.2378543567373373
27.8                                              0.23708695128885773
27.849999999999998                                0.23628958007121292
27.900000000000002                                0.23545486311261052
27.95                                             0.23457615220657718
28                                                0.23364790949618103
28.049999999999997                                0.23266607869971828
28.1                                              0.23162843035623445
28.15                                             0.23053486149248043
28.200000000000003                                0.22938762991783537
28.25                                             0.22819150381673883
28.3                                              0.22695380839624685
28.349999999999998                                0.22568435318272842
28.400000000000002                                0.22439522614128957
28.45                                             0.22310044412511934
28.500000000000004                                0.22181545340180045
28.549999999999997                                0.2205564795323809
28.6                                              0.21933973341337668
28.65                                             0.218180489231661
28.700000000000003                                0.2170920604868375
28.75                                             0.21608471462519308
28.8                                              0.21516458249915213
28.849999999999998                                0.21433263467421326
28.899999999999995                                0.21358381237501908
28.95                                             0.2129064124154676
29.000000000000004                                0.2122818267224877
29.05                                             0.2116847407113512
29.099999999999998                                0.2110838694690083
29.15                                             0.2104432756731742
29.200000000000003                                0.2097242647226628
29.25                                             0.20888784165049326
29.299999999999997                                0.20789749082267225
29.35                                             0.20672225563625213
29.400000000000002                                0.20533979360757676
29.45                                             0.20373914456089862
29.499999999999996                                0.20192307265615766
29.55                                             0.19990960599870483
29.600000000000005                                0.1977327037033214
29.650000000000002                                0.19544183043077337
29.699999999999996                                0.1931003423531554
29.75                                             0.19078258460584824
29.800000000000004                                0.18856962122114618
29.85                                             0.18654353757331402
29.9                                              0.18478030639878265
29.95                                             0.18334132868791078
29.999999999999996                                0.18226399364732426
30.05                                             0.18155198036330825
30.099999999999998                                0.18116654157427295
30.150000000000002                                0.1810205832115651
30.2                                              0.1809777873679478
30.25                                             0.18085902223813252
30.299999999999997                                0.1804575272621168
30.35                                             0.17956271580665845
30.4                                              0.17799015311451552
30.450000000000003                                0.17561306676191646
30.5                                              0.17238959560905695
30.55                                             0.16838056741660007
30.599999999999998                                0.1637548111382126
30.650000000000002                                0.15878186632510288
30.7                                              0.15381401670569875
30.750000000000004                                0.14925965633429047
30.799999999999997                                0.14554761888022055
30.85                                             0.14307768997197173
30.9                                              0.14214781253346737
30.950000000000003                                0.14284792298165114
31                                                0.1449231843849919
31.05                                             0.14764790709532297
31.099999999999998                                0.14981324303155866
31.149999999999995                                0.14996205586692968
31.2                                              0.14689738816842274
31.250000000000004                                0.14023845164206428
31.3                                              0.13065522358039972
31.349999999999998                                0.11964046427800305
31.4                                              0.10906956470419601
31.450000000000003                                0.1009178609197731
31.5                                              0.09729828817133239
31.549999999999997                                0.10057125100759705
31.6                                              0.11206428693119937
31.650000000000002                                0.12565342308846453
31.7                                              0.12384969189356575
31.749999999999996                                0.1038408553926873
31.8                                              0.08262856198155974
31.850000000000005                                0.06898608364736271
31.900000000000002                                0.07558359273994886
31.949999999999996                                0.07641412440293455
32                                                0.06436905342821508
32.050000000000004                                0.06567885905549191
32.1                                              0.07023033381338849
32.15                                             0.0767568774611953
32.2                                              0.08480032610077022
32.25                                             0.09410959489141973
32.300000000000004                                0.1045166148288135
32.35                                             0.11589505789686971
32.4                                              0.12814240900244253
32.449999999999996                                0.14117086722637995
32.5                                              0.1549022721029007
32.55                                             0.16926510483739649
32.6                                              0.18419265322544673
32.65                                             0.1996218695859923
32.7                                              0.2154926596233297
32.75                                             0.23174744743624626
32.800000000000004                                0.2483309210083427
32.85                                             0.2651898966180735
32.9                                              0.2822732611688846
32.949999999999996                                0.29953196441001384
33                                                0.3169190414904684
33.05                                             0.3343896519899677
33.1                                              0.3519011255389426
33.15                                             0.36941300697780777
33.2                                              0.3868870961000232
33.25                                             0.4042874785995625
33.300000000000004                                0.4215805460454825
33.35                                             0.4387350036291837
33.4                                              0.4557218651267472
33.45                                             0.4725144350546003
33.5                                              0.4890882784257797
33.55                                             0.5054211788231991
33.599999999999994                                0.5214930857398682
33.65                                             0.5372860522831813
33.7                                              0.5527841644288058
33.75                                             0.5679734630673328
33.8                                              0.5828418601183731
33.85                                             0.5973790499640094
33.900000000000006                                0.611576417347165
33.95                                             0.6254269428115169
34                                                0.6389251067121727
34.05                                             0.6520667927538002
34.1                                              0.6648491918986493
34.15                                             0.6772707073724682
34.199999999999996                                0.6893308613746998
34.25                                             0.7010302040992413
34.300000000000004                                0.7123702257108435
34.35                                             0.723353271473141
34.4                                              0.7339824600976386
34.45                                             0.7442616057594562
34.50000000000001                                 0.7541951440266562
34.550000000000004                                0.7637880619512523
34.6                                              0.7730458332104189
34.65                                             0.7819743557144763
34.7                                              0.7905798884002418
34.75                                             0.7988690013957928
34.8                                              0.8068485272302424
34.85                                             0.8145255122493784
34.900000000000006                                0.8219071727508577
34.95                                             0.8290008589141685
35                                                0.8358140141931815
35.050000000000004                                0.8423541416830496
35.1                                              0.848628772895088
35.15                                             0.8546454685513889
35.199999999999996                                0.8604117235018935
35.24999999999999                                 0.8659350319477859
35.3                                              0.8712227982022444
35.35                                             0.8762823604124159
35.4                                              0.8811209565245129
35.449999999999996                                0.885745714753316
35.5                                              0.8901636414912386
35.550000000000004                                0.8943816109131025
35.6                                              0.8984063560932211
35.65                                             0.9022444615118385
35.7                                              0.9059023568402068
35.75                                             0.9093863118993234
35.8                                              0.9127024326955455
35.849999999999994                                0.9158566584414327
35.9                                              0.9188547594767164
35.95                                             0.9217023360101588
36                                                0.9244048176080262
36.05                                             0.9269674633602555
36.1                                              0.9293953626597459
36.150000000000006                                0.9316934365351804
36.2                                              0.9338664394814659
36.25                                             0.9359189617356817
36.3                                              0.9378554319505683
36.35                                             0.9396801202201214
36.4                                              0.9413971414155953
36.449999999999996                                0.9430104587929359
36.5                                              0.9445238878353139
36.550000000000004                                0.945941100297309
36.6                                              0.9472656284189325
36.65                                             0.948500869280519
36.7                                              0.9496500892702937
36.75000000000001                                 0.9507164286389743
36.800000000000004                                0.951702906116328
36.849999999999994                                0.9526124235670749
36.9                                              0.9534477706658162
36.95                                             0.9542116295747687
37                                                0.9549065796119551
37.05                                             0.955535101897187
37.1                                              0.9560995839565268
37.150000000000006                                0.9566023242565463
37.2                                              0.9570455366412145
37.25                                             0.957431354657366
37.300000000000004                                0.9577618357685374
37.35                                             0.958038965459888
37.4                                              0.9582646612320271
37.449999999999996                                0.9584407764706305
37.49999999999999                                 0.9585691034126063
37.55                                             0.9586513792525739
37.6                                              0.9586892832264544
37.65                                             0.9586844482618584
37.699999999999996                                0.9586384578900526
37.75                                             0.9585528533122073
37.800000000000004                                0.9584291329308673
37.85                                             0.9582687602712939
37.9                                              0.9580731439150152
37.95                                             0.9578436814771887
38                                                0.9575817238226042
38.05                                             0.9572885928549438
38.099999999999994                                0.9569655807776253
38.15                                             0.9566139513718813
38.2                                              0.9562349409790765
38.25                                             0.9558297593818973
38.3                                              0.9553995907171575
38.35                                             0.9549455940655813
38.400000000000006                                0.9544689038601761
38.45                                             0.9539706301540439
38.5                                              0.9534518587389769
38.55                                             0.9529136510969168
38.6                                              0.9523570441911747
38.65                                             0.9517830501739011
38.699999999999996                                0.9511926560049485
38.75                                             0.9505868229241948
38.800000000000004                                0.9499664858053923
38.85                                             0.9493325524269528
38.9                                              0.9486859026711405
38.95                                             0.9480273876601971
39.00000000000001                                 0.9473578288402597
39.050000000000004                                0.9466780170249192
39.099999999999994                                0.9459887114101376
39.15                                             0.9452906385733024
39.2                                              0.9445844914715203
39.25                                             0.9438709284544626
39.3                                              0.9431505723031627
39.35                                             0.9424240093045855
39.400000000000006                                0.9416917883731556
39.45                                             0.9409544202320517
39.5                                              0.9402123766676731
39.550000000000004                                0.9394660898706717
39.6                                              0.9387159518788348
39.65                                             0.9379623141390818
39.699999999999996                                0.9372054872023727
39.75                                             0.936445740542412
39.8                                              0.9356833024557504
39.85                                             0.9349183600303089
39.9                                              0.9341510592715067
39.949999999999996                                0.9333815054781044
40                                                0.9326097638357437
40.050000000000004                                0.9318358601576296
40.1                                              0.9310597817608908
40.15                                             0.9302814785053664
40.2                                              0.9295008640126982
40.25                                             0.9287178170274196
40.3                                              0.9279321827736021
40.349999999999994                                0.9271437743356981
40.4                                              0.9263523746654624
40.45                                             0.9255577391182103
40.5                                              0.9247595976326426
40.55                                             0.9239576567645769
40.6                                              0.923151601984546
40.650000000000006                                0.9223411002798494
40.7                                              0.9215258035867646
40.75                                             0.9207053534914966
40.8                                              0.9198793803176487
40.85                                             0.9190475026194407
40.9                                              0.9182093371048272
40.949999999999996                                0.9173645013440312
41                                                0.9165126148817778
41.050000000000004                                0.9156533014509122
41.1                                              0.9147862013155079
41.15                                             0.9139109600100171
41.2                                              0.9130272343635952
41.25000000000001                                 0.9121347004815599
41.300000000000004                                0.911233082780977
41.349999999999994                                0.9103220794325364
41.4                                              0.9094014568206843
41.45                                             0.9084709859463705
41.5                                              0.9075304936246129
41.55                                             0.906579828187968
41.6                                              0.9056188780241093
41.650000000000006                                0.9046475714837608
41.7                                              0.9036658787700829
41.75                                             0.902673813704784
41.800000000000004                                0.9016714352871252
41.85                                             0.9006588490226712
41.9                                              0.8996362080072244
41.949999999999996                                0.8986037137542162
42                                                0.8975616167560767
42.050000000000004                                0.896510216771088
42.1                                              0.8954498628290267
42.15                                             0.894380952949768
42.199999999999996                                0.8933039335707023
42.25                                             0.8922192986804622
42.300000000000004                                0.8911275886580193
42.35                                             0.8900293888180788
42.4                                              0.8889253276652355
42.45                                             0.8878160748612688
42.5                                              0.8867023389114429
42.55                                             0.8855848645776057
42.599999999999994                                0.884464430027376
42.65                                             0.8833418437303938
42.7                                              0.882217941114655
42.75                                             0.8810935809966003
42.8                                              0.8799696418013945
42.85                                             0.878847017590174
42.900000000000006                                0.8777266139132345
42.95                                             0.8766093435091156
43                                                0.8754961218708391
43.05                                             0.8743878627017904
43.1                                              0.8732854732846116
43.15                                             0.8721898497876699
43.199999999999996                                0.8711018725337929
43.25                                             0.8700224012572866
43.300000000000004                                0.8689522703747781
43.35                                             0.8678922842967667
43.4                                              0.86684321280636
43.45                                             0.8658057865326625
43.50000000000001                                 0.864780692546282
43.550000000000004                                0.8637685701037066
43.599999999999994                                0.8627700065664768
43.65                                             0.8617855335201331
43.7                                              0.8608156231175124
43.75                                             0.8598606846711078
43.8                                              0.8589210615212554
43.85                                             0.8579970282341233
43.900000000000006                                0.8570887839880265
43.95                                             0.8561964694682256
44                                                0.8553201282813493
44.050000000000004                                0.8544597433483972
44.1                                              0.8536152108825317
44.15                                             0.852786353193153
44.199999999999996                                0.8519729122252373
44.25                                             0.8511745512597468
44.300000000000004                                0.8503908559037578
44.35                                             0.849621333628902
44.4                                              0.8488654165318057
44.449999999999996                                0.8481224630451262
44.5                                              0.8473917598863299
44.550000000000004                                0.8466725248803616
44.6                                              0.845963910187969
44.65                                             0.8452650058627756
44.7                                              0.8445748436184156
44.75                                             0.843892401235337
44.8                                              0.8432166073336471
44.849999999999994                                0.8425463464122064
44.9                                              0.8418804642209914
44.95                                             0.8412177734488635
45                                                0.840557059693777
45.05                                             0.8398970876737121
45.1                                              0.8392366076400507
45.150000000000006                                0.8385743619942085
45.2                                              0.8379090920889666
45.25                                             0.8372395451427633
45.3                                              0.836564481220673
45.35                                             0.8358826802596149
45.4                                              0.8351929491042692
45.449999999999996                                0.834494128513148
45.5                                              0.833785100092653
45.550000000000004                                0.8330647931166699
45.6                                              0.8323321911883186
45.65                                             0.8315863387017515
45.7                                              0.830826347065039
45.75000000000001                                 0.8300514006495577
45.800000000000004                                0.829260762432111
45.849999999999994                                0.8284537792940739
45.9                                              0.8276298869383051
45.95                                             0.8267886143838834
46                                                0.8259295880017602
46.05                                             0.8250525350599172
46.1                                              0.8241572867512018
46.150000000000006                                0.8232437806794165
46.2                                              0.822312062782659
46.25                                             0.821362288675658
46.300000000000004                                0.8203947243987575
46.35                                             0.8194097465635696
46.4                                              0.8184078418805802
46.449999999999996                                0.8173896060376307
46.5                                              0.8163557419015754
46.550000000000004                                0.815307057056908
46.6                                              0.8142444607286438
46.65                                             0.8131689601127154
46.7                                              0.8120816561025354
46.75000000000001                                 0.810983738405753
46.800000000000004                                0.8098764800649974
46.85                                             0.808761231408444
46.9                                              0.8076394134501496
46.95                                             0.8065125107276547
47                                                0.8053820635354265
47.05                                             0.8042496596751523
47.099999999999994                                0.8031169261170288
47.15                                             0.8019855205105779
47.2                                              0.800857122027688
47.25                                             0.7997334216738297
47.3                                              0.7986161124404193
47.35                                             0.7975068793645576
47.400000000000006                                0.7964073895165568
47.45                                             0.7953192822148631
47.5                                              0.7942441599051712
47.55                                             0.7931835771643955
47.6                                              0.7921390277028681
47.65                                             0.79111193707187
47.699999999999996                                0.7901036544981286
47.75                                             0.7891154425734023
47.800000000000004                                0.7881484669160908
47.85                                             0.7872037832673081
47.9                                              0.7862823493560044
47.95                                             0.7853850084322277
48.00000000000001                                 0.7845124519464405
48.050000000000004                                0.783665247817843
48.099999999999994                                0.7828438146398018
48.15                                             0.7820485017930641
48.2                                              0.7812793881271836
48.25                                             0.7805364715829006
48.3                                              0.7798196173853598
48.35                                             0.7791284959986313
48.400000000000006                                0.7784626410051996
48.45                                             0.7778214303759465
48.5                                              0.7772040899607481
48.550000000000004                                0.776609696224701
48.6                                              0.776037179867561
48.65                                             0.7754853304141202
48.699999999999996                                0.7749528017777312
48.74999999999999                                 0.7744381187812982
48.800000000000004                                0.7739396846103058
48.85                                             0.7734557891646188
48.9                                              0.772984618269144
48.949999999999996                                0.7725242636958399
49.00000000000001                                 0.7720727339437533
49.050000000000004                                0.771627965717125
49.1                                              0.771187836036014
49.15                                             0.7707501749086958
49.2                                              0.770312778489939
49.25                                             0.7698734226451864
49.3                                              0.7694298768366216
49.349999999999994                                0.7689799182440175
49.400000000000006                                0.7685213460304002
49.45                                             0.7680519956606965
49.5                                              0.7675697531796336
49.55                                             0.767072569354766
49.60000000000001                                 0.7665584735896082
49.650000000000006                                0.7660255875126932
49.7                                              0.7654721381486245
49.75                                             0.7648964705791165
49.800000000000004                                0.7642970600034762
49.85                                             0.7636725231110151
49.9                                              0.7630216286802083
49.949999999999996                                0.7623433073236475
50.00000000000001                                 0.7616366603016343
