20                                                0.22151248568461998
20.05                                             0.22125204035592286
20.1                                              0.22099207159577428
20.15                                             0.22073259962653513
20.2                                              0.22047364066066127
20.25                                             0.22021520666350763
20.3                                              0.21995730514101422
20.35                                             0.21969993895651788
20.4                                              0.21944310616561272
20.45                                             0.21918679984046657
20.5                                              0.21893100787232056
20.55                                             0.21867571278602854
20.6                                              0.2184208916135917
20.650000000000002                                0.21816651583703994
20.7                                              0.21791255137659452
20.75                                             0.21765895862505857
20.8                                              0.21740569164027648
20.85                                             0.2171527006580886
20.900000000000002                                0.21689992879884834
20.95                                             0.2166473165515029
21                                                0.21639479889219845
21.05                                             0.2161423121893033
21.099999999999998                                0.21588974688879217
21.150000000000002                                0.2156370699284932
21.2                                              0.21538417834926155
21.249999999999996                                0.2151309875469568
21.299999999999997                                0.21487740948040066
21.349999999999998                                0.21462335376612104
21.4                                              0.21436872838398718
21.45                                             0.21411344022045647
21.5                                              0.21385739567157028
21.549999999999997                                0.21360050126254923
21.599999999999998                                0.21334266425579712
21.65                                             0.21308379325227206
21.7                                              0.21282379879041244
21.75                                             0.21256259394734256
21.799999999999997                                0.21230009491029098
21.849999999999998                                0.2120362215029567
21.9                                              0.21177089766939125
21.95                                             0.21150405190086607
22                                                0.21123561759328272
22.05                                             0.21096553332529583
22.099999999999998                                0.21069374305087554
22.15                                             0.21042019620147367
22.2                                              0.21014484768834354
22.25                                             0.20986765778688818
22.3                                              0.2095885918877118
22.35                                             0.2093076201127993
22.4                                              0.20902471680390886
22.45                                             0.20873985988532742
22.5                                              0.20845303009945515
22.55                                             0.20816421011506359
22.6                                              0.20787338351357978
22.65                                             0.20758053365436488
22.7                                              0.20728564240027114
22.75                                             0.20698868869944193
22.8                                              0.20668964711014032
22.85                                             0.20638848635013607
22.900000000000002                                0.20608516781287803
22.95                                             0.20577964401383894
23                                                0.20547185702791176
23.05                                             0.2051617369755874
23.1                                              0.2048492005755346
23.150000000000002                                0.20453414973406278
23.2                                              0.20421647030736315
23.25                                             0.20389603130488912
23.3                                              0.2035726841850897
23.349999999999998                                0.2032462622099303
23.400000000000002                                0.2029165801647468
23.45                                             0.20258343434141682
23.5                                              0.20224660284496274
23.549999999999997                                0.20190584787405202
23.6                                              0.20156091628304543
23.65                                             0.2012115398565317
23.700000000000003                                0.2008574390474943
23.75                                             0.2004983278500624
23.799999999999997                                0.20013390349842466
23.849999999999998                                0.19976387543316376
23.9                                              0.19938794620762107
23.95                                             0.1990058236746961
24                                                0.19861723041101717
24.049999999999997                                0.19822190244665655
24.099999999999998                                0.19781959098417295
24.15                                             0.19741007859508045
24.2                                              0.19699317541862826
24.25                                             0.19656872725597438
24.3                                              0.19613662002591645
24.349999999999998                                0.19569678416745545
24.4                                              0.19524919858661421
24.45                                             0.19479389400059846
24.5                                              0.1943309555437043
24.55                                             0.193860524502465
24.6                                              0.1933827990472462
24.65                                             0.19289803384011503
24.7                                              0.1924065384148989
24.75                                             0.19190867424235267
24.8                                              0.1914048504136259
24.85                                             0.190895517898167
24.9                                              0.19038116236178051
24.95                                             0.1898622955626811
25                                                0.18933944538247224
25.05                                             0.1888131445879537
25.1                                              0.18828391846471268
25.150000000000002                                0.18775227150967858
25.2                                              0.18721867341689158
25.25                                             0.1866835446403731
25.3                                              0.1861472418638757
25.35                                             0.185610043753166
25.400000000000002                                0.18507213740683923
25.45                                             0.18453360595302554
25.5                                              0.18399441776543407
25.55                                             0.18345441778092503
25.599999999999998                                0.18291332139924182
25.650000000000002                                0.18237071143283615
25.7                                              0.18182603855679064
25.75                                             0.18127862567335065
25.799999999999997                                0.18072767652749847
25.85                                             0.1801722887854593
25.9                                              0.17961147166791314
25.950000000000003                                0.17904416812703267
26                                                0.17846928148394336
26.05                                             0.17788570666511477
26.099999999999998                                0.17729236285968694
26.15                                             0.1766882342753746
26.2                                              0.17607240057840384
26.25                                             0.17544408008688
26.299999999999997                                0.17480267943995675
26.349999999999998                                0.17414782195064502
26.4                                              0.1734793878711598
26.45                                             0.17279755362862642
26.5                                              0.1721027901397921
26.55                                             0.17139590960579798
26.599999999999998                                0.17067806295114538
26.65                                             0.1699507404587974
26.7                                              0.1692157598225908
26.75                                             0.16847524167606318
26.8                                              0.1677315721928257
26.85                                             0.16698735225095615
26.9                                              0.16624533322484086
26.95                                             0.16550833992876784
27                                                0.16477918172369657
27.05                                             0.16406055341521278
27.1                                              0.1633549282552153
27.15                                             0.16266444590676188
27.2                                              0.16199079893943102
27.25                                             0.16133512216814144
27.3                                              0.16069788973164023
27.35                                             0.1600788253079169
27.400000000000002                                0.15947683121948103
27.45                                             0.15888994231291234
27.5                                              0.15831531033806837
27.55                                             0.15774922404822525
27.6                                              0.15718716934443303
27.65                                             0.15662393244546832
27.7                                              0.15605374731310023
27.749999999999996                                0.15547048644483974
27.8                                              0.1548678917268735
27.849999999999998                                0.1542398394258132
27.900000000000002                                0.1535806307442658
27.95                                             0.15288529685775912
28                                                0.15214990516574395
28.049999999999997                                0.1513718517791751
28.1                                              0.15055012413871371
28.15                                             0.14968551722166604
28.200000000000003                                0.1487807871985684
28.25                                             0.14784072752670924
28.3                                              0.14687215409551166
28.349999999999998                                0.14588378827725848
28.400000000000002                                0.144886029628191
28.45                                             0.1438906133987347
28.500000000000004                                0.14291015197463922
28.549999999999997                                0.14195756405588583
28.6                                              0.14104540140612393
28.65                                             0.1401850902736202
28.700000000000003                                0.13938611213417432
28.75                                             0.13865515876872334
28.8                                              0.13799530855698652
28.849999999999998                                0.1374052823276294
28.899999999999995                                0.13687884850262763
28.95                                             0.1364044556302512
29.000000000000004                                0.1359651686204689
29.05                                             0.13553898871455522
29.099999999999998                                0.1350996146034467
29.15                                             0.13461766847851345
29.200000000000003                                0.13406239985344526
29.25                                             0.13340371730242762
29.299999999999997                                0.13261459715482748
29.35                                             0.13167351464981802
29.400000000000002                                0.13056682246777473
29.45                                             0.12929082179418408
29.499999999999996                                0.12785328959544476
29.55                                             0.12627431623445987
29.600000000000005                                0.12458631096279513
29.650000000000002                                0.12283306889579476
29.699999999999996                                0.12106787465877407
29.75                                             0.11935062243942397
29.800000000000004                                0.11774395945525705
29.85                                             0.11630847334934417
29.9                                              0.11509697685933025
29.95                                             0.1141480244893041
29.999999999999996                                0.11347896184395811
30.05                                             0.113079087715638
30.099999999999998                                0.11290390130722201
30.150000000000002                                0.11287184917501095
30.2                                              0.1128653213475294
30.25                                             0.11273761970184054
30.299999999999997                                0.11232695326525742
30.35                                             0.11147706412546328
30.4                                              0.11006206851326321
30.450000000000003                                0.10801118256796939
30.5                                              0.1053281204804148
30.55                                             0.10210076749213706
30.599999999999998                                0.0984990993970363
30.650000000000002                                0.09476219860365552
30.7                                              0.09117717000273114
30.750000000000004                                0.0880527300560638
30.799999999999997                                0.08568801670026248
30.85                                             0.08433340686864704
30.9                                              0.0841364635520537
30.950000000000003                                0.0850661101751282
31                                                0.08681892521830284
31.05                                             0.0887426711973512
31.099999999999998                                0.08986124189108653
31.149999999999995                                0.08910436371102516
31.2                                              0.08574208288954392
31.250000000000004                                0.07980046186382225
31.3                                              0.07214101696065453
31.349999999999998                                0.06414352256541729
31.4                                              0.05727873547651874
31.450000000000003                                0.05288179556737582
31.5                                              0.05218118711564755
31.549999999999997                                0.056288859608476745
31.6                                              0.06501078258990142
31.650000000000002                                0.07222429224121155
31.7                                              0.06582368728684977
31.749999999999996                                0.049126584610633545
31.8                                              0.03633315240708051
31.850000000000005                                0.031701770023553094
31.900000000000002                                0.044585069670277526
31.949999999999996                                0.0321407032090659
32                                                0.03273343171759445
32.050000000000004                                0.03830756978613063
32.1                                              0.04516429480659426
32.15                                             0.052965906407958896
32.2                                              0.06157404650361662
32.25                                             0.07090107347709565
32.300000000000004                                0.08088244203473477
32.35                                             0.09146648909807541
32.4                                              0.10260932349223643
32.449999999999996                                0.11427191972756355
32.5                                              0.1264183567968422
32.55                                             0.13901471135114055
32.6                                              0.1520283480066761
32.65                                             0.16542746170329553
32.7                                              0.17918078582497962
32.75                                             0.19325741275710395
32.800000000000004                                0.20762669280460302
32.85                                             0.22225818875107184
32.9                                              0.23712167044667584
32.949999999999996                                0.25218713837444384
33                                                0.2674248681214385
33.05                                             0.2828054696659972
33.1                                              0.29829995677508914
33.15                                             0.3138798228117717
33.2                                              0.32951711999329236
33.25                                             0.3451845396783322
33.300000000000004                                0.3608554916667771
33.35                                             0.37650418085796544
33.4                                              0.39210567991082096
33.45                                             0.4076359968132372
33.5                                              0.42307213650344333
33.55                                             0.43839215587570607
33.599999999999994                                0.4535752116861204
33.65                                             0.46860160102873927
33.7                                              0.4834527942069578
33.75                                             0.4981114599639731
33.8                                              0.5125614831359611
33.85                                             0.5267879748515408
33.900000000000006                                0.5407772755025321
33.95                                             0.5545169508397001
34                                                0.567995781597908
34.05                                             0.5812037470778589
34.1                                              0.5941320031379644
34.15                                             0.6067728550939615
34.199999999999996                                0.6191197260402511
34.25                                             0.6311671211098082
34.300000000000004                                0.6429105881402437
34.35                                             0.6543466752897126
34.4                                              0.6654728861615505
34.45                                             0.6762876328527984
34.50000000000001                                 0.6867901873559766
34.550000000000004                                0.696980631933921
34.6                                              0.7068598100672792
34.65                                             0.716429276557544
34.7                                              0.7256912395521053
34.75                                             0.7346485138386248
34.8                                              0.7433044740604028
34.85                                             0.7516630022746499
34.900000000000006                                0.7597284419271442
34.95                                             0.767505570511374
35                                                0.7749994928799897
35.050000000000004                                0.7822156581320221
35.1                                              0.7891598013060667
35.15                                             0.7958378914936867
35.199999999999996                                0.8022561077241844
35.24999999999999                                 0.8084207883487381
35.3                                              0.8143384051690346
35.35                                             0.8200155278472411
35.4                                              0.8254587929921368
35.449999999999996                                0.83067487549849
35.5                                              0.8356704615226387
35.550000000000004                                0.840452223428471
35.6                                              0.8450267966386185
35.65                                             0.849400758350447
35.7                                              0.8535806080740173
35.75                                             0.8575727499422332
35.8                                              0.8613834767400365
35.849999999999994                                0.865018955597189
35.9                                              0.8684852152869522
35.95                                             0.8717881350718273
36                                                0.8749334350344878
36.05                                             0.8779266678319598
36.1                                              0.8807732118088033
36.150000000000006                                0.8834782654069725
36.2                                              0.8860468428076558
36.25                                             0.8884837707425395
36.3                                              0.8907936864113094
36.35                                             0.8929810364428505
36.4                                              0.8950500768383122
36.449999999999996                                0.8970048738350392
36.5                                              0.8988493056306279
36.550000000000004                                0.900587064908297
36.6                                              0.9022216621043727
36.65                                             0.9037564293612428
36.7                                              0.9051945251087344
36.75000000000001                                 0.9065389392188392
36.800000000000004                                0.9077924986794067
36.849999999999994                                0.9089578737332163
36.9                                              0.9100375844302141
36.95                                             0.9110340075413639
37                                                0.9119493837845382
37.05                                             0.9127858253145187
37.1                                              0.913545323430981
37.150000000000006                                0.9142297564587749
37.2                                              0.9148408977538386
37.25                                             0.915380423788706
37.300000000000004                                0.9158499222735337
37.35                                             0.9162509002713896
37.4                                              0.9165847922667542
37.449999999999996                                0.9168529681443603
37.49999999999999                                 0.917056741342351
37.55                                             0.9171973753613842
37.6                                              0.9172760934432069
37.65                                             0.917294085377683
37.699999999999996                                0.9172525122852042
37.75                                             0.9171525154747275
37.800000000000004                                0.916995222787875
37.85                                             0.9167817517086824
37.9                                              0.9165132265362956
37.95                                             0.9161907649803671
38                                                0.9158154986999959
38.05                                             0.9153885719766316
38.099999999999994                                0.9149111466077332
38.15                                             0.9143844058435509
38.2                                              0.9138095576737747
38.25                                             0.9131878375926363
38.3                                              0.9125205111326654
38.35                                             0.9118088758392647
38.400000000000006                                0.9110542627506578
38.45                                             0.9102580374314845
38.5                                              0.9094216005594221
38.55                                             0.908546388017123
38.6                                              0.9076338704434557
38.65                                             0.9066855524024167
38.699999999999996                                0.9057029712261662
38.75                                             0.9046876953879452
38.800000000000004                                0.9036413224196628
38.85                                             0.9025654764415675
38.9                                              0.9014618053306764
38.95                                             0.9003319775433247
39.00000000000001                                 0.8991776786082292
39.050000000000004                                0.8980006073045649
39.099999999999994                                0.8968024715420955
39.15                                             0.8955849839774604
39.2                                              0.8943498574155284
39.25                                             0.8930988000357257
39.3                                              0.8918335104666222
39.35                                             0.8905556727263199
39.400000000000006                                0.8892669510498056
39.45                                             0.8879689846338236
39.5                                              0.8866633823360719
39.550000000000004                                0.8853517173658841
39.6                                              0.8840355220037469
39.65                                             0.8827162823872498
39.699999999999996                                0.8813954334091053
39.75                                             0.8800743537719774
39.8                                              0.8787543612160079
39.85                                             0.8774367078879363
39.9                                              0.8761225758590333
39.949999999999996                                0.8748130729023376
40                                                0.8735092286210575
40.050000000000004                                0.8722119909238583
40.1                                              0.8709222228297904
40.15                                             0.8696406996267775
40.2                                              0.8683681064327292
40.25                                             0.867105036196583
40.3                                              0.8658519880206805
40.349999999999994                                0.8646093655148861
40.4                                              0.8633774756371924
40.45                                             0.8621565288458874
40.5                                              0.8609466396663091
40.55                                             0.859747827132256
40.6                                              0.8585600156318426
40.650000000000006                                0.8573830363602976
40.7                                              0.8562166295601261
40.75                                             0.855060448041229
40.8                                              0.8539140589227693
40.85                                             0.852776944366255
40.9                                              0.8516485086349391
40.949999999999996                                0.8505280825535165
41                                                0.8494149268116048
41.050000000000004                                0.8483082357819964
41.1                                              0.8472071539013453
41.15                                             0.8461107648181994
41.2                                              0.8450180992413796
41.25000000000001                                 0.8439281515609468
41.300000000000004                                0.8428398891951249
41.349999999999994                                0.8417522383327374
41.4                                              0.8406641060887753
41.45                                             0.8395743992684734
41.5                                              0.8384820019317158
41.55                                             0.8373858057774396
41.6                                              0.8362847089914585
41.650000000000006                                0.8351776245680896
41.7                                              0.8340634875759925
41.75                                             0.8329412622910295
41.800000000000004                                0.8318099491948997
41.85                                             0.8306685918059024
41.9                                              0.8295162833036543
41.949999999999996                                0.8283521729103575
42                                                0.8271754719902445
42.050000000000004                                0.825985459831031
42.1                                              0.8247814890720018
42.15                                             0.8235629907453937
42.199999999999996                                0.8223294788986447
42.25                                             0.8210805547688133
42.300000000000004                                0.819815910479843
42.35                                             0.8185353322385456
42.4                                              0.8172387030054518
42.45                                             0.8159260046202157
42.5                                              0.814597319364888
42.55                                             0.8132528309498283
42.599999999999994                                0.8118928249112982
42.65                                             0.810517688412644
42.7                                              0.8091279094445876
42.75                                             0.8077240754227201
42.8                                              0.8063068711848448
42.85                                             0.8048770763935764
42.900000000000006                                0.8034355623533938
42.95                                             0.8019832882545773
43                                                0.8005212968607252
43.05                                             0.7990507096584786
43.1                                              0.7975727214934305
43.15                                             0.7960885947172232
43.199999999999996                                0.794599652876058
43.25                                             0.7931072739714606
43.300000000000004                                0.7916128833291407
43.35                                             0.7901179461125053
43.4                                              0.7886239595221017
43.45                                             0.7871324447227468
43.50000000000001                                 0.7856449385437949
43.550000000000004                                0.7841629849980002
43.599999999999994                                0.7826881266642006
43.65                                             0.781221895982007
43.7                                              0.779765806506817
43.75                                             0.7783213441758751
43.8                                              0.7768899586394835
43.85                                             0.7754730547382948
43.900000000000006                                0.7740719806552097
43.95                                             0.7726880354581329
44                                                0.7713224260309958
44.050000000000004                                0.7699763148736549
44.1                                              0.7686507470188952
44.15                                             0.767346693096947
44.199999999999996                                0.7660650241930196
44.25                                             0.7648065081274382
44.300000000000004                                0.7635718051386379
44.35                                             0.7623614558078152
44.4                                              0.7611758869900009
44.449999999999996                                0.7600154028694855
44.5                                              0.758880182556208
44.550000000000004                                0.7577702779790387
44.6                                              0.7566856123631908
44.65                                             0.7556259786178842
44.7                                              0.7545910391567049
44.75                                             0.7535803269941987
44.8                                              0.7525932468238
44.849999999999994                                0.7516290768771324
44.9                                              0.7506869716415241
44.95                                             0.7497659653450803
45                                                0.7488649761797512
45.05                                             0.747982811194902
45.1                                              0.7471181717995106
45.150000000000006                                0.7462696599945817
45.2                                              0.74543578538405
45.25                                             0.744614972774487
45.3                                              0.743805570293668
45.35                                             0.7430058580471854
45.4                                              0.7422140572930974
45.449999999999996                                0.7414283400861544
45.5                                              0.7406468393366159
45.550000000000004                                0.7398676592259468
45.6                                              0.7390888859130179
45.65                                             0.7383085984705199
45.7                                              0.7375248800007655
45.75000000000001                                 0.7367358288875898
45.800000000000004                                0.7359395701220722
45.849999999999994                                0.7351342666313703
45.9                                              0.734318130538718
45.95                                             0.733489434280428
46                                                0.7326465215060679
46.05                                             0.7317878176915976
46.1                                              0.7309118404002332
46.150000000000006                                0.7300172091284827
46.2                                              0.7291026546746382
46.25                                             0.728167027968996
46.300000000000004                                0.7272093083111227
46.35                                             0.7262286109676325
46.4                                              0.7252241940876231
46.449999999999996                                0.7241954648688442
46.5                                              0.7231419848761602
46.550000000000004                                0.722063474441834
46.6                                              0.7209598161608731
46.65                                             0.7198310575119264
46.7                                              0.7186774125730049
46.75000000000001                                 0.7174992627753295
46.800000000000004                                0.7162971566586663
46.85                                             0.7150718086175586
46.9                                              0.7138240966330797
46.95                                             0.7125550589616456
47                                                0.7112658897045484
47.05                                             0.7099579332822881
47.099999999999994                                0.708632678184655
47.15                                             0.7072917500921699
47.2                                              0.705936903798777
47.25                                             0.7045700139190987
47.3                                              0.7031930647802646
47.35                                             0.7018081396109607
47.400000000000006                                0.7004174090756173
47.45                                             0.6990231195096062
47.5                                              0.6976275810232959
47.55                                             0.6962331518050031
47.6                                              0.6948422209533766
47.65                                             0.6934571989131791
47.699999999999996                                0.6920805034353827
47.75                                             0.6907145427166739
47.800000000000004                                0.6893616992796842
47.85                                             0.6880243117125107
47.9                                              0.686704668801383
47.95                                             0.6854049960287812
48.00000000000001                                 0.684127416150453
48.050000000000004                                0.682873956592713
48.099999999999994                                0.6816465318873843
48.15                                             0.6804469263443167
48.2                                              0.6792767850233034
48.25                                             0.6781375551901647
48.3                                              0.677030625549051
48.35                                             0.6759570941740132
48.400000000000006                                0.6749179210685564
48.45                                             0.6739138637464436
48.5                                              0.6729454749263482
48.550000000000004                                0.6720130965019231
48.6                                              0.6711168545092012
48.65                                             0.6702566554118037
48.699999999999996                                0.6694321837958255
48.74999999999999                                 0.6686429015285862
48.800000000000004                                0.6678880484154273
48.85                                             0.6671666443795737
48.9                                              0.6664774931746045
48.949999999999996                                0.6658191876302226
49.00000000000001                                 0.6651901164177604
49.050000000000004                                0.6645884723120136
49.1                                              0.6640122619131991
49.15                                             0.6634593167808123
49.2                                              0.6629273059207297
49.25                                             0.6624137495545162
49.3                                              0.6619160340900216
49.349999999999994                                0.6614314282017232
49.400000000000006                                0.6609570999202453
49.45                                             0.6604901346221612
49.5                                              0.6600275538023402
49.55                                             0.6595663345056189
49.60000000000001                                 0.6591034292877713
49.650000000000006                                0.6586357865710355
49.7                                              0.6581603712548708
49.75                                             0.6576741854414947
49.800000000000004                                0.6571742891311727
49.85                                             0.6566578207429724
49.9                                              0.6561220173169785
49.949999999999996                                0.655564234252482
50.00000000000001                                 0.6549819644416396
