20                       0.2511716952048242
20.05                    0.25088682756356184
20.1                     0.2506023449211618
20.15                    0.2503182657095396
20.2                     0.25003460412886674
20.25                    0.2497513698998525
20.3                     0.2494685680352763
20.35                    0.24918619862987776
20.4                     0.2489042566579553
20.45                    0.24862273176748867
20.5                     0.24834160808028477
20.55                    0.2480608640301632
20.6                     0.24778047226067745
20.650000000000002       0.2475003995746755
20.7                     0.24722060691860231
20.75                    0.24694104943272938
20.8                     0.2466616756601512
20.85                    0.24638243002218652
20.900000000000002       0.24610325029420393
20.95                    0.24582406964771747
21                       0.24554481609985968
21.05                    0.2452654179311868
21.099999999999998       0.24498576533824143
21.150000000000002       0.24470580924153074
21.2                     0.24442544334376545
21.249999999999996       0.2441445754743142
21.299999999999997       0.2438631101347399
21.349999999999998       0.24358094951952017
21.4                     0.24329799423697732
21.45                    0.24301414392337348
21.5                     0.2427292978898346
21.549999999999997       0.2424433557943235
21.599999999999998       0.24215621830907197
21.65                    0.24186778778331738
21.7                     0.24157796890756103
21.75                    0.24128666936498191
21.799999999999997       0.24099380043721214
21.849999999999998       0.24069927757555054
21.9                     0.24040302093133628
21.95                    0.24010495582310684
22                       0.23980501312870103
22.05                    0.2395031295920686
22.099999999999998       0.23919924803493972
22.15                    0.23889331746442516
22.2                     0.2385852930655037
22.25                    0.23827513606507938
22.3                     0.23796281345964673
22.35                    0.23764829760511097
22.4                     0.2373315656670454
22.45                    0.23701259892775525
22.5                     0.23669138194833925
22.55                    0.2363679015889871
22.6                     0.2360421458946382
22.65                    0.23571410284945635
22.7                     0.23538375898899255
22.75                    0.23505109786734454
22.8                     0.23471609844792943
22.85                    0.23437873349013405
22.900000000000002       0.23403896790130152
22.95                    0.23369675703271184
23                       0.23335204496868373
23.05                    0.23300476286388558
23.1                     0.2326548273532861
23.150000000000002       0.23230213902505142
23.2                     0.23194658107144386
23.25                    0.23158801833116663
23.3                     0.2312262964777192
23.349999999999998       0.23086124134159286
23.400000000000002       0.23049265861479495
23.45                    0.23012033393065795
23.5                     0.22974403335498594
23.549999999999997       0.22936350465215
23.6                     0.22897847845000766
23.65                    0.22858866995632102
23.700000000000003       0.228193782640418
23.75                    0.22779349641123467
23.799999999999997       0.22738751336141272
23.849999999999998       0.22697550985362666
23.9                     0.22655716685669408
23.95                    0.22613217478687922
24                       0.22570023497346944
24.049999999999997       0.22526106082861594
24.099999999999998       0.22481438921391841
24.15                    0.22435998556340767
24.2                     0.2238976465925875
24.25                    0.22342720721790135
24.3                     0.22294854559158303
24.349999999999998       0.22246158792368034
24.4                     0.2219663128002043
24.45                    0.2214627548420806
24.5                     0.2209510075556435
24.55                    0.22043122523449413
24.6                     0.2199036237777347
24.65                    0.21936848029718975
24.7                     0.21882613139615673
24.75                    0.21827697001944185
24.8                     0.21772144079848113
24.85                    0.21716003384313434
24.9                     0.21659327696359643
24.95                    0.21602172634100159
25                       0.21544595570668196
25.05                    0.21486654413382808
25.1                     0.2142840625922624
25.150000000000002       0.21369905946858953
25.2                     0.21311204530453975
25.25                    0.21252347706002336
25.3                     0.2119337422578308
25.35                    0.2113431434171347
25.400000000000002       0.21075188322607405
25.45                    0.21016005094116724
25.5                     0.20956761052772202
25.55                    0.20897439106925034
25.599999999999998       0.20838007997190192
25.650000000000002       0.20778421947465578
25.7                     0.20718620695095713
25.75                    0.20658529944489123
25.799999999999997       0.20598062280837107
25.85                    0.20537118568665721
25.9                     0.20475589846652897
25.950000000000003       0.20413359717501925
26                       0.20350307219608366
26.05                    0.20286310131757684
26.099999999999998       0.20221249021489118
26.15                    0.20155010434035373
26.2                     0.20087491894536633
26.25                    0.20018605609523718
26.299999999999997       0.1994828362826804
26.349999999999998       0.1987648173903781
26.4                     0.19803182270693637
26.45                    0.19728402095833017
26.5                     0.19652188085004046
26.55                    0.1957462491881184
26.599999999999998       0.1949583423307092
26.65                    0.19415974792040017
26.7                     0.19335241294435435
26.75                    0.19253861836263922
26.8                     0.19172093934092588
26.85                    0.19090219087355634
26.9                     0.19008535876284519
26.95                    0.18927351642846635
27                       0.1884697286186185
27.05                    0.18767694370360405
27.1                     0.18689787695688914
27.15                    0.18613488800561967
27.2                     0.18538985632236715
27.25                    0.1846640593863916
27.3                     0.18395805885125052
27.35                    0.18327160062649653
27.400000000000002       0.18260353517966538
27.45                    0.18195176452357006
27.5                     0.18131322220001655
27.55                    0.18068389203477608
27.6                     0.18005887046990052
27.65                    0.1794324758623167
27.7                     0.17879840626299387
27.749999999999996       0.17814994489164523
27.8                     0.17748020989017393
27.849999999999998       0.1767824421067675
27.900000000000002       0.17605032179032915
27.95                    0.17527830234510164
28                       0.1744619468928614
28.049999999999997       0.1735982514704505
28.1                     0.17268593738077892
28.15                    0.17172569466698706
28.200000000000003       0.1707203590262043
28.25                    0.16967500549938266
28.3                     0.16859694383253138
28.349999999999998       0.16749560271789735
28.400000000000002       0.16638229314772557
28.45                    0.16526984471857475
28.500000000000004       0.16417211294189657
28.549999999999997       0.16310336061071454
28.6                     0.16207752312729878
28.65                    0.16110737625718996
28.700000000000003       0.1602036324389603
28.75                    0.15937400334386573
28.8                     0.1586222804476556
28.849999999999998       0.15794749796349025
28.899999999999995       0.1573432546883292
28.95                    0.15679728221366862
29.000000000000004       0.15629134678382453
29.05                    0.15580156636174985
29.099999999999998       0.15529921350298273
29.15                    0.1547520160778325
29.200000000000003       0.1541260619112841
29.25                    0.15338792100394136
29.299999999999997       0.1525073394641384
29.35                    0.15145990791520383
29.400000000000002       0.15022970560828086
29.45                    0.14881159138964425
29.499999999999996       0.14721300117169228
29.55                    0.14545493989704564
29.600000000000005       0.14357210715215962
29.650000000000002       0.14161199468355937
29.699999999999996       0.13963292052688908
29.75                    0.13770096296273876
29.800000000000004       0.13588578646932306
29.85                    0.13425536860227322
29.9                     0.13286967623391938
29.95                    0.1317734341197401
29.999999999999996       0.13098831734082186
30.05                    0.13050521257747752
30.099999999999998       0.13027762914431668
30.150000000000002       0.13021782851466127
30.2                     0.13019760783291343
30.25                    0.13005564332451902
30.299999999999997       0.12961257337945364
30.35                    0.12869343291366828
30.4                     0.12715487475159848
30.450000000000003       0.12491254644684265
30.5                     0.12196301354110098
30.55                    0.1183954323198377
30.599999999999998       0.11439063583556136
30.650000000000002       0.1102083227533071
30.7                     0.10616512540746852
30.750000000000004       0.10260634197037044
30.799999999999997       0.09987176932755785
30.85                    0.09825201985098773
30.9                     0.09792769422253043
30.950000000000003       0.09888372838636579
31                       0.10080307139565375
31.05                    0.10297810426195175
31.099999999999998       0.10433200262195383
31.149999999999995       0.10366392638618857
31.2                     0.10012206077259068
31.250000000000004       0.09366800838265783
31.3                     0.08518833284297038
31.349999999999998       0.07617407717794024
31.4                     0.068263608818324
31.450000000000003       0.06298864145597605
31.5                     0.06180127567123258
31.549999999999997       0.06607629318832181
31.6                     0.07582504481483135
31.650000000000002       0.08450720462297823
31.7                     0.07838065579759394
31.749999999999996       0.05998898469419575
31.8                     0.044973703159717056
31.850000000000005       0.038650680756896004
31.900000000000002       0.051557459653030394
31.949999999999996       0.04013424795970191
32                       0.03891830920788663
32.050000000000004       0.04430078351033186
32.1                     0.05134583483910311
32.15                    0.05955241018728764
32.2                     0.06872355771131786
32.25                    0.07873996605986043
32.300000000000004       0.0895160756714071
32.35                    0.10098450959089639
32.4                     0.11308867872325797
32.449999999999996       0.1257787365837963
32.5                     0.13900919280388196
32.55                    0.15273744196689176
32.6                     0.1669228340514158
32.65                    0.1815260819568002
32.7                     0.1965088871978394
32.75                    0.2118337112580176
32.800000000000004       0.22746364659711893
32.85                    0.24336235701535827
32.9                     0.25949406672743214
32.949999999999996       0.27582358363204196
33                       0.29231634627353537
33.05                    0.3089384866909641
33.1                     0.3256569032259883
33.15                    0.34243933871168836
33.2                     0.35925446046168613
33.25                    0.3760719392445793
33.300000000000004       0.39286252501885516
33.35                    0.40959811767968685
33.4                     0.42625183146126283
33.45                    0.4427980519790842
33.5                     0.45921248520239066
33.55                    0.4754721978862396
33.599999999999994       0.49155564921576883
33.65                    0.5074427135925959
33.7                     0.5231146946564671
33.75                    0.5385543307770633
33.8                     0.5537457923558792
33.85                    0.5686746713601631
33.900000000000006       0.5833279635758203
33.95                    0.5976940441476529
34                       0.6117626370130613
34.05                    0.6255247788585631
34.1                     0.6389727782331878
34.15                    0.6521001704564782
34.199999999999996       0.6649016689152714
34.25                    0.6773731133015006
34.300000000000004       0.6895114155065535
34.35                    0.7013145038821625
34.4                     0.7127812661137688
34.45                    0.7239114911417878
34.50000000000001        0.7347058107293942
34.550000000000004       0.7451656412195461
34.6                     0.75529312659492
34.65                    0.765091081800504
34.7                     0.774562932086512
34.75                    0.783712660966309
34.8                     0.7925447589962233
34.85                    0.8010641704161932
34.900000000000006       0.8092762433331638
34.95                    0.8171866859090516
35                       0.8248015125756281
35.050000000000004       0.8321270044264532
35.1                     0.8391696667774
35.15                    0.8459362097515201
35.199999999999996       0.8524334528432137
35.24999999999999        0.8586683913409764
35.3                     0.8646480365745491
35.35                    0.8703794950609733
35.4                     0.8758698857554809
35.449999999999996       0.8811263258299417
35.5                     0.8861559065084789
35.550000000000004       0.8909656709933149
35.6                     0.895562594316451
35.65                    0.8999535650384717
35.7                     0.9041453687234355
35.75                    0.9081446731158886
35.8                     0.9119580149470521
35.849999999999994       0.9155917882974033
35.9                     0.9190522344432097
35.95                    0.9223454331155735
36                       0.9254772950999054
36.05                    0.928453556105732
36.1                     0.9312797718366727
36.150000000000006       0.9339613141935734
36.2                     0.9365033685439197
36.25                    0.9389109319931817
36.3                     0.941188812595146
36.35                    0.9433416294397567
36.4                     0.9453738135588771
36.449999999999996       0.9472896095922153
36.5                     0.9490930781568644
36.550000000000004       0.9507880988663429
36.6                     0.9523783739457145
36.65                    0.9538674323918923
36.7                     0.9552586346286857
36.75000000000001        0.9565551776084126
36.800000000000004       0.9577601003122912
36.849999999999994       0.9588762896040308
36.9                     0.9599064863920944
36.95                    0.9608532920586169
37                       0.9617191751157625
37.05                    0.9625064780514258
37.1                     0.9632174243253154
37.150000000000006       0.9638541254724287
37.2                     0.9644185882714614
37.25                    0.9649127219407025
37.300000000000004       0.9653383453312803
37.35                    0.9656971940901233
37.4                     0.9659909277653828
37.449999999999996       0.9662211368451581
37.49999999999999        0.9663893469494198
37.55                    0.966497037476541
37.6                     0.966545624363521
37.65                    0.9665364955288785
37.699999999999996       0.9664709907387791
37.75                    0.9663504259715112
37.800000000000004       0.9661760905850314
37.85                    0.9659492542101308
37.9                     0.9656711714592272
37.95                    0.9653430876449455
38                       0.9649662419203633
38.05                    0.964541872111838
38.099999999999994       0.964071218157828
38.15                    0.9635555254162641
38.2                     0.9629960473501369
38.25                    0.96239404818242
38.3                     0.9617508051460237
38.35                    0.9610676101729276
38.400000000000006       0.9603457712444569
38.45                    0.959586613375232
38.5                     0.9587914792150732
38.55                    0.957961729268161
38.6                     0.957098741737682
38.65                    0.9562039120139105
38.699999999999996       0.9552786518108008
38.75                    0.9543243879556378
38.800000000000004       0.9533425608492807
38.85                    0.9523346226145704
38.9                     0.95130203494888
38.95                    0.9502462666976804
39.00000000000001        0.9491687911664873
39.050000000000004       0.948071083188636
39.099999999999994       0.9469546159669104
39.15                    0.9458208577121103
39.2                     0.944671268109447
39.25                    0.9435072946463283
39.3                     0.9423303688282929
39.35                    0.9411419023012855
39.400000000000006       0.9399432828974253
39.45                    0.9387358706280152
39.5                     0.9375209936528576
39.550000000000004       0.936299944256211
39.6                     0.9350739748608009
39.65                    0.9338442941150135
39.699999999999996       0.9326120630943623
39.75                    0.9313783916517798
39.8                     0.9301443349048141
39.85                    0.9289108898076072
39.9                     0.9276789918356262
39.949999999999996       0.9264495119290368
40                       0.9252232537731702
40.050000000000004       0.9240009513766568
40.1                     0.9227832669158649
40.15                    0.9215707888730251
40.2                     0.9203640305165175
40.25                    0.9191634287192086
40.3                     0.9179693428883043
40.349999999999994       0.9167820537854279
40.4                     0.9156017631716066
40.45                    0.9144285948788157
40.5                     0.9132625957254638
40.55                    0.9121037360680674
40.6                     0.9109519108230462
40.650000000000006       0.9098069410512887
40.7                     0.908668576127851
40.75                    0.9075364971264893
40.8                     0.9064103193818959
40.85                    0.9052895928118174
40.9                     0.9041738073939727
40.949999999999996       0.9030623978333836
41                       0.9019547467496464
41.050000000000004       0.9008501880614214
41.1                     0.8997480180247596
41.15                    0.8986474932117369
41.2                     0.8975478316453892
41.25000000000001        0.8964482274311044
41.300000000000004       0.8953478596402173
41.349999999999994       0.8942458762571112
41.4                     0.8931414307998408
41.45                    0.8920336562917589
41.5                     0.8909217026360696
41.55                    0.8898047184555538
41.6                     0.8886818671907651
41.650000000000006       0.8875523315144305
41.7                     0.886415319100623
41.75                    0.8852700683359411
41.800000000000004       0.8841158538993756
41.85                    0.8829519921728372
41.9                     0.8817778464493273
41.949999999999996       0.8805928319066825
42                       0.8793964203163234
42.050000000000004       0.8781881444569724
42.1                     0.8769676022056581
42.15                    0.8757344602793808
42.199999999999996       0.8744884576023829
42.25                    0.8732294082761174
42.300000000000004       0.8719572041300502
42.35                    0.870671816834367
42.4                     0.8693732995572364
42.45                    0.8680617881520251
42.5                     0.8667375018624679
42.55                    0.8654007435360449
42.599999999999994       0.8640518993389281
42.65                    0.8626914379682931
42.7                     0.8613199093610493
42.75                    0.8599379429005211
42.8                     0.8585462451258028
42.85                    0.8571455969514674
42.900000000000006       0.8557368504081823
42.95                    0.8543209249178291
43                       0.8528988031196095
43.05                    0.8514715262663313
43.1                     0.8500401892130153
43.15                    0.8486059350223409
43.199999999999996       0.8471699492138045
43.25                    0.8457334536859927
43.300000000000004       0.8442977003431656
43.35                    0.8428639644601937
43.4                     0.8414335378225264
43.45                    0.8400077216797799
43.50000000000001        0.8385878195532134
43.550000000000004       0.8371751299363532
43.599999999999994       0.8357709389279515
43.65                    0.8343765128375554
43.7                     0.8329930908057659
43.75                    0.8316218774842108
43.8                     0.8302640358244205
43.85                    0.8289206800642649
43.900000000000006       0.8275928638723885
43.95                    0.8262815965833016
44                       0.8249877882892271
44.050000000000004       0.8237123109160832
44.1                     0.8224559223186368
44.15                    0.8212193112820423
44.199999999999996       0.8200030736896801
44.25                    0.8188077102427557
44.300000000000004       0.8176336249187606
44.35                    0.816481110869175
44.4                     0.815350362151066
44.449999999999996       0.814241463217746
44.5                     0.8131543885053035
44.550000000000004       0.812089001410366
44.6                     0.8110450538083861
44.65                    0.8100221858656566
44.7                     0.8090199266705639
44.75                    0.8080376958220763
44.8                     0.8070748053693584
44.849999999999994       0.8061304623716239
44.9                     0.8052037721393157
44.95                    0.804293742114436
45                       0.8033992863676965
45.05                    0.8025192306866622
45.1                     0.8016523182243752
45.150000000000006       0.8007972157077067
45.2                     0.7999525201946802
45.25                    0.7991167663249956
45.3                     0.7982884340202157
45.35                    0.7974659566056069
45.4                     0.7966477293174847
45.449999999999996       0.7958321181514593
45.5                     0.7950174690041673
45.550000000000004       0.7942021170567402
45.6                     0.7933843963469979
45.65                    0.7925626494777751
45.7                     0.7917352374099322
45.75000000000001        0.7909005492877468
45.800000000000004       0.7900570122394559
45.849999999999994       0.789203101095182
45.9                     0.7883373479609062
45.95                    0.7874583515849821
46                       0.7865647864544053
46.05                    0.7856554115627232
46.1                     0.7847290787944303
46.150000000000006       0.7837847408729375
46.2                     0.7828214588217286
46.25                    0.781838408893286
46.300000000000004       0.7808348889282402
46.35                    0.7798103241063675
46.4                     0.7787642720292366
46.449999999999996       0.7776964270302693
46.5                     0.7766066236239065
46.550000000000004       0.775494839126475
46.6                     0.7743611955495129
46.65                    0.7732059607651828
46.7                     0.7720295488438059
46.75000000000001        0.770832519493165
46.800000000000004       0.7696155765907168
46.85                    0.7683795658246396
46.9                     0.7671254714404425
46.95                    0.765854412026729
47                       0.7645676352187339
47.05                    0.7632665115063678
47.099999999999994       0.761952527875917
47.15                    0.760627281079671
47.2                     0.7592924693778544
47.25                    0.7579498830473904
47.3                     0.756601394404714
47.35                    0.7552489473589257
47.400000000000006       0.7538945464310554
47.45                    0.7525402459032601
47.5                     0.7511881407508535
47.55                    0.7498403532497986
47.6                     0.7484990104328929
47.65                    0.7471662366536875
47.699999999999996       0.7458441457351357
47.75                    0.7445348252984981
47.800000000000004       0.7432403221613547
47.85                    0.7419626273846499
47.9                     0.7407036610774435
47.95                    0.7394652724578309
48.00000000000001        0.7382492113496002
48.050000000000004       0.7370571201404316
48.099999999999994       0.735890523881273
48.15                    0.7347508202369107
48.2                     0.7336392706068752
48.25                    0.7325569309882225
48.3                     0.731504831957019
48.35                    0.7304836982640684
48.400000000000006       0.7294941400718961
48.45                    0.7285365784320514
48.5                     0.7276112466199246
48.550000000000004       0.7267181864682284
48.6                     0.7258572455177433
48.65                    0.725028075347793
48.699999999999996       0.7242301311708078
48.74999999999999        0.7234626727299895
48.800000000000004       0.7227247665207929
48.85                    0.7220152893456534
48.9                     0.7213329332003666
48.949999999999996       0.7206762114802702
49.00000000000001        0.720043466484185
49.050000000000004       0.7194328781838839
49.1                     0.7188424742172825
49.15                    0.7182701410534496
49.2                     0.7177136362681562
49.25                    0.7171706018596119
49.3                     0.7166385785250641
49.349999999999994       0.7161150208116523
49.400000000000006       0.7155973130462632
49.45                    0.7150827859440257
49.5                     0.7145687337875793
49.55                    0.7140524320649473
49.60000000000001        0.7135311554495083
49.650000000000006       0.7130021960013209
49.7                     0.7124628814671301
49.75                    0.7119105935537134
49.800000000000004       0.7113427860490292
49.85                    0.7107570026646762
49.9                     0.7101508944739627
49.949999999999996       0.7095222368215913
50.00000000000001        0.7088689455826817
