20                       0.3091778306323071
20.05                    0.308863686436382
20.1                     0.30854984467589447
20.15                    0.3082363196263216
20.2                     0.3079231209612832
20.25                    0.3076102534836662
20.3                     0.3072977168783055
20.35                    0.3069855054910827
20.4                     0.3066736081303691
20.45                    0.3063620078754194
20.5                     0.30605068188416135
20.55                    0.3057396012175499
20.6                     0.3054287307106173
20.650000000000002       0.30511802890167655
20.7                     0.304807448008483
20.75                    0.30449693396208855
20.8                     0.3041864253910519
20.85                    0.30387585674145934
20.900000000000002       0.30356515416383306
20.95                    0.3032542412871963
21                       0.30294303498646213
21.05                    0.3026314497196742
21.099999999999998       0.3023193700996243
21.150000000000002       0.30200672901022085
21.2                     0.3016934088936494
21.249999999999996       0.301379305338985
21.299999999999997       0.3010643101609612
21.349999999999998       0.3007483127713228
21.4                     0.3004312009937228
21.45                    0.300112861715018
21.5                     0.2997931815997425
21.549999999999997       0.2994720478317486
21.599999999999998       0.29914934884564387
21.65                    0.2988249750536997
21.7                     0.298498819569018
21.75                    0.2981707789274334
21.799999999999997       0.29784075377646324
21.849999999999998       0.29750864951254785
21.9                     0.2971743768678137
21.95                    0.2968378524313966
22                       0.2964989990897053
22.05                    0.29615774637400455
22.099999999999998       0.2958140307070915
22.15                    0.29546779553994923
22.2                     0.2951189913670412
22.25                    0.2947675756011536
22.3                     0.294413512292779
22.35                    0.2940567716924511
22.4                     0.2936973296586049
22.45                    0.2933351669121476
22.5                     0.29297026813480553
22.55                    0.2926026209136824
22.6                     0.2922322145366397
22.65                    0.2918590386389258
22.7                     0.2914830816805965
22.75                    0.2911043292573519
22.8                     0.29072276233992894
22.85                    0.29033835551883497
22.900000000000002       0.2899510751995327
22.95                    0.28956087772241706
23                       0.28916770746950027
23.05                    0.2887714950212256
23.1                     0.2883721553830748
23.150000000000002       0.28796958625666896
23.2                     0.28756366651142007
23.25                    0.28715425513080334
23.3                     0.2867411902902369
23.349999999999998       0.2863242885397243
23.400000000000002       0.2859033443922346
23.45                    0.28547813023035273
23.5                     0.28504839660089676
23.549999999999997       0.2846138744964079
23.6                     0.2841742761968741
23.65                    0.2837292958282931
23.700000000000003       0.2832786129771843
23.75                    0.2828218932275884
23.799999999999997       0.2823588037792025
23.849999999999998       0.281888994484721
23.9                     0.2814121238220458
23.95                    0.28092785298209855
24                       0.2804358577627182
24.049999999999997       0.27993582868171485
24.099999999999998       0.2794274757671891
24.15                    0.2789105426094053
24.2                     0.2783848055035371
24.25                    0.2778500818722663
24.3                     0.27730623579610014
24.349999999999998       0.27675318337276367
24.4                     0.2761908975499606
24.45                    0.2756194122642535
24.5                     0.27503882572644994
24.55                    0.2744493026944435
24.6                     0.2738510755793543
24.65                    0.2732444442392223
24.7                     0.27262977433027624
24.75                    0.2720074941043053
24.8                     0.2713780895642578
24.85                    0.27074209791796927
24.9                     0.27010009930337897
24.95                    0.2694527067972246
25                       0.2688005547628855
25.05                    0.2681442856411937
25.1                     0.2674845353399498
25.150000000000002       0.2668219174336606
25.2                     0.26615700644133927
25.25                    0.26549032050957644
25.3                     0.26482230388390116
25.35                    0.2641533096072534
25.400000000000002       0.2634835829326689
25.45                    0.2628132459800498
25.5                     0.2621422841979665
25.55                    0.2614705352109875
25.599999999999998       0.26079768063804626
25.650000000000002       0.26012324145552973
25.7                     0.2594465774498101
25.75                    0.25876689124563845
25.799999999999997       0.2580832373115871
25.85                    0.2573945362349629
25.9                     0.2566995944368732
25.950000000000003       0.25599712936679864
26                       0.25528580008807755
26.05                    0.25456424337733313
26.099999999999998       0.2538311111926581
26.15                    0.2530851202925133
26.2                     0.2523250898960115
26.25                    0.2515499918087625
26.299999999999997       0.2507590071075754
26.349999999999998       0.24995156342255503
26.4                     0.24912739399641184
26.45                    0.24828655818969295
26.5                     0.24742948248817415
26.55                    0.24655699198982597
26.599999999999998       0.24567032002624312
26.65                    0.2447711128962156
26.7                     0.2438614203953729
26.75                    0.24294367162461392
26.8                     0.24202063532983611
26.85                    0.2410953639636596
26.9                     0.24017112129220758
26.95                    0.23925129391298836
27                       0.2383392876342071
27.05                    0.2374384103967051
27.1                     0.23655174425747347
27.15                    0.23568200968135367
27.2                     0.23483142625235692
27.25                    0.2340015748598027
27.3                     0.23319326719249114
27.35                    0.23240642904918016
27.400000000000002       0.2316400044779851
27.45                    0.23089188799971075
27.5                     0.23015889206790882
27.55                    0.22943675640407396
27.6                     0.22872020485971994
27.65                    0.22800305395911555
27.7                     0.22727837528277123
27.749999999999996       0.22653871141974427
27.8                     0.22577634241396263
27.849999999999998       0.22498359658456743
27.900000000000002       0.22415319647931528
27.95                    0.22327862772230916
28                       0.22235451582528387
28.049999999999997       0.22137699381088868
28.1                     0.22034404186386247
28.15                    0.21925577931856435
28.200000000000003       0.21811468922309915
28.25                    0.21692575636958805
28.3                     0.21569650092975848
28.349999999999998       0.21443689182373882
28.400000000000002       0.21315912670916687
28.45                    0.21187726898737957
28.500000000000004       0.2106067366045027
28.549999999999997       0.20936364299026472
28.6                     0.20816399790977969
28.65                    0.20702278508184205
28.700000000000003       0.2059529437505874
28.75                    0.20496429516547163
28.8                     0.204062470386237
28.849999999999998       0.20324791135525497
28.899999999999995       0.20251503248743752
28.95                    0.201851641237275
29.000000000000004       0.201238716589105
29.05                    0.20065064803509292
29.099999999999998       0.20005601229766443
29.15                    0.19941892648861795
29.200000000000003       0.19870098030567104
29.25                    0.19786369855482902
29.299999999999997       0.19687134699757045
29.35                    0.1956939921550679
29.400000000000002       0.19431050862634613
29.45                    0.1927113290573164
29.499999999999996       0.19090064603672474
29.55                    0.18889787378473175
29.600000000000005       0.1867381769137726
29.650000000000002       0.18447189463863617
29.699999999999996       0.1821627810639352
29.75                    0.17988497023850944
29.800000000000004       0.17771860565228226
29.85                    0.17574409261969673
29.9                     0.17403498230451175
29.95                    0.17264961350001398
29.999999999999996       0.17162186582166958
30.05                    0.17095174847846523
30.099999999999998       0.17059705660387392
30.150000000000002       0.17046788956218856
30.2                     0.17042624912974474
30.25                    0.17029292077664893
30.299999999999997       0.1698630724470079
30.35                    0.16893033926715195
30.4                     0.16731685321862136
30.450000000000003       0.16490446090633007
30.5                     0.16166123963143714
30.55                    0.15765807619774863
30.599999999999998       0.15307240011294976
30.650000000000002       0.1481791295391806
30.7                     0.14333101404203824
30.750000000000004       0.13893063708361336
30.799999999999997       0.13539393510036463
30.85                    0.1331006942537036
30.9                     0.13232288482353372
30.950000000000003       0.13312129725340796
31                       0.13521386813149536
31.05                    0.13785737684665264
31.099999999999998       0.13984514382447633
31.149999999999995       0.1397517624811367
31.2                     0.13644546122419823
31.250000000000004       0.12963362830485126
31.3                     0.12007010545914677
31.349999999999998       0.10929545576379487
31.4                     0.09917840637294056
31.450000000000003       0.09163012026029509
31.5                     0.08863562636537915
31.549999999999997       0.09233005762677064
31.6                     0.10367344721099789
31.650000000000002       0.11621461275045689
31.7                     0.113036527144182
31.749999999999996       0.09281146899638694
31.8                     0.07272407317585178
31.850000000000005       0.06085200141306911
31.900000000000002       0.06968196562380408
31.949999999999996       0.06662864104562802
32                       0.05754050236125714
32.050000000000004       0.060190272751601125
32.1                     0.06570135405584218
32.15                    0.07300023735138772
32.2                     0.0816931443560161
32.25                    0.09156036656410778
32.300000000000004       0.10245286866024751
32.35                    0.11425756994557151
32.4                     0.12688205653126078
32.449999999999996       0.14024672711748712
32.5                     0.15428037078969856
32.55                    0.16891753373794896
32.6                     0.18409689852392536
32.65                    0.19976027111649522
32.7                     0.21585194857217746
32.75                    0.2323183325383154
32.800000000000004       0.24910770490492765
32.85                    0.2661701114508251
32.9                     0.28345731724021767
32.949999999999996       0.30092280885419703
33                       0.3185218259295985
33.05                    0.33621140944647293
33.1                     0.3539504576718056
33.15                    0.3716997831725773
33.2                     0.38942216616503544
33.25                    0.40708240083496733
33.300000000000004       0.4246473322939598
33.35                    0.44208588267205634
33.4                     0.45936906551319723
33.45                    0.4764699881619079
33.5                     0.49336384224620733
33.55                    0.510027882665266
33.599999999999994       0.5264413957353057
33.65                    0.5425856573227454
33.7                     0.5584438819276734
33.75                    0.5740011637678146
33.8                     0.5892444109192531
33.85                    0.6041622735567602
33.900000000000006       0.6187450673580253
33.95                    0.6329846931515001
34                       0.6468745538035725
34.05                    0.6604094692548397
34.1                     0.6735855905399348
34.15                    0.6864003135647736
34.199999999999996       0.6988521933537146
34.25                    0.7109408593998356
34.300000000000004       0.722666932553008
34.35                    0.7340319438673862
34.4                     0.7450382559445905
34.45                    0.7556889870449677
34.50000000000001        0.7659879381181207
34.550000000000004       0.7759395231695061
34.6                     0.7855487048011222
34.65                    0.794820932870319
34.7                     0.8037620758836919
34.75                    0.8123783689673388
34.8                     0.8206763660756985
34.85                    0.8286628876709003
34.900000000000006       0.8363449768239325
34.95                    0.8437298717208797
35                       0.8508249160833239
35.050000000000004       0.8576375746804237
35.1                     0.8641753854948222
35.15                    0.8704459214535247
35.199999999999996       0.8764567654836888
35.24999999999999        0.8822154976812375
35.3                     0.887729644448203
35.35                    0.8930066866004207
35.4                     0.8980540256967893
35.449999999999996       0.9028789709587581
35.5                     0.9074887245276894
35.550000000000004       0.9118903685405065
35.6                     0.9160908538476558
35.65                    0.9200969902543799
35.7                     0.9239154381780854
35.75                    0.927552701618493
35.8                     0.9310151223438639
35.849999999999994       0.9343088752011772
35.9                     0.9374399644636865
35.95                    0.9404142211348547
36                       0.9432373011318814
36.05                    0.9459146842772053
36.1                     0.9484516740297199
36.150000000000006       0.9508533978927232
36.2                     0.9531248084383606
36.25                    0.9552706848925401
36.3                     0.9572956352277859
36.35                    0.9592040987141941
36.4                     0.9610003488822759
36.449999999999996       0.9626884968540392
36.5                     0.9642724950012056
36.550000000000004       0.9657561408925712
36.6                     0.9671430814937755
36.65                    0.9684368175859174
36.7                     0.9696407083700788
36.75000000000001        0.9707579762274348
36.800000000000004       0.971791711605312
36.849999999999994       0.9727448780020169
36.9                     0.9736203170256167
36.95                    0.9744207535058442
37                       0.9751488006422185
37.05                    0.9758069651713069
37.1                     0.9763976525292082
37.150000000000006       0.9769231719763538
37.2                     0.9773857416532523
37.25                    0.9777874935493598
37.300000000000004       0.9781304783808621
37.35                    0.9784166703755065
37.4                     0.9786479719575285
37.449999999999996       0.9788262183157057
37.49999999999999        0.9789531810126282
37.55                    0.979030575128909
37.6                     0.9790600566550249
37.65                    0.9790432343569484
37.699999999999996       0.9789816694260767
37.75                    0.9788768805616958
37.800000000000004       0.97873034569761
37.85                    0.9785435094904684
37.9                     0.9783177672245402
37.95                    0.9780545036817004
38                       0.9777550625554653
38.05                    0.977420763048763
38.099999999999994       0.9770528998247738
38.15                    0.976652744728841
38.2                     0.9762215481576639
38.25                    0.9757605404319217
38.3                     0.9752709330421341
38.35                    0.9747539195143924
38.400000000000006       0.9742106760842728
38.45                    0.9736423621871327
38.5                     0.9730501207567769
38.55                    0.9724350783171776
38.6                     0.9717983448481885
38.65                    0.9711410134927728
38.699999999999996       0.9704641601502667
38.75                    0.9697688428978751
38.800000000000004       0.9690561012405907
38.85                    0.9683269552254176
38.9                     0.9675824044388353
38.95                    0.9668234268985749
39.00000000000001        0.9660509778490413
39.050000000000004       0.965265988466285
39.099999999999994       0.9644693644803488
39.15                    0.9636619847373296
39.2                     0.9628446997336164
39.25                    0.9620183301430077
39.3                     0.961183665343034
39.35                    0.9603414619466721
39.400000000000006       0.9594924423497471
39.45                    0.958637293308239
39.5                     0.9577766645621235
39.550000000000004       0.9569111675225278
39.6                     0.9560413740389562
39.65                    0.9551678152646876
39.699999999999996       0.9542909806405059
39.75                    0.9534113170120446
39.8                     0.9525292278727706
39.85                    0.9516450727089681
39.9                     0.9507591664639211
39.949999999999996       0.9498717791864496
40                       0.9489831358933444
40.050000000000004       0.9480934166260618
40.1                     0.9472027566882174
40.15                    0.9463112470778934
40.2                     0.9454189351400848
40.25                    0.9445258254294148
40.3                     0.9436318806159175
40.349999999999994       0.9427370222599295
40.4                     0.9418411320643059
40.45                    0.9409440540354583
40.5                     0.9400455965546065
40.55                    0.9391455341509642
40.6                     0.9382436094817885
40.650000000000006       0.9373395356273176
40.7                     0.9364329987986099
40.75                    0.9355236616533896
40.8                     0.9346111651211281
40.85                    0.9336951299853917
40.9                     0.9327751620171048
40.949999999999996       0.9318508551355256
41                       0.9309217937282319
41.050000000000004       0.9299875557336414
41.1                     0.9290477267421378
41.15                    0.9281018818713613
41.2                     0.9271496004894485
41.25000000000001        0.9261904745965189
41.300000000000004       0.9252241112320471
41.349999999999994       0.9242501276612365
41.4                     0.9232681721888417
41.45                    0.9222778786830307
41.5                     0.9212789537786912
41.55                    0.9202711068231018
41.6                     0.9192540833535222
41.650000000000006       0.9182276637495703
41.7                     0.9171916658089327
41.75                    0.9161459472874585
41.800000000000004       0.915090408262541
41.85                    0.9140249932860954
41.9                     0.9129496933076794
41.949999999999996       0.911864547351656
42                       0.9107696439341301
42.050000000000004       0.9096651222068454
42.1                     0.9085511728165712
42.15                    0.9074280384701092
42.199999999999996       0.9062960141963367
42.25                    0.9051554472987218
42.300000000000004       0.9040067369928728
42.35                    0.9028503337258259
42.4                     0.901686738175198
42.45                    0.9005164999285206
42.5                     0.8993402158445181
42.55                    0.8981585281003864
42.599999999999994       0.8969721219307262
42.65                    0.8957817230657481
42.7                     0.8945880948784014
42.75                    0.8933920352515639
42.8                     0.8921943731787193
42.85                    0.8909959651127919
42.900000000000006       0.8897976910799449
42.95                    0.8886004505765843
43                       0.8874051582694269
43.05                    0.8862127395199044
43.1                     0.8850241257556183
43.15                    0.8838402497130827
43.199999999999996       0.88266204057624
43.25                    0.8814904190373923
43.300000000000004       0.8803262923067549
43.35                    0.8791705490986048
43.4                     0.878024054621968
43.45                    0.8768876456047452
43.50000000000001        0.8757621253809379
43.550000000000004       0.8746482590697914
43.599999999999994       0.873546768875908
43.65                    0.872458329538385
43.7                     0.8713835639573496
43.75                    0.8703230390269905
43.8                     0.8692772617106993
43.85                    0.8682466754719481
43.900000000000006       0.8672316456126862
43.95                    0.8662325082322787
44                       0.8652494636589759
44.050000000000004       0.8642826952399019
44.1                     0.8633322671118637
44.15                    0.8623981852884077
44.199999999999996       0.8614803716324226
44.25                    0.8605786674195219
44.300000000000004       0.8596928330100126
44.35                    0.8588225442475914
44.4                     0.8579673980538908
44.449999999999996       0.8571269115603024
44.5                     0.856300523172762
44.550000000000004       0.8554875946956261
44.6                     0.8546874139349183
44.65                    0.8538991969629405
44.7                     0.8531220909952676
44.75                    0.8523551787059712
44.8                     0.8515974823140043
44.849999999999994       0.8508479679225489
44.9                     0.8501055503608561
44.95                    0.8493690984420456
45                       0.8486374405833232
45.05                    0.8479093706997322
45.1                     0.8471836542824988
45.150000000000006       0.8464590347876351
45.2                     0.8457342404213172
45.25                    0.845007991109109
45.3                     0.8442790055391193
45.35                    0.843546008309811
45.4                     0.8428077371766004
45.449999999999996       0.84206295035528
45.5                     0.8413104338339112
45.550000000000004       0.8405490086434214
45.6                     0.8397775380353336
45.65                    0.8389949345207913
45.7                     0.8382001667386973
45.75000000000001        0.837392266128264
45.800000000000004       0.8365703333689694
45.849999999999994       0.8357335445394748
45.9                     0.8348811569465271
45.95                    0.8340125145774369
46                       0.8331270531335973
46.05                    0.8322243046082968
46.1                     0.8313039013775109
46.150000000000006       0.8303655797746864
46.2                     0.8294091831222282
46.25                    0.8284346641954569
46.300000000000004       0.8274420871010126
46.35                    0.8264316285594606
46.4                     0.8254035785801749
46.449999999999996       0.8243583404933987
46.5                     0.8232964302845563
46.550000000000004       0.8222184752132564
46.6                     0.8211252117652384
46.65                    0.8200174829827139
46.7                     0.8188962351685378
46.75000000000001        0.8177625139447017
46.800000000000004       0.8166174596637423
46.85                    0.8154623021912653
46.9                     0.8142983550787402
46.95                    0.8131270091190137
47                       0.8119497252375206
47.05                    0.8107680267853258
47.099999999999994       0.8095834915911763
47.15                    0.8083977438241191
47.2                     0.8072124451972398
47.25                    0.8060292855395819
47.3                     0.8048499730771708
47.35                    0.8036762245269792
47.400000000000006       0.8025097550643797
47.45                    0.801352268506056
47.5                     0.8002054479102545
47.55                    0.7990709434009451
47.6                     0.7979503588832316
47.65                    0.7968452454545958
47.699999999999996       0.7957570921941014
47.75                    0.794687314811566
47.800000000000004       0.7936372450103711
47.85                    0.7926081188812428
47.9                     0.7916010778426589
47.95                    0.7906171564595439
48.00000000000001        0.7896572578965488
48.050000000000004       0.7887221650802726
48.099999999999994       0.7878125287592566
48.15                    0.7869288640471556
48.2                     0.7860715399165739
48.25                    0.7852407663773379
48.3                     0.7844366300874243
48.35                    0.7836590344021014
48.400000000000006       0.7829077383987763
48.45                    0.782182342527475
48.5                     0.7814822899977821
48.550000000000004       0.7808068680555664
48.6                     0.780155210205792
48.65                    0.7795262994497556
48.699999999999996       0.7789189725442471
48.74999999999999        0.7783319252750963
48.800000000000004       0.7777637187290664
48.85                    0.7772127865392118
48.9                     0.776677443071946
48.949999999999996       0.7761558925160134
49.00000000000001        0.775646238827357
49.050000000000004       0.775146496476231
49.1                     0.7746546019373616
49.15                    0.7741684258570403
49.2                     0.7736857858256228
49.25                    0.7732044596790155
49.3                     0.7727221992474017
49.349999999999994       0.7722367444657906
49.400000000000006       0.771745837757247
49.45                    0.7712472385967876
49.5                     0.770738738161483
49.55                    0.7702181739705029
49.60000000000001        0.7696834444181029
49.650000000000006       0.7691325231013657
49.7                     0.7685634728453012
49.75                    0.767974459328087
49.800000000000004       0.7673637642108012
49.85                    0.7667297976777564
49.9                     0.7660711102960014
49.949999999999996       0.7653864041055697
50.00000000000001        0.7646745428554732
