20                                                0.2750183344817661
20.05                                             0.27471741157085305
20.1                                              0.27441681841305543
20.15                                             0.27411657195684846
20.2                                              0.2738166847469134
20.25                                             0.27351716466869513
20.3                                              0.2732180147187237
20.35                                             0.2729192328013367
20.4                                              0.2726208115348232
20.45                                             0.2723227380431874
20.5                                              0.27202499373332883
20.55                                             0.2717275541010474
20.6                                              0.2714303886087444
20.650000000000002                                0.27113346063370475
20.7                                              0.27083672746445203
20.75                                             0.2705401404380801
20.8                                              0.27024364289624375
20.85                                             0.2699471764844836
20.900000000000002                                0.2696506747095667
20.95                                             0.2693540646541251
21                                                0.2690572704417582
21.05                                             0.26876021486964524
21.099999999999998                                0.26846278284738756
21.150000000000002                                0.26816492121720803
21.2                                              0.2678665172725795
21.249999999999996                                0.26756747356914173
21.299999999999997                                0.26726768912489823
21.349999999999998                                0.26696706071590487
21.4                                              0.2666654835130829
21.45                                             0.26636285168549834
21.5                                              0.26605905918612294
21.549999999999997                                0.26575400044441805
21.599999999999998                                0.26544757105642525
21.65                                             0.2651396684731925
21.7                                              0.26483019268999214
21.75                                             0.2645190469474056
21.799999999999997                                0.2642061383871612
21.849999999999998                                0.2638913786479722
21.9                                              0.263574684420704
21.95                                             0.2632559779427761
22                                                0.2629351874130805
22.05                                             0.2626122473156923
22.099999999999998                                0.262287098642692
22.15                                             0.26195968900895394
22.2                                              0.26162997264960075
22.25                                             0.26129791028715904
22.3                                              0.2609634688539138
22.35                                             0.2606266210641845
22.4                                              0.260287344834517
22.45                                             0.2599456225525801
22.5                                              0.25960144019346737
22.55                                             0.2592547862858512
22.6                                              0.2589056507308835
22.65                                             0.25855402348195855
22.7                                              0.2581998930924942
22.75                                             0.25784324514141554
22.8                                              0.25748406056122014
22.85                                             0.25712231390220797
22.900000000000002                                0.2567579715517271
22.95                                             0.2563909899265241
23                                                0.2560213136701614
23.05                                             0.2556488738963008
23.1                                              0.25527358651571436
23.150000000000002                                0.2548953506744753
23.2                                              0.25451404733998173
23.25                                             0.2541295381350454
23.3                                              0.25374166444027657
23.349999999999998                                0.2533502467467875
23.400000000000002                                0.25295508432425434
23.45                                             0.2525559552259787
23.5                                              0.2521526169305628
23.549999999999997                                0.25174480804003824
23.6                                              0.2513322484675079
23.65                                             0.2509146414214405
23.700000000000003                                0.2504916767870884
23.75                                             0.25006302958343135
23.799999999999997                                0.24962837771853916
23.849999999999998                                0.24918738504937152
23.9                                              0.2487397212467554
23.95                                             0.24828506283161578
24                                                0.24782309182507054
24.049999999999997                                0.2473535137949936
24.099999999999998                                0.2468760515767515
24.15                                             0.24639045882805619
24.2                                              0.24589652217303898
24.25                                             0.24539406808967276
24.3                                              0.24488296827596215
24.349999999999998                                0.24436314474564844
24.4                                              0.24383457439653652
24.45                                             0.24329729289465923
24.5                                              0.2427513977204321
24.55                                             0.24219705022512675
24.6                                              0.24163447655129286
24.65                                             0.24106396727933344
24.7                                              0.24048587567848928
24.75                                             0.2399006144573299
24.8                                              0.23930865093399065
24.85                                             0.23871050057218385
24.9                                              0.2381067188630908
24.95                                             0.23749789157029277
25                                                0.2368846233975223
25.05                                             0.23626752518512156
25.1                                              0.23564719979195778
25.150000000000002                                0.2350242268714348
25.2                                              0.23439914680650475
25.25                                             0.23377244412269854
25.3                                              0.2331445307538757
25.35                                             0.23251572958613204
25.400000000000002                                0.23188625875295932
25.45                                             0.23125621719268008
25.5                                              0.23062557200943598
25.55                                             0.22999414819491346
25.599999999999998                                0.22936162126830245
25.650000000000002                                0.2287275133786222
25.7                                              0.22809119338082898
25.75                                             0.22745188134638125
25.799999999999997                                0.22680865788773094
25.85                                             0.22616047856757637
25.9                                              0.22550619353493773
25.950000000000003                                0.22484457239718264
26                                                0.2241743342170327
26.05                                             0.22349418272347757
26.099999999999998                                0.2228028432039946
26.15                                             0.22209911030897844
26.2                                              0.22138188158042957
26.25                                             0.22065021158850087
26.299999999999997                                0.21990335994795687
26.349999999999998                                0.21914083277970367
26.4                                              0.21836241569573356
26.45                                             0.2175682498665279
26.5                                              0.21675879856130975
26.55                                             0.2159349197791143
26.599999999999998                                0.2150978617463082
26.65                                             0.21424926561613372
26.7                                              0.2133911539260129
26.75                                             0.2125259049505082
26.8                                              0.21165621210604554
26.85                                             0.21078502778889122
26.9                                              0.20991549165828147
26.95                                             0.20905084381524497
27                                                0.20819432394168036
27.05                                             0.2073490581594944
27.1                                              0.20651793604723118
27.15                                             0.20570348104616673
27.2                                              0.20490771837291558
27.25                                             0.204132045310637
27.3                                              0.20337710947741203
27.35                                             0.20264270130711337
27.400000000000002                                0.20192766742313017
27.45                                             0.2012298517702216
27.5                                              0.2005460712273807
27.55                                             0.19987213188639297
27.6                                              0.19920289118285683
27.65                                             0.19853236958460277
27.7                                              0.19785391358929716
27.749999999999996                                0.19716040939454046
27.8                                              0.1964445438549139
27.849999999999998                                0.1956991063725798
27.900000000000002                                0.1949173223521366
27.95                                             0.19409320597112514
28                                                0.1932219174642776
28.049999999999997                                0.1923001080602964
28.1                                              0.19132623427923745
28.15                                             0.19030082262935977
28.200000000000003                                0.1892266659183992
28.25                                             0.18810893329016445
28.3                                              0.18695517763531366
28.349999999999998                                0.18577522630483032
28.400000000000002                                0.18458094403812506
28.45                                             0.18338586066115467
28.500000000000004                                0.18220466050680148
28.549999999999997                                0.18105253595193785
28.6                                              0.17994441463516675
28.65                                             0.17889407827132014
28.700000000000003                                0.1779132003052386
28.75                                             0.17701034262442472
28.8                                              0.17618996565149275
28.849999999999998                                0.1754515200956476
28.899999999999995                                0.17478870255812437
28.95                                             0.17418896718251467
29.000000000000004                                0.17363338524928112
29.05                                             0.17309694781435028
29.099999999999998                                0.17254938099998193
29.15                                             0.17195650508802132
29.200000000000003                                0.1712821409021545
29.25                                             0.17049050348598244
29.299999999999997                                0.16954888233317758
29.35                                             0.16843055317103597
29.400000000000002                                0.16711759829483816
29.45                                             0.16560338179288842
29.499999999999996                                0.16389453886490865
29.55                                             0.16201212863634468
29.600000000000005                                0.15999188928735755
29.650000000000002                                0.15788341912864443
29.699999999999996                                0.15574822328301666
29.75                                             0.15365657706694327
29.800000000000004                                0.15168318027051747
29.85                                             0.14990159621695923
29.9                                              0.14837751412703334
29.95                                             0.14716097810073464
29.999999999999996                                0.14627793198050926
30.05                                             0.14572176837139647
30.099999999999998                                0.1454460384819658
30.150000000000002                                0.14536000081294434
30.2                                              0.14532907764227512
30.25                                             0.14518225999959367
30.299999999999997                                0.1447277433861867
30.35                                             0.1437764411486454
30.4                                              0.14217075646975036
30.450000000000003                                0.1398138350552941
30.5                                              0.1366934719166845
30.55                                             0.1328956217759936
30.599999999999998                                0.12860492948061078
30.650000000000002                                0.12409276751287708
30.7                                              0.11969541674386384
30.750000000000004                                0.11578506830816626
30.799999999999997                                0.11273391973453174
30.85                                             0.11086740156454537
30.9                                              0.11039830363738504
30.950000000000003                                0.1113334400271985
31                                                0.1133569815279585
31.05                                             0.11573089245740303
31.099999999999998                                0.11731006271541485
31.149999999999995                                0.11679379107907906
31.2                                              0.11322268938438068
31.250000000000004                                0.10647979204426758
31.3                                              0.0974352183919725
31.349999999999998                                0.08763702289536965
31.4                                              0.07884125021560562
31.450000000000003                                0.07273956399422414
31.5                                              0.07098561053524517
31.549999999999997                                0.07521649686169112
31.6                                              0.0857180565105216
31.650000000000002                                0.09579133196227549
31.7                                              0.09036720877194299
31.749999999999996                                0.07087930300898979
31.8                                              0.05389739585588742
31.850000000000005                                0.04574952070281874
31.900000000000002                                0.05787616056310655
31.949999999999996                                0.048505665961821515
32                                                0.04496647688697115
32.050000000000004                                0.04973355818061862
32.1                                              0.05656144917122588
32.15                                             0.06476641795060378
32.2                                              0.07408756994815477
32.25                                             0.08437215019441173
32.300000000000004                                0.09551299638061655
32.35                                             0.10742691069704942
32.4                                              0.12004473219547995
32.449999999999996                                0.1333060523597695
32.5                                              0.1471561586940375
32.55                                             0.16154417766013057
32.6                                              0.17642191407083435
32.65                                             0.19174311754045353
32.7                                              0.20746302170518413
32.75                                             0.22353806310712088
32.800000000000004                                0.23992572125272668
32.85                                             0.2565844416033821
32.9                                              0.2734736155902827
32.949999999999996                                0.290553599583217
33                                                0.3077857598760825
33.05                                             0.3251325341975268
33.1                                              0.3425575026592186
33.15                                             0.3600254627694413
33.2                                              0.3775025044186841
33.25                                             0.3949560817230717
33.300000000000004                                0.4123550793848019
33.35                                             0.4296698718473704
33.4                                              0.44687237400523344
33.45                                             0.4639360826246698
33.5                                              0.4808361079824222
33.55                                             0.49754919551183624
33.599999999999994                                0.5140537374916212
33.65                                             0.5303297750024146
33.7                                              0.5463589905303188
33.75                                             0.5621246917333166
33.8                                              0.5776117870057764
33.85                                             0.5928067535481677
33.900000000000006                                0.6076975986457415
33.95                                             0.6222738148898023
34                                                0.6365263301209786
34.05                                             0.6504474528846194
34.1                                              0.6640308141559408
34.15                                             0.6772713060589118
34.199999999999996                                0.690165018245941
34.25                                             0.702709172585511
34.300000000000004                                0.7149020568624381
34.35                                             0.7267429580486676
34.4                                              0.738232095483073
34.45                                             0.7493705544674358
34.50000000000001                                 0.7601602207804827
34.550000000000004                                0.7706037166588242
34.6                                              0.7807043391627724
34.65                                             0.7904659982675264
34.7                                              0.7998931536533948
34.75                                             0.8089907631547693
34.8                                              0.8177642288742742
34.85                                             0.826219343246486
34.900000000000006                                0.8343622387982166
34.95                                             0.8421993446658408
35                                                0.8497373384049559
35.050000000000004                                0.8569831036351888
35.1                                              0.8639436891713301
35.15                                             0.87062629984264
35.199999999999996                                0.8770381902197709
35.24999999999999                                 0.8831867482491631
35.3                                              0.8890793263897161
35.35                                             0.8947233332744496
35.4                                              0.9001261490262086
35.449999999999996                                0.9052951155866735
35.5                                              0.9102375157337813
35.550000000000004                                0.9149605541926698
35.6                                              0.9194713406192906
35.65                                             0.9237768743530398
35.7                                              0.9278840308478136
35.75                                             0.9317995496925234
35.8                                              0.9355300241360722
35.849999999999994                                0.9390818920328983
35.9                                              0.9424614281274878
35.95                                             0.9456747375984981
36                                                0.9487277507856376
36.05                                             0.9516262190256104
36.1                                              0.9543757115255359
36.150000000000006                                0.9569816132061444
36.2                                              0.9594491234486523
36.25                                             0.9617832556820313
36.3                                              0.9639888377505478
36.35                                             0.96607051300287
36.4                                              0.9680327420472417
36.449999999999996                                0.9698798051192044
36.5                                              0.9716158050104174
36.550000000000004                                0.9732446705098827
36.6                                              0.9747701603098976
36.65                                             0.9761958673320011
36.7                                              0.9775252234287658
36.75000000000001                                 0.9787615044198502
36.800000000000004                                0.9799078354213603
36.849999999999994                                0.9809671964298057
36.9                                              0.9819424281237483
36.95                                             0.9828362378491913
37                                                0.983651205757904
37.05                                             0.9843897910684818
37.1                                              0.9850543384165868
37.150000000000006                                0.9856470842553549
37.2                                              0.986170163268227
37.25                                             0.9866256147651717
37.300000000000004                                0.9870153890424674
37.35                                             0.9873413536877748
37.4                                              0.9876052998086268
37.449999999999996                                0.9878089481518271
37.49999999999999                                 0.9879539551452334
37.55                                             0.9880419180591502
37.6                                              0.9880743808101914
37.65                                             0.9880528421725292
37.699999999999996                                0.9879787564766662
37.75                                             0.9878535423609188
37.800000000000004                                0.9876785857993495
37.85                                             0.9874552457913458
37.9                                              0.9871848528049979
37.95                                             0.9868687252534687
38                                                0.9865081609364982
38.05                                             0.9861044461672911
38.099999999999994                                0.9856588579421408
38.15                                             0.9851726667403056
38.2                                              0.9846471387339045
38.25                                             0.9840835379836766
38.3                                              0.9834831284151698
38.35                                             0.9828471752583976
38.400000000000006                                0.9821769461971841
38.45                                             0.9814737122277799
38.5                                              0.9807387482083831
38.55                                             0.9799733330883752
38.6                                              0.979178749825454
38.65                                             0.9783562850397198
38.699999999999996                                0.9775072283998361
38.75                                             0.9766328717141531
38.800000000000004                                0.9757345077522122
38.85                                             0.9748134288228285
38.9                                              0.9738709251227096
38.95                                             0.9729082828688861
39.00000000000001                                 0.9719267822310705
39.050000000000004                                0.9709276950813911
39.099999999999994                                0.9699122825803395
39.15                                             0.9688817926186688
39.2                                              0.9678374571362267
39.25                                             0.9667804893388204
39.3                                              0.9657120808319541
39.35                                             0.9646333986908936
39.400000000000006                                0.9635455824886517
39.45                                             0.9624497413054991
39.5                                              0.9613469507441246
39.550000000000004                                0.9602382499745996
39.6                                              0.9591246388360981
39.65                                             0.9580070750254008
39.699999999999996                                0.9568864713993361
39.75                                             0.9557636933914789
39.8                                              0.9546395564990163
39.85                                             0.9535148238255853
39.9                                              0.9523902038031961
39.949999999999996                                0.9512663482335436
40                                                0.9501438506202182
40.050000000000004                                0.949023244702274
40.1                                              0.9479050031821602
40.15                                             0.9467895366961258
40.2                                              0.9456771930639749
40.25                                             0.9445682567842351
40.3                                              0.9434629485954683
40.349999999999994                                0.9423614251178916
40.4                                              0.9412637793887917
40.45                                             0.9401700422517919
40.5                                              0.9390801833587535
40.55                                             0.9379941120533858
40.6                                              0.9369116787365315
40.650000000000006                                0.9358326767147037
40.7                                              0.9347568450114151
40.75                                             0.9336838731317758
40.8                                              0.9326134006930602
40.85                                             0.9315450150894191
40.9                                              0.930478262049179
40.949999999999996                                0.9294126495403979
41                                                0.9283476490958406
41.050000000000004                                0.927282697822333
41.1                                              0.926217214564882
41.15                                             0.9251505899935907
41.2                                              0.9240821864082537
41.25000000000001                                 0.9230113544733288
41.300000000000004                                0.9219374649194566
41.349999999999994                                0.920859830285958
41.4                                              0.9197777982345137
41.45                                             0.9186907125548085
41.5                                              0.9175979316325045
41.55                                             0.9164988236576872
41.6                                              0.9153927770587444
41.650000000000006                                0.9142792044236926
41.7                                              0.9131575471062311
41.75                                             0.9120272797321913
41.800000000000004                                0.9108879145552999
41.85                                             0.9097390056314996
41.9                                              0.9085801527850726
41.949999999999996                                0.9074110053406866
42                                                0.9062312655972083
42.050000000000004                                0.9050406920203994
42.1                                              0.9038391021327956
42.15                                             0.9026263750804566
42.199999999999996                                0.9014024538575027
42.25                                             0.900167347171021
42.300000000000004                                0.8989211309310575
42.35                                             0.8976639493517695
42.4                                              0.896396015652729
42.45                                             0.8951176123506277
42.5                                              0.8938290911346829
42.55                                             0.8925308723208702
42.599999999999994                                0.8912234438824385
42.65                                             0.8899073600569981
42.7                                              0.8885832395325823
42.75                                             0.8872517632175623
42.8                                              0.8859136716021053
42.85                                             0.8845697617209288
42.900000000000006                                0.883220883730016
42.95                                             0.8818679371120732
43                                                0.8805118665281035
43.05                                             0.8791536573347416
43.1                                              0.8777943307892
43.15                                             0.8764349389658302
43.199999999999996                                0.8750765594101327
43.25                                             0.8737202895578439
43.300000000000004                                0.8723672409484512
43.35                                             0.8710185332641701
43.4                                              0.8696752882275025
43.45                                             0.8683386233914182
43.50000000000001                                 0.8670096458582922
43.550000000000004                                0.8656894459624818
43.599999999999994                                0.8643790909519184
43.65                                             0.8630796187044277
43.7                                              0.8617920315154315
43.75                                             0.8605172899959581
43.8                                              0.8592563071255158
43.85                                             0.8580099425668681
43.900000000000006                                0.8567789883448971
43.95                                             0.8555642043115107
44                                                0.8543662347393753
44.050000000000004                                0.8531856834490404
44.1                                              0.8520230590185738
44.15                                             0.8508787964073817
44.199999999999996                                0.8497532419298074
44.25                                             0.848646652768022
44.300000000000004                                0.8475591960952061
44.35                                             0.8464909419401655
44.4                                              0.8454418672918633
44.449999999999996                                0.8444118518212218
44.5                                              0.8434006777871799
44.550000000000004                                0.8424080300015252
44.6                                              0.8414334963738715
44.65                                             0.8404765689216194
44.7                                              0.83953664516411
44.75                                             0.8386130303489208
44.8                                              0.8377049402123672
44.849999999999994                                0.8368115042122711
44.9                                              0.8359317693098594
44.95                                             0.8350647042913091
45                                                0.8342092046057077
45.05                                             0.8333640976865643
45.1                                              0.8325281487249689
45.150000000000006                                0.8317000669004286
45.2                                              0.8308785120555674
45.25                                             0.830062101747597
45.3                                              0.8292494186340003
45.35                                             0.828439018168999
45.4                                              0.8276294365760966
45.449999999999996                                0.8268191990536005
45.5                                              0.8260068281672721
45.550000000000004                                0.8251908523818675
45.6                                              0.8243698146806816
45.65                                             0.8235422812227186
45.7                                              0.8227068499899263
45.75000000000001                                 0.8218621593788124
45.800000000000004                                0.821006896688447
45.849999999999994                                0.8201398064533013
45.9                                              0.8192596985665896
45.95                                             0.8183654561378856
46                                                0.8174560430303262
46.05                                             0.8165305110269941
46.1                                              0.8155880065797713
46.150000000000006                                0.8146277770962606
46.2                                              0.8136491767220562
46.25                                             0.8126516715789835
46.300000000000004                                0.8116348444252758
46.35                                             0.810598398707432
46.4                                              0.8095421619684642
46.449999999999996                                0.8084660885583526
46.5                                              0.8073702615885427
46.550000000000004                                0.8062548941183962
46.6                                              0.8051203296082717
46.65                                             0.8039670416513406
46.7                                              0.8027956329518087
46.75000000000001                                 0.8016068335171367
46.800000000000004                                0.8004014980580374
46.85                                             0.799180602603995
46.9                                              0.7979452403390415
46.95                                             0.7966966166286106
47                                                0.795436043176844
47.05                                             0.794164931422442
47.099999999999994                                0.792884785594433
47.15                                             0.7915971953583639
47.2                                              0.7903038274364654
47.25                                             0.7890064163465109
47.3                                              0.7877067546888031
47.35                                             0.7864066830384592
47.400000000000006                                0.7851080794462123
47.45                                             0.7838128488678334
47.5                                              0.7825229130055479
47.55                                             0.7812401976771599
47.6                                              0.7799666174852262
47.65                                             0.7787040669919147
47.699999999999996                                0.7774544103570361
47.75                                             0.7762194680787223
47.800000000000004                                0.7750010037843448
47.85                                             0.7738007078843359
47.9                                              0.7726202015330371
47.95                                             0.7714610262455798
48.00000000000001                                 0.7703245961654325
48.050000000000004                                0.7692122213365854
48.099999999999994                                0.7681250765088731
48.15                                             0.7670642802090749
48.2                                              0.7660306968819136
48.25                                             0.7650250999843257
48.3                                              0.7640481302701543
48.35                                             0.7631002298094055
48.400000000000006                                0.762181689584121
48.45                                             0.7612926278376547
48.5                                              0.7604329885569129
48.550000000000004                                0.7596025394497604
48.6                                              0.7588008709409991
48.65                                             0.7580273963005861
48.699999999999996                                0.757281352939266
48.74999999999999                                 0.756561804887324
48.800000000000004                                0.7558676464623323
48.85                                             0.7551976071213058
48.9                                              0.7545502574852345
48.949999999999996                                0.753924016513156
49.00000000000001                                 0.753317159795827
49.050000000000004                                0.7527278289289058
49.1                                              0.752154041917763
49.15                                             0.7515937045578563
49.2                                              0.7510446227259509
49.25                                             0.7505045155108808
49.3                                              0.7499710291051155
49.349999999999994                                0.7494417513716353
49.400000000000006                                0.748914226995613
49.45                                             0.7483859731243632
49.5                                              0.7478544953950114
49.55                                             0.7473173042452333
49.60000000000001                                 0.746771931399604
49.650000000000006                                0.7462159464212579
49.7                                              0.7456469732176036
49.75                                             0.7450627063871348
49.800000000000004                                0.7444609272947159
49.85                                             0.7438395197631432
49.9                                              0.7431964852696705
49.949999999999996                                0.7425299575385887
50.00000000000001                                 0.7418382164227906
