20                       0.18481382419907025
20.05                    0.18458821537795084
20.1                     0.18436321602906314
20.15                    0.18413884836914798
20.2                     0.18391513093906137
20.25                    0.1836920783841437
20.3                     0.18346970124186096
20.35                    0.18324800574002048
20.4                     0.18302699361182104
20.45                    0.18280666193782513
20.5                     0.18258700301878722
20.55                    0.18236800427109198
20.6                     0.18214964813702916
20.650000000000002       0.18193191201242362
20.7                     0.18171476819718274
20.75                    0.18149818389497294
20.8                     0.18128212042222758
20.85                    0.18106653566675984
20.900000000000002       0.1808513813252012
20.95                    0.18063660615602542
21                       0.18042215339784062
21.05                    0.18020796437754388
21.099999999999998       0.17999394985246894
21.150000000000002       0.17978007870270155
21.2                     0.17956625717701183
21.249999999999996       0.17935241157690204
21.299999999999997       0.1791384637953971
21.349999999999998       0.1789243332398265
21.4                     0.17870993755094505
21.45                    0.17849519311379483
21.5                     0.17828001555258835
21.549999999999997       0.17806432027149693
21.599999999999998       0.17784802299565602
21.65                    0.17763104031431287
21.7                     0.17741329020904678
21.75                    0.17719469255959508
21.799999999999997       0.17697516964523166
21.849999999999998       0.17675464661265197
21.9                     0.17653305189250484
21.95                    0.17631031756674723
22                       0.1760863796811115
22.05                    0.17586117849573366
22.099999999999998       0.17563465866622496
22.15                    0.17540676934381644
22.2                     0.17517746417652336
22.25                    0.17494670119486028
22.3                     0.1747144425807857
22.35                    0.17448065433479823
22.4                     0.1742453058481048
22.45                    0.1740083693696511
22.5                     0.17376981935764343
22.55                    0.17352963171351188
22.6                     0.1732877828995866
22.65                    0.17304424893637646
22.7                     0.17279900428208994
22.75                    0.1725520206456374
22.8                     0.17230326579903377
22.85                    0.17205270234356188
22.900000000000002       0.17180028637203626
22.95                    0.17154596608788072
23                       0.1712896804494524
23.05                    0.17103135786206314
23.1                     0.17077091495389818
23.150000000000002       0.17050825552623153
23.2                     0.17024326962429287
23.25                    0.16997583249687837
23.3                     0.16970580385778616
23.349999999999998       0.16943302759353907
23.400000000000002       0.16915733164446736
23.45                    0.16887852812035453
23.5                     0.168596413712319
23.549999999999997       0.16831077042138418
23.6                     0.1680213668448488
23.65                    0.16772795965125312
23.700000000000003       0.16743029491391348
23.75                    0.1671281073653128
23.799999999999997       0.16682114311500118
23.849999999999998       0.16650912422093478
23.9                     0.1661917857766031
23.95                    0.16586887137106035
24                       0.16554012082148442
24.049999999999997       0.16520529730995348
24.099999999999998       0.16486418426352878
24.15                    0.16451658064182237
24.2                     0.16416231536445547
24.25                    0.1638012482025119
24.3                     0.16343327432042817
24.349999999999998       0.16305832819570842
24.4                     0.16267638709700818
24.45                    0.1622874740163858
24.5                     0.16189165994418067
24.55                    0.16148906538055427
24.6                     0.16107986098071606
24.65                    0.1606642672295389
24.7                     0.16024255304611154
24.75                    0.15981503323680127
24.8                     0.15938206473764957
24.85                    0.15894404160937203
24.9                     0.15850138877516579
24.95                    0.15805455451748196
25                       0.15760400178507797
25.05                    0.15715019839406225
25.1                     0.15669360624746956
25.150000000000002       0.1562346697362363
25.2                     0.15577380352754425
25.25                    0.15531137998769035
25.3                     0.15484771652838547
25.35                    0.1543830632045684
25.400000000000002       0.15391759092646096
25.45                    0.15345138067800473
25.5                     0.15298441415324177
25.55                    0.15251656623145612
25.599999999999998       0.15204759971023377
25.650000000000002       0.15157716270725385
25.7                     0.15110478912977063
25.75                    0.15062990257790723
25.799999999999997       0.15015182396818008
25.85                    0.1496697830491868
25.9                     0.14918293388298948
25.950000000000003       0.14869037429455254
26                       0.14819116926121764
26.05                    0.14768437872503723
26.099999999999998       0.14716908412256188
26.15                    0.14664442996007096
26.2                     0.14610963431545598
26.25                    0.14556404858718291
26.299999999999997       0.14500718611909313
26.349999999999998       0.1444387502551247
26.4                     0.1438586763489979
26.45                    0.14326714609716246
26.5                     0.14266460689866026
26.55                    0.14205180137148873
26.599999999999998       0.14142976638205967
26.65                    0.1407998329844242
26.7                     0.14016361534441268
26.75                    0.13952298869062546
26.8                     0.13888005590274194
26.85                    0.1382371025252938
26.9                     0.13759654022396522
26.95                    0.13696083918437887
27                       0.1363324504036314
27.05                    0.13571371931569134
27.1                     0.13510679274109572
27.15                    0.13451352174081277
27.2                     0.1339353635284923
27.25                    0.13337328616882185
27.3                     0.13282768031681022
27.35                    0.13229828268508528
27.400000000000002       0.1317841162166775
27.45                    0.13128345203993802
27.5                     0.13079379813110711
27.55                    0.13031191914818296
27.6                     0.1298338910848093
27.65                    0.12935519323035063
27.7                     0.12887083840786798
27.749999999999996       0.12837554059702
27.8                     0.1278639169061734
27.849999999999998       0.12733071856426711
27.900000000000002       0.12677108329563322
27.95                    0.1261807992699968
28                       0.12555656893623443
28.049999999999997       0.12489625958271455
28.1                     0.12419912653126677
28.15                    0.12346599463169726
28.200000000000003       0.12269938426020079
28.25                    0.12190356904332456
28.3                     0.12108455398748795
28.349999999999998       0.12024996484790168
28.400000000000002       0.11940884225111553
28.45                    0.11857133710373953
28.500000000000004       0.11774830721940353
28.549999999999997       0.11695081919904678
28.6                     0.1161895652666456
28.65                    0.11547421028981553
28.700000000000003       0.11481268956793278
28.75                    0.11421048837642113
28.8                     0.11366994401450112
28.849999999999998       0.11318962001502668
28.899999999999995       0.11276381243459144
28.95                    0.11238225517418561
29.000000000000004       0.11203008521298062
29.05                    0.11168814197512875
29.099999999999998       0.11133364810438962
29.15                    0.11094130156909612
29.200000000000003       0.11048467092049868
29.25                    0.10993815407192287
29.299999999999997       0.10927885859548724
29.35                    0.10848878161987445
29.400000000000002       0.10755684267981877
29.45                    0.10648058163496883
29.499999999999996       0.10526746699421144
29.55                    0.10393551141440185
29.600000000000005       0.10251320887045695
29.650000000000002       0.10103863450799551
29.699999999999996       0.09955773113466013
29.75                    0.09812176516292045
29.800000000000004       0.09678397131058669
29.85                    0.0955954130984203
29.9                     0.09460011096713138
29.95                    0.0938295550366651
29.999999999999996       0.09329685681826368
30.05                    0.09299102956577819
30.099999999999998       0.09287222144340615
30.150000000000002       0.09286910675948694
30.2                     0.09287993310193932
30.25                    0.09277870444137194
30.299999999999997       0.09242740245016767
30.35                    0.09169388031230881
30.4                     0.09047328911966944
30.450000000000003       0.08870921341620669
30.5                     0.08640993399167642
30.55                    0.08365600083434611
30.599999999999998       0.08059745360261245
30.650000000000002       0.07744161683614313
30.7                     0.0744341257812201
30.750000000000004       0.07183577532419431
30.799999999999997       0.06989578143798121
30.85                    0.06881872840385066
30.9                     0.06871927805120377
30.950000000000003       0.06955866740809978
31                       0.07106627290974837
31.05                    0.07267644644487717
31.099999999999998       0.07355340223995749
31.149999999999995       0.07279342136349415
31.2                     0.06980213403053263
31.250000000000004       0.06464748594155814
31.3                     0.058110815363841335
31.349999999999998       0.05139353550925034
31.4                     0.04574124377900561
31.450000000000003       0.04225400492280954
31.5                     0.04191711162324046
31.549999999999997       0.045587359239567284
31.6                     0.052960585376363396
31.650000000000002       0.05865893484161696
31.7                     0.05255625716039517
31.749999999999996       0.038250289908945447
31.8                     0.027904694863796257
31.850000000000005       0.0247275305963846
31.900000000000002       0.03657877449700081
31.949999999999996       0.024409462206420474
32                       0.02610013703225723
32.050000000000004       0.0313265732792769
32.1                     0.037489009691521025
32.15                    0.04438345378651368
32.2                     0.05192135772739367
32.25                    0.06004331233055346
32.300000000000004       0.06870419745875941
32.35                    0.07786726883517439
32.4                     0.08750094469581157
32.449999999999996       0.09757687388617654
32.5                     0.10806872187769526
32.55                    0.11895138817697534
32.6                     0.130200494474699
32.65                    0.14179204887029592
32.7                     0.15370222835564584
32.75                    0.16590724310315155
32.800000000000004       0.1783832588827628
32.85                    0.1911063617442592
32.9                     0.20405255399078787
32.949999999999996       0.21719777360329123
33                       0.23051793132937654
33.05                    0.2439889610168355
33.1                     0.25758687971760946
33.15                    0.2712878547677829
33.2                     0.28506827555797903
33.25                    0.298904828057713
33.300000000000004       0.31277457042680884
33.35                    0.32665500826794974
33.4                     0.34052416827383747
33.45                    0.3543606692033513
33.5                     0.36814378928197655
33.55                    0.38185352926291455
33.599999999999994       0.3954706705111037
33.65                    0.4089768276008222
33.7                     0.42235449504010764
33.75                    0.4355870878515644
33.8                     0.44865897580358965
33.85                    0.4615555111443208
33.900000000000006       0.4742630498392341
33.95                    0.48676896644314843
34                       0.49906166276288794
34.05                    0.5111305704968321
34.1                     0.5229661480989903
34.15                    0.5345598721829142
34.199999999999996       0.5459042238145837
34.25                    0.5569926700249266
34.300000000000004       0.5678196408846632
34.35                    0.5783805027040133
34.4                     0.5886715277936564
34.45                    0.5986898610543958
34.50000000000001        0.6084334838527641
34.550000000000004       0.6179011758145578
34.6                     0.6270924755807528
34.65                    0.6360076384246944
34.7                     0.6446475889925294
34.75                    0.6530138825649159
34.8                     0.6611086616251397
34.85                    0.6689346096822154
34.900000000000006       0.6764949077067794
34.95                    0.6837931903500499
35                       0.6908335011133621
35.050000000000004       0.697620251342018
35.1                     0.7041581598784022
35.15                    0.7104523084618245
35.199999999999996       0.7165079182352124
35.24999999999999        0.7223304955472011
35.3                     0.7279256843982669
35.35                    0.7332992888429607
35.4                     0.7384572136905011
35.449999999999996       0.7434054403555563
35.5                     0.7481499976047713
35.550000000000004       0.7526969341809426
35.6                     0.7570522932300677
35.65                    0.761222088524059
35.7                     0.7652122824695462
35.75                    0.7690287658831396
35.8                     0.7726773395125637
35.849999999999994       0.7761636972765201
35.9                     0.7794934111900265
35.95                    0.7826719179335436
36                       0.7857045070209947
36.05                    0.7885963105156784
36.1                     0.7913522942436844
36.150000000000006       0.7939772504502237
36.2                     0.7964757918431605
36.25                    0.7988523469662537
36.3                     0.8011111568425658
36.35                    0.8032562728278806
36.4                     0.8052915556126325
36.449999999999996       0.8072206753103032
36.5                     0.8090471125695857
36.550000000000004       0.8107741606480132
36.6                     0.8124049283834729
36.65                    0.813942344001634
36.7                     0.8153891596966928
36.75000000000001        0.8167479569231744
36.800000000000004       0.8180211523376797
36.849999999999994       0.8192110043293245
36.9                     0.820319620077645
36.95                    0.8213489630763167
37                       0.822300861060557
37.05                    0.8231770142784937
37.1                     0.8239790040524179
37.150000000000006       0.8247083015819896
37.2                     0.8253662769405087
37.25                    0.8259542082073884
37.300000000000004       0.8264732906758945
37.35                    0.8269246460771017
37.4                     0.8273093317634441
37.449999999999996       0.8276283497863856
37.49999999999999        0.8278826575864809
37.55                    0.8280731695098593
37.6                     0.8282007796041785
37.65                    0.8282663591632272
37.699999999999996       0.8282707640815175
37.75                    0.8282148472790403
37.800000000000004       0.8280994653633804
37.85                    0.8279254792046133
37.9                     0.8276937869210794
37.95                    0.8274052839910863
38                       0.8270609087709787
38.05                    0.8266616316593721
38.099999999999994       0.8262084619602257
38.15                    0.8257024522049772
38.2                     0.8251447018417042
38.25                    0.824536360665456
38.3                     0.823878631400064
38.35                    0.8231727717174977
38.400000000000006       0.8224200957549421
38.45                    0.8216219750613976
38.5                     0.8207798389728922
38.55                    0.819895174428274
38.6                     0.8189695252307402
38.65                    0.818004490756065
38.699999999999996       0.8170017241321401
38.75                    0.815962929911229
38.800000000000004       0.8148898612441995
38.85                    0.8137843165743536
38.9                     0.8126481358751092
38.95                    0.8114831964561401
39.00000000000001        0.8102914083586489
39.050000000000004       0.8090747093524002
39.099999999999994       0.8078350595489432
39.15                    0.8065744356758427
39.2                     0.8052948250863555
39.25                    0.803998219567443
39.3                     0.8026866089755216
39.35                    0.8013619747062816
39.400000000000006       0.8000262830096663
39.45                    0.7986814781828128
39.5                     0.7973294756913483
39.550000000000004       0.7959721552708916
39.6                     0.7946113540532131
39.65                    0.7932488597566086
39.699999999999996       0.791886403986015
39.75                    0.7905256557095601
39.8                     0.7891682149909386
39.85                    0.7878156069924571
39.9                     0.7864692761732373
39.949999999999996       0.7851305806842322
40                       0.7838007871011442
40.050000000000004       0.7824810655982042
40.1                     0.7811724855727189
40.15                    0.7798760117167685
40.2                     0.7785925005605903
40.25                    0.7773226975111213
40.3                     0.7760672343368323
40.349999999999994       0.7748266269988653
40.4                     0.7736012741187461
40.45                    0.772391456414183
40.5                     0.7711973365823788
40.55                    0.770018959456938
40.6                     0.7688562527077786
40.650000000000006       0.767709028118949
40.7                     0.7665769839128832
40.75                    0.7654597104655888
40.8                     0.7643566930400583
40.85                    0.7632673058802298
40.9                     0.7621908233219307
40.949999999999996       0.7611264277097012
41                       0.7600732125266606
41.050000000000004       0.7590301887769
41.1                     0.7579962900697469
41.15                    0.7569703762557471
41.2                     0.7559512468841901
41.25000000000001        0.7549376440812265
41.300000000000004       0.7539282648935073
41.349999999999994       0.752921768562111
41.4                     0.7519167648778281
41.45                    0.7509118689028567
41.5                     0.7499056569828265
41.55                    0.7488967106279328
41.6                     0.7478836126175713
41.650000000000006       0.7468649575238672
41.7                     0.7458393606312279
41.75                    0.744805466704741
41.800000000000004       0.743761958621933
41.85                    0.7427075658297726
41.9                     0.741641072582562
41.949999999999996       0.740561325913744
42                       0.7394672432939576
42.050000000000004       0.7383578199307846
42.1                     0.7372321356674197
42.15                    0.7360893614401387
42.199999999999996       0.7349287652568119
42.25                    0.7337497176586879
42.300000000000004       0.7325516966310807
42.35                    0.7313342919305277
42.4                     0.7300972087991883
42.45                    0.7288402710403022
42.5                     0.7275634234323708
42.55                    0.7262667334624476
42.599999999999994       0.7249503923632978
42.65                    0.7236147154425923
42.7                     0.7222601416960455
42.75                    0.7208872327008148
42.8                     0.7194966707892783
42.85                    0.7180892565075151
42.900000000000006       0.7166659053671505
42.95                    0.7152276439031078
43                       0.7137756050542442
43.05                    0.7123110228877664
43.1                     0.710835226691919
43.15                    0.7093496344657663
43.199999999999996       0.7078557458376827
43.25                    0.706355134447916
43.300000000000004       0.704849439833865
43.35                    0.7033403588612976
43.4                     0.7018296367492217
43.45                    0.7003190577403623
43.50000000000001        0.6988104354691356
43.550000000000004       0.6973056030778121
43.599999999999994       0.6958064031292207
43.65                    0.6943146773678522
43.7                     0.6928322563864993
43.75                    0.6913609492579711
43.8                     0.6899025331897145
43.85                    0.6884587432016445
43.900000000000006       0.6870312715675951
43.95                    0.6856217137162612
44                       0.6842316415006592
44.050000000000004       0.6828625188934098
44.1                     0.681515719771313
44.15                    0.6801925234082599
44.199999999999996       0.6788941023974892
44.25                    0.6776215137033368
44.300000000000004       0.6763757001150542
44.35                    0.6751574621994102
44.4                     0.6739674792264939
44.449999999999996       0.6728062880381359
44.5                     0.6716742826411687
44.550000000000004       0.6705717106058693
44.6                     0.6694986702986044
44.65                    0.6684551089430969
44.7                     0.6674408212661191
44.75                    0.666455449168575
44.8                     0.665498482306489
44.849999999999994       0.6645692594613292
44.9                     0.6636669707691846
44.95                    0.6627906608155475
45                       0.6619392325709361
45.05                    0.6611114521358619
45.1                     0.6603059543337717
45.150000000000006       0.6595212492003937
45.2                     0.6587557292402396
45.25                    0.658007677364875
45.3                     0.6572752755462443
45.35                    0.6565566141725331
45.4                     0.6558497020528176
45.449999999999996       0.6551524770159058
45.5                     0.6544628170495892
45.550000000000004       0.6537785519229355
45.6                     0.6530974752278322
45.65                    0.6524173567719111
45.7                     0.6517359552576079
45.75000000000001        0.6510510311867163
45.800000000000004       0.650360359929187
45.849999999999994       0.649661744886008
45.9                     0.648953030666838
45.95                    0.6482321161957251
46                       0.6474969676591951
46.05                    0.6467456312160396
46.1                     0.6459762453933018
46.150000000000006       0.6451870530934328
46.2                     0.6443764131387051
46.25                    0.6435428112792452
46.300000000000004       0.6426848705948753
46.35                    0.6418013612264063
46.4                     0.6408912093732153
46.449999999999996       0.6399535054827572
46.5                     0.6389875115442668
46.550000000000004       0.637992667420983
46.6                     0.6369685962029136
46.65                    0.6359151085663562
46.7                     0.6348322060955847
46.75000000000001        0.6337200835118268
46.800000000000004       0.6325791297734892
46.85                    0.6314099280276987
46.9                     0.6302132543975059
46.95                    0.6289900755704889
47                       0.6277415451196531
47.05                    0.6264689985760761
47.099999999999994       0.6251739475652166
47.15                    0.6238580730670568
47.2                     0.622523217305865
47.25                    0.6211713742843977
47.3                     0.6198046793118088
47.35                    0.6184253975922398
47.400000000000006       0.6170359118446394
47.45                    0.615638709092321
47.5                     0.6142363673075161
47.55                    0.612831541207258
47.6                     0.6114269439568222
47.65                    0.6100253311104818
47.699999999999996       0.6086294858273981
47.75                    0.6072422014380732
47.800000000000004       0.605866263579465
47.85                    0.6045044332311029
47.9                     0.6031594266356337
47.95                    0.6018338972630792
48.00000000000001        0.6005304222273771
48.050000000000004       0.5992514809505188
48.099999999999994       0.5979994369328903
48.15                    0.5967765260809769
48.2                     0.5955848433714542
48.25                    0.5944262564482534
48.3                     0.5933026034977159
48.35                    0.5922153807701139
48.400000000000006       0.5911659464157311
48.45                    0.5901554343981876
48.5                     0.5891847513863895
48.550000000000004       0.5882545682339219
48.6                     0.5873653124892471
48.65                    0.5865171623691908
48.699999999999996       0.5857100423246896
48.74999999999999        0.5849436202742303
48.800000000000004       0.5842173065612225
48.85                    0.5835302546751483
48.9                     0.582881363763587
48.949999999999996       0.5822692829469418
49.00000000000001        0.5816924174341418
49.050000000000004       0.581148936424129
49.1                     0.5806367827628942
49.15                    0.5801536843115204
49.2                     0.5796971669667894
49.25                    0.5792645692616163
49.3                     0.5788530584592372
49.349999999999994       0.5784596480426442
49.400000000000006       0.5780812164888127
49.45                    0.5777145272056298
49.5                     0.5773562495008412
49.55                    0.5770029804411582
49.60000000000001        0.5766512674542131
49.650000000000006       0.5762976315176258
49.7                     0.5759385907746272
49.75                    0.5755706844113969
49.800000000000004       0.5751904966282863
49.85                    0.5747946805350055
49.9                     0.5743799817996251
49.949999999999996       0.5739432618813773
50.00000000000001        0.573481520678897
