20                       0.2940697568827294
20.05                    0.293759558502736
20.1                     0.29344966567441394
20.15                    0.29314009385446765
20.2                     0.29283085398035924
20.25                    0.29252195220055316
20.3                     0.29221338961876747
20.35                    0.2919051620594808
20.4                     0.2915972598578175
20.45                    0.291289667673644
20.5                     0.29098236432522095
20.55                    0.2906753226427903
20.6                     0.29036850935401953
20.650000000000002       0.29006188501288843
20.7                     0.28975540397635036
20.75                    0.28944901446918697
20.8                     0.28914265733138056
20.85                    0.2888362696234774
20.900000000000002       0.28852977936046764
20.95                    0.2882231128226537
21                       0.2879161896869729
21.05                    0.2876089285538314
21.099999999999998       0.2873012122957686
21.150000000000002       0.2869929809453961
21.2                     0.28668411877778244
21.249999999999996       0.2863745241195773
21.299999999999997       0.2860640918013024
21.349999999999998       0.2857527142831464
21.4                     0.28544028239215063
21.45                    0.2851266861017097
21.5                     0.2848118151858949
21.549999999999997       0.2844955599279422
21.599999999999998       0.28417781185105345
21.65                    0.28385846445567486
21.7                     0.28353741395707754
21.75                    0.2832145599766431
21.799999999999997       0.28288980619049653
21.849999999999998       0.2825630609641656
21.9                     0.2822342379342179
21.95                    0.2819032565159972
22                       0.28157004233257155
22.05                    0.2812345275560477
22.099999999999998       0.2808966511506661
22.15                    0.28055635900297654
22.2                     0.2802136039189818
22.25                    0.2798683454736904
22.3                     0.27952054971308726
22.35                    0.27917018871596777
22.4                     0.27881724001143665
22.45                    0.27846168584203995
22.5                     0.27810351226545516
22.55                    0.27774270809551066
22.6                     0.2773792636862455
22.65                    0.27701316956301253
22.7                     0.27664441491439246
22.75                    0.27627298598051775
22.8                     0.27589886436804056
22.85                    0.27552202527884273
22.900000000000002       0.2751424356546797
22.95                    0.2747600522903471
23                       0.27437481996455704
23.05                    0.27398666962589946
23.1                     0.27359551668411564
23.150000000000002       0.2732012594466972
23.2                     0.27280377762686064
23.25                    0.272402930998885
23.3                     0.27199855849364124
23.349999999999998       0.27159047760837474
23.400000000000002       0.271178484069346
23.45                    0.27076235181161934
23.5                     0.27034183329571393
23.549999999999997       0.2699166610874796
23.6                     0.2694865493294413
23.65                    0.26905119477100786
23.700000000000003       0.2686102797697514
23.75                    0.2681634732276321
23.799999999999997       0.2677104427856417
23.849999999999998       0.26725084648681174
23.9                     0.26678434356861025
23.95                    0.2663106030633149
24                       0.2658292951835107
24.049999999999997       0.26534012121233574
24.099999999999998       0.26484279470483496
24.15                    0.2643370621671519
24.2                     0.2638227035804716
24.25                    0.26329953976257114
24.3                     0.26276743786776285
24.349999999999998       0.26222631665190416
24.4                     0.26167615120791526
24.45                    0.26111697700876707
24.5                     0.2605488930984404
24.55                    0.25997206427280056
24.6                     0.2593867220968616
24.65                    0.25879316461584456
24.7                     0.2581917546336056
24.75                    0.2575829164517208
24.8                     0.256967130983615
24.85                    0.2563449291862666
24.9                     0.25571688378680335
24.95                    0.25508359931753904
25                       0.25444570051852566
25.05                    0.25380381921307116
25.1                     0.25315857981443884
25.150000000000002       0.25251058367536633
25.2                     0.25186039254945164
25.25                    0.2512085114906729
25.3                     0.2505553715724556
25.35                    0.24990131286317824
25.400000000000002       0.2492465681416272
25.45                    0.2485912478765298
25.5                     0.2479353270270268
25.55                    0.2472786342357318
25.599999999999998       0.24662084399281495
25.650000000000002       0.24596147233471208
25.7                     0.24529987661419642
25.75                    0.2446352598193247
25.799999999999997       0.24396667983158174
25.85                    0.24329306390259722
25.9                     0.24261322850733108
25.950000000000003       0.24192590460197877
26                       0.24122976818922168
26.05                    0.24052347627940296
26.099999999999998       0.23980570428952286
26.15                    0.239075194311844
26.2                     0.23833079438784585
26.25                    0.23757150556523557
26.299999999999997       0.23679654013381854
26.349999999999998       0.2360053558561175
26.4                     0.23519771730230632
26.45                    0.23437371298965556
26.5                     0.2335337927583665
26.55                    0.2326788032324228
26.599999999999998       0.23180999341748135
26.65                    0.23092901860335047
26.7                     0.23003792990949712
26.75                    0.22913914907047886
26.8                     0.22823542790390897
26.85                    0.22732979182696433
26.9                     0.22642546720937726
26.95                    0.2255257929959342
27                       0.22463411761542243
27.05                    0.2237536829121099
27.1                     0.22288749761362295
27.15                    0.22203820359153756
27.2                     0.2212079390601872
27.25                    0.22039820373104352
27.3                     0.21960973168711248
27.35                    0.21884237840164228
27.400000000000002       0.21809502880341783
27.45                    0.21736553350447277
27.5                     0.21665068018034536
27.55                    0.21594620655732166
27.6                     0.21524686046496258
27.65                    0.21454651092513521
27.7                     0.2138383122637759
27.749999999999996       0.2131149207826106
27.8                     0.2123687607189344
27.849999999999998       0.21159233319429535
27.900000000000002       0.2107785587650743
27.95                    0.209921141222773
28                       0.20901493764439635
28.049999999999997       0.20805631754229528
28.1                     0.20704349245832537
28.15                    0.2059767965481815
28.200000000000003       0.20485889865396392
28.25                    0.2036949271220327
28.3                     0.2024924901466406
28.349999999999998       0.2012615765927778
28.400000000000002       0.20001432509217312
28.45                    0.19876465280224803
28.500000000000004       0.19752773970125295
28.549999999999997       0.19631936994746915
28.6                     0.19515513892964245
28.65                    0.19404954317055675
28.700000000000003       0.19301498108658763
28.75                    0.19206070581869117
28.8                     0.1911917856633249
28.849999999999998       0.19040814286671146
28.899999999999995       0.18970375659477343
28.95                    0.1890661257001548
29.000000000000004       0.18847608638125737
29.05                    0.187908088003579
29.099999999999998       0.18733099789066646
29.15                    0.1867094699439773
29.200000000000003       0.18600589476502385
29.25                    0.18518281547712037
29.299999999999997       0.18420573504280463
29.35                    0.18304610947073843
29.400000000000002       0.18168428376638063
29.45                    0.1801121371576488
29.499999999999996       0.17833518368596593
29.55                    0.17637390144095885
29.600000000000005       0.17426410916582682
29.650000000000002       0.17205626782846278
29.699999999999996       0.16981359978424732
29.75                    0.16760896968684658
29.800000000000004       0.1655204815519221
29.85                    0.1636257687332673
29.9                     0.16199500172566794
29.95                    0.16068275100789167
29.999999999999996       0.15971906087816973
30.05                    0.1591004479003013
30.099999999999998       0.15878202936566282
30.150000000000002       0.15867253279541854
30.2                     0.1586343469327807
30.25                    0.15849075168460633
30.299999999999997       0.15804169335162058
30.35                    0.1570878066078559
30.4                     0.1554600783276275
30.450000000000003       0.15305034351792945
30.5                     0.14983670406242738
30.55                    0.1458986814133627
30.599999999999998       0.14141933020809108
30.650000000000002       0.1366745835938508
30.7                     0.13201225875963013
30.750000000000004       0.127823217203136
30.799999999999997       0.12450475599318701
30.85                    0.12241196331745714
30.9                     0.12178831363260004
30.950000000000003       0.12266652904578573
31                       0.1247435563667361
31.05                    0.12727109535960984
31.099999999999998       0.1290625688860853
31.149999999999995       0.1287437601155642
31.2                     0.12526189683369002
31.250000000000004       0.11841332503435398
31.3                     0.10902066968754032
31.349999999999998       0.09864527468825612
31.4                     0.0891178825290518
31.450000000000003       0.08225595664670064
31.5                     0.07989132819172039
31.549999999999997       0.08391668466373894
31.6                     0.09494044631096071
31.650000000000002       0.1063084630404663
31.7                     0.10190023221893542
31.749999999999996       0.0818247458939063
31.8                     0.06314581085296908
31.850000000000005       0.053122634298449566
31.900000000000002       0.06383867419641459
31.949999999999996       0.057329482889653456
32                       0.05111401527649381
32.050000000000004       0.05494075498301959
32.1                     0.06123214845948476
32.15                    0.0691108809396753
32.2                     0.07824956071425598
32.25                    0.08846155210689872
32.300000000000004       0.09961829411191263
32.35                    0.11162119610841831
32.4                     0.12438904275777259
32.449999999999996       0.13785142308454734
32.5                     0.1519449867987319
32.55                    0.16661119501021848
32.6                     0.18179492634852246
32.65                    0.19744360143336528
32.7                     0.21350663491738806
32.75                    0.22993510096527436
32.800000000000004       0.24668154093097122
32.85                    0.2636998669537034
32.9                     0.2809453303177682
32.949999999999996       0.29837453300090017
33                       0.3159454671064213
33.05                    0.3336175710906563
33.1                     0.3513517946337858
33.15                    0.3691106661096281
33.2                     0.3868583581736593
33.25                    0.4045607481775125
33.300000000000004       0.4221854710410176
33.35                    0.43970196294809516
33.4                     0.45708149480634847
33.45                    0.47429719486793703
33.5                     0.49132406030062187
33.55                    0.508138957798375
33.599999999999994       0.5247206135766117
33.65                    0.5410495932795878
33.7                     0.5571082724716702
33.75                    0.5728807985038472
33.8                     0.5883530446439407
33.85                    0.6035125573983001
33.900000000000006       0.6183484979110315
33.95                    0.6328515783305211
34                       0.6470139940543592
34.05                    0.6608293527409802
34.1                     0.6742926009139072
34.15                    0.6873999489306216
34.199999999999996       0.7001487950338463
34.25                    0.7125376491319141
34.300000000000004       0.7245660568393705
34.35                    0.7362345243162476
34.4                     0.7475444444347409
34.45                    0.7584980246250628
34.50000000000001        0.7690982167178713
34.550000000000004       0.77934864918782
34.6                     0.7892535623355309
34.65                    0.7988177450043749
34.7                     0.8080464725906824
34.75                    0.8169454527983486
34.8                     0.8255207717648496
34.85                    0.8337788417631422
34.900000000000006       0.8417263532565435
34.95                    0.8493702374944677
35                       0.8567176073548782
35.050000000000004       0.8637757297938735
35.1                     0.8705519897653821
35.15                    0.8770538646741453
35.199999999999996       0.8832888542856854
35.24999999999999        0.8892645186128354
35.3                     0.8949883821437867
35.35                    0.9004679596170871
35.4                     0.9057107117881146
35.449999999999996       0.9107240307858435
35.5                     0.9155152224025097
35.550000000000004       0.9200914903155528
35.6                     0.9244599220749812
35.65                    0.9286274767446852
35.7                     0.9326009740962204
35.75                    0.9363870852565611
35.8                     0.9399923247170147
35.849999999999994       0.9434230436141443
35.9                     0.9466854241971027
35.95                    0.9497854754000502
36                       0.9527290294409942
36.05                    0.9555217393735823
36.1                     0.9581690775207998
36.150000000000006       0.9606763347246409
36.2                     0.9630486203479739
36.25                    0.9652908629686912
36.3                     0.9674078117094201
36.35                    0.9694040381485003
36.4                     0.9712839387611597
36.449999999999996       0.9730517378424953
36.5                     0.9747114908660055
36.550000000000004       0.9762670882344915
36.6                     0.9777222593814721
36.65                    0.9790805771840992
36.7                     0.9803454626494087
36.75000000000001        0.9815201898382333
36.800000000000004       0.9826078909919713
36.849999999999994       0.9836115618294219
36.9                     0.9845340669833469
36.95                    0.9853781455495263
37                       0.9861464167247069
37.05                    0.9868413855100704
37.1                     0.9874654484523874
37.150000000000006       0.9880208993879521
37.2                     0.9885099351558223
37.25                    0.9889346612572419
37.300000000000004       0.9892970974491215
37.35                    0.9895991832613202
37.4                     0.9898427834231363
37.449999999999996       0.9900296931709698
37.49999999999999        0.9901616435351748
37.55                    0.9902403052436893
37.6                     0.9902672944100523
37.65                    0.9902441789131095
37.699999999999996       0.9901724796602724
37.75                    0.9900536778009149
37.800000000000004       0.9898892168252286
37.85                    0.9896805094918603
37.9                     0.9894289284589552
37.95                    0.9891358338215219
38                       0.9888025542154295
38.05                    0.9884303992150871
38.099999999999994       0.9880206604686872
38.15                    0.9875746139421373
38.2                     0.9870935216590141
38.25                    0.9865786335424207
38.3                     0.9860311890370455
38.35                    0.9854524182474611
38.400000000000006       0.9848435428596257
38.45                    0.9842057768327501
38.5                     0.9835403268437398
38.55                    0.9828483924726042
38.6                     0.9821311661252634
38.65                    0.9813898327448985
38.699999999999996       0.9806255693297495
38.75                    0.9798395442233501
38.800000000000004       0.979032916190898
38.85                    0.9782068333101158
38.9                     0.9773624316923846
38.95                    0.9765008340463581
39.00000000000001        0.9756231480965374
39.050000000000004       0.9747304648678701
39.099999999999994       0.9738238568481462
39.15                    0.9729043760471588
39.2                     0.9719730519788172
39.25                    0.9710308895908156
39.3                     0.9700788671588318
39.35                    0.9691179341575555
39.400000000000006       0.9681490091203502
39.45                    0.9671729775030458
39.5                     0.9661906895709479
39.550000000000004       0.9652029583292188
39.6                     0.9642105575177055
39.65                    0.9632142196932476
39.699999999999996       0.9622146344258586
39.75                    0.9612124466288007
39.8                     0.9602082550118486
39.85                    0.9592026106258381
39.9                     0.9581960155223117
39.949999999999996       0.957188921618176
40                       0.9561817298071271
40.050000000000004       0.9551747892904389
40.1                     0.954168397107824
40.15                    0.953162797883001
40.2                     0.9521581838056409
40.25                    0.9511546948281933
40.3                     0.9501524189353504
40.349999999999994       0.9491513924526025
40.4                     0.94815160100159
40.45                    0.9471529811885973
40.5                     0.9461554220865556
40.55                    0.9451587665993058
40.6                     0.9441628131665293
40.650000000000006       0.9431673178376679
40.7                     0.9421719969752844
40.75                    0.9411765311185727
40.8                     0.9401805659331682
40.85                    0.939183712196282
40.9                     0.9381855530409607
40.949999999999996       0.9371856475077631
41                       0.9361835327023851
41.050000000000004       0.9351787261305894
41.1                     0.9341707356330039
41.15                    0.9331590575609219
41.2                     0.9321431756837767
41.25000000000001        0.9311225724814145
41.300000000000004       0.9300967520868297
41.349999999999994       0.9290651842311859
41.4                     0.9280273796877028
41.45                    0.9269828529379016
41.5                     0.9259311391819418
41.55                    0.9248717929281173
41.6                     0.9238043947505354
41.650000000000006       0.9227285545907356
41.7                     0.9216439153620254
41.75                    0.9205501564166721
41.800000000000004       0.9194469968398058
41.85                    0.9183341985461172
41.9                     0.9172115691580793
41.949999999999996       0.9160789646456203
42                       0.9149362917087676
42.050000000000004       0.9137835098855566
42.1                     0.9126206333691954
42.15                    0.9114477325193905
42.199999999999996       0.9102649350542457
42.25                    0.9090724269111529
42.300000000000004       0.9078704527665661
42.35                    0.9066593162061033
42.4                     0.9054393795391764
42.45                    0.9042110632532523
42.5                     0.9029748451057689
42.55                    0.901731258853153
42.599999999999994       0.9004808926189867
42.65                    0.899224386905071
42.7                     0.8979624322518001
42.75                    0.8966957665557872
42.8                     0.8954251720551112
42.85                    0.8941514719950107
42.900000000000006       0.8928755269879834
42.95                    0.8915982310854103
43                       0.8903205075787206
43.05                    0.8890433045509254
43.1                     0.8877675902004413
43.15                    0.8864943479611055
43.199999999999996       0.8852245714438022
43.25                    0.8839592592259901
43.300000000000004       0.8826994095170133
43.35                    0.8814460147278651
43.4                     0.8802000559752291
43.45                    0.8789624975510021
43.50000000000001        0.8777342813905981
43.550000000000004       0.8765163215718661
43.599999999999994       0.8753094988771645
43.65                    0.8741146554494289
43.7                     0.8729325895733291
43.75                    0.8717640506127706
43.8                     0.870609734134866
43.85                    0.8694702772413601
43.900000000000006       0.8683462562102936
43.95                    0.8672381727594939
44                       0.866146467213297
44.050000000000004       0.8650715053793491
44.1                     0.8640135678112906
44.15                    0.8629728598111311
44.199999999999996       0.8619495039566635
44.25                    0.8609435380083276
44.300000000000004       0.8599549148942203
44.35                    0.8589834999529927
44.4                     0.8580290706235749
44.449999999999996       0.8570913176487421
44.5                     0.8561698446081082
44.550000000000004       0.8552641689947313
44.6                     0.8543737236521021
44.65                    0.853497858707411
44.7                     0.8526358440010594
44.75                    0.8517868719970951
44.8                     0.8509500611827628
44.849999999999994       0.8501244599437343
44.9                     0.8493090508995429
44.95                    0.848502755685008
45                       0.8477044401573797
45.05                    0.8469129199962999
45.1                     0.8461269666604502
45.150000000000006       0.8453453137001637
45.2                     0.8445666634149577
45.25                    0.8437896937929922
45.3                     0.8430130656852184
45.35                    0.8422354301900895
45.4                     0.8414554362143633
45.449999999999996       0.8406717381698383
45.5                     0.8398830037621862
45.550000000000004       0.8390879218265538
45.6                     0.8382852101626457
45.65                    0.8374736233195655
45.7                     0.8366519602820263
45.75000000000001        0.8358190720140822
45.800000000000004       0.8349738688210402
45.849999999999994       0.8341153274908908
45.9                     0.8332424981709979
45.95                    0.8323545109295459
46                       0.831450581950789
46.05                    0.8305300193178373
46.1                     0.8295922283425529
46.150000000000006       0.8286367164060484
46.2                     0.8276630972743869
46.25                    0.8266710948575801
46.300000000000004       0.8256605463827411
46.35                    0.8246314049588913
46.4                     0.8235837415145381
46.449999999999996       0.8225177460818898
46.5                     0.821433728388879
46.550000000000004       0.8203321177301967
46.6                     0.8192134621241132
46.65                    0.8180784267741612
46.7                     0.8169277918366532
46.75000000000001        0.8157624494844282
46.800000000000004       0.8145834002640497
46.85                    0.8133917487526381
46.9                     0.8121886985213032
46.95                    0.8109755463980791
47                       0.8097536760307472
47.05                    0.80852455087147
47.099999999999994       0.8072897067917466
47.15                    0.8060507441700653
47.2                     0.8048093191938228
47.25                    0.8035671345989222
47.3                     0.8023259300668908
47.35                    0.8010874722721437
47.400000000000006       0.7998535445871297
47.45                    0.7986259367536683
47.5                     0.7974064354003152
47.55                    0.7961968132307221
47.6                     0.7949988138448205
47.65                    0.7938141421722962
47.699999999999996       0.7926444559851212
47.75                    0.791491354275211
47.800000000000004       0.7903563656567478
47.85                    0.7892409368059552
47.9                     0.7881464292332597
47.95                    0.7870741031588654
48.00000000000001        0.7860251018807758
48.050000000000004       0.7850004541890618
48.099999999999994       0.7840010591179812
48.15                    0.7830276938609448
48.2                     0.7820809821699106
48.25                    0.7811613724107603
48.3                     0.7802692445114792
48.35                    0.7794047349700013
48.400000000000006       0.778567857578274
48.45                    0.7777584588059554
48.5                     0.7769762204339602
48.550000000000004       0.7762206594628775
48.6                     0.7754911288449228
48.65                    0.7747868192538842
48.699999999999996       0.774106761932772
48.74999999999999        0.773449832627207
48.800000000000004       0.7728147565995742
48.85                    0.7722001147098599
48.9                     0.771604350540415
48.949999999999996       0.7710257785337649
49.00000000000001        0.7704625931049595
49.050000000000004       0.7699128786817087
49.1                     0.769374620618669
49.15                    0.7688457169239978
49.2                     0.7683239907319241
49.25                    0.7678072034465324
49.3                     0.7672930684764864
49.349999999999994       0.7667792654778679
49.400000000000006       0.7662634550141655
49.45                    0.7657432935404737
49.5                     0.7652164486156117
49.55                    0.7646806142425856
49.60000000000001        0.7641335262356909
49.650000000000006       0.7635729775121278
49.7                     0.7629968332038259
49.75                    0.762403045486581
49.800000000000004       0.7617896680230184
49.85                    0.7611548699180366
49.9                     0.7604969490860412
49.949999999999996       0.7598143449330538
50.00000000000001        0.7591056502589466
