20                                                0.330226541514658
20.05                                             0.32991634006479764
20.1                                              0.3296064875232537
20.15                                             0.3292969963524467
20.2                                              0.3289878743748742
20.25                                             0.3286791245080523
20.3                                              0.32837074451224296
20.35                                             0.328062726751908
20.4                                              0.3277550579717767
20.45                                             0.3274477190933174
20.5                                              0.32714068503937754
20.55                                             0.32683392459469846
20.6                                              0.32652740030285726
20.650000000000002                                0.32622106839830967
20.7                                              0.3259148787770792
20.75                                             0.3256087751026044
20.8                                              0.32530269327253547
20.85                                             0.3249965660397078
20.900000000000002                                0.324690319099465
20.95                                             0.32438387009890757
21                                                0.3240771336865279
21.05                                             0.323770018466831
21.099999999999998                                0.32346242002435405
21.150000000000002                                0.3231542525939234
21.2                                              0.3228454016786836
21.249999999999996                                0.32253575984709215
21.299999999999997                                0.32222521572672314
21.349999999999998                                0.3219136555305376
21.4                                              0.32160096367134655
21.45                                             0.32128702345036225
21.5                                              0.32097171784437767
21.549999999999997                                0.32065493020611174
21.599999999999998                                0.32033654498075415
21.65                                             0.3200164484331555
21.7                                              0.3196945293833221
21.75                                             0.3193706799330887
21.799999999999997                                0.31904479614343084
21.849999999999998                                0.31871677867167186
21.9                                              0.31838653336674133
21.95                                             0.31805397179872785
22                                                0.31771901170907063
22.05                                             0.3173815773731137
22.099999999999998                                0.31704159986684743
22.15                                             0.3166990172278512
22.2                                              0.31635377449189184
22.25                                             0.3160058235839452
22.3                                              0.315655123057101
22.35                                             0.3153016376839058
22.4                                              0.314945337900789
22.45                                             0.3145861991011493
22.5                                              0.31422420077242935
22.55                                             0.31385932547589773
22.6                                              0.3134915576732157
22.65                                             0.3131208823986517
22.7                                              0.3127472837718288
22.75                                             0.3123707433785435
22.8                                              0.31199123858594624
22.85                                             0.3116087408134445
22.900000000000002                                0.3112232137238789
22.95                                             0.3108346113533296
23                                                0.310442876239608
23.05                                             0.3100479375976612
23.1                                              0.3096497095821826
23.150000000000002                                0.3092480896603522
23.2                                              0.3088429571056912
23.25                                             0.3084341717263337
23.3                                              0.3080215728996848
23.349999999999998                                0.30760497886603055
23.400000000000002                                0.3071841863398216
23.45                                             0.306758970476518
23.5                                              0.3063290851581589
23.549999999999997                                0.30589426416770205
23.6                                              0.3054542228203253
23.65                                             0.30500865935467714
23.700000000000003                                0.30455725835734304
23.75                                             0.3040996798527724
23.799999999999997                                0.30363560520664296
23.849999999999998                                0.30316468668672936
23.9                                              0.3026865817754002
23.95                                             0.3022009543106442
24                                                0.3017074930418975
24.049999999999997                                0.3012058723394658
24.099999999999998                                0.3006958127548116
24.15                                             0.3001770546888832
24.2                                              0.29964937372534084
24.25                                             0.29911258527651646
24.3                                              0.29856655044255653
24.349999999999998                                0.2980111814033489
24.4                                              0.29744644629491435
24.45                                             0.29687237341883715
24.5                                              0.296289054622828
24.55                                             0.2956966476938553
24.6                                              0.29509537761159815
24.65                                             0.2944855365235186
24.7                                              0.2938674823125349
24.75                                             0.29324163564239675
24.8                                              0.29260847538784085
24.85                                             0.29196853238298165
24.9                                              0.29132238145633255
24.95                                             0.29067063175727353
25                                                0.29001391542294896
25.05                                             0.28935287468096765
25.1                                              0.2886881475342008
25.150000000000002                                0.288020352229742
25.2                                              0.28735007076907276
25.25                                             0.28667783177564005
25.3                                              0.2860040930923615
25.35                                             0.28532922453581067
25.400000000000002                                0.2846534912852237
25.45                                             0.2839770384246957
25.5                                              0.2832998771927098
25.55                                             0.2826218735119286
25.599999999999998                                0.281942739381068
25.650000000000002                                0.28126202770159
25.7                                              0.28057913108426663
25.75                                             0.27989328512636064
25.799999999999997                                0.27920357656733014
25.85                                             0.27850895662812125
25.9                                              0.2778082597240046
25.950000000000003                                0.27710022761184216
26                                                0.27638353890987394
26.05                                             0.2756568442271034
26.099999999999998                                0.2749188018376166
26.15                                             0.2741681286397135
26.2                                              0.27340363481714564
26.25                                             0.272624274750674
26.299999999999997                                0.2718292018977785
26.349999999999998                                0.2710178064419414
26.4                                              0.27018978098220214
26.45                                             0.2693451255595436
26.5                                              0.2684842084228764
26.55                                             0.2676077883425837
26.599999999999998                                0.26671702857636476
26.65                                             0.26581350379471613
26.7                                              0.26489919316827626
26.75                                             0.2639764591765161
26.8                                              0.2630480109802807
26.85                                             0.2621168516495281
26.9                                              0.2611862089515041
26.95                                             0.26025944989735755
27                                                0.2593399798671823
27.05                                             0.25843112784954125
27.1                                              0.25753602010068244
27.15                                             0.2566574453414141
27.2                                              0.2557977155187534
27.25                                             0.2549585270444436
27.3                                              0.2541408282339798
27.35                                             0.2533446993895877
27.400000000000002                                0.2525692525095502
27.45                                             0.2518125578862987
27.5                                              0.25107160479450075
27.55                                             0.2503423030097964
27.6                                              0.24961953098223552
27.65                                             0.24889723507917888
27.7                                              0.2481685823959316
27.749999999999996                                0.2474261672648584
27.8                                              0.24666226885598663
27.849999999999998                                0.24586915429800704
27.900000000000002                                0.24503941869935064
27.95                                             0.2441663504933549
28                                                0.2432443078416097
28.049999999999997                                0.24226908955820387
28.1                                              0.2412382822834304
28.15                                             0.24015156458355072
28.200000000000003                                0.23901094835874703
28.25                                             0.2378209382605293
28.3                                              0.2365885907221363
28.349999999999998                                0.23532345584675077
28.400000000000002                                0.23403738778295002
28.45                                             0.2327442123510962
28.500000000000004                                0.23145924469433937
28.549999999999997                                0.23019865505301507
28.6                                              0.22897868852082787
28.65                                             0.22781475364840964
28.700000000000003                                0.22672040432383184
28.75                                             0.2257062542877762
28.8                                              0.22477887990414608
28.849999999999998                                0.2239397824274388
28.899999999999995                                0.22318449705331936
28.95                                             0.2225019493409755
29.000000000000004                                0.22187415801840957
29.05                                             0.22127638803617788
29.099999999999998                                0.22067783894956355
29.15                                             0.22004290387378117
29.200000000000003                                0.21933303879216381
29.25                                             0.21850912962309782
29.299999999999997                                0.21753427240904477
29.35                                             0.21637681060912314
29.400000000000002                                0.21501340955548037
29.45                                             0.21343182106444
29.499999999999996                                0.21163332315915193
29.55                                             0.20963432096173817
29.600000000000005                                0.20746716969752646
29.650000000000002                                0.20517988043308782
29.699999999999996                                0.20283467719141193
29.75                                             0.20050526156625517
29.800000000000004                                0.19827269499618944
29.85                                             0.196219820595337
29.9                                              0.19442419712957149
29.95                                             0.19294963885346272
29.999999999999996                                0.19183669017424365
30.05                                             0.19109274629858475
30.099999999999998                                0.19068305372802163
30.150000000000002                                0.1905244036802485
30.2                                              0.19048377328213004
30.25                                             0.1903841777561838
30.299999999999997                                0.19001926381267956
30.35                                             0.18917656466377245
30.4                                              0.1876670978105391
30.450000000000003                                0.18535682109195636
30.5                                              0.18219430451985705
30.55                                             0.17822948882858453
30.599999999999998                                0.17362049285788542
30.650000000000002                                0.16862815722813293
30.7                                              0.1635999957257868
30.750000000000004                                0.1589453009960878
30.799999999999997                                0.1551008108584575
30.85                                             0.15248194155785005
30.9                                              0.15140980000674237
30.950000000000003                                0.15200341814020463
31                                                0.15403923895679358
31.05                                             0.15681828701114728
31.099999999999998                                0.15914360091513194
31.149999999999995                                0.15954255427750527
31.2                                              0.15676607238450543
31.250000000000004                                0.15034894239940055
31.3                                              0.14086831630660088
31.349999999999998                                0.12974916986150528
31.4                                              0.1188478939270959
31.450000000000003                                0.11017767653527155
31.5                                              0.10595471476088189
31.549999999999997                                0.1087444639809683
31.6                                              0.12024459253044474
31.650000000000002                                0.1347471007547118
31.7                                              0.1343913501847381
31.749999999999996                                0.11489864562878072
31.8                                              0.09283940070728636
31.850000000000005                                0.07754738528744223
31.900000000000002                                0.0816739579927148
31.949999999999996                                0.08666193435504467
32                                                0.07168156205201272
32.050000000000004                                0.07155156459835182
32.1                                              0.07501907126755195
32.15                                             0.08063282535851775
32.2                                              0.0878739110829281
32.25                                             0.09646228135595912
32.300000000000004                                0.10621266514120657
32.35                                             0.11698697343543613
32.4                                              0.12867385104193257
32.449999999999996                                0.1411784022857249
32.5                                              0.1544165079519221
32.55                                             0.16831148776604907
32.6                                              0.18279206840387716
32.65                                             0.1977911238460369
32.7                                              0.2132448930006966
32.75                                             0.22909250119179878
32.800000000000004                                0.245275678700971
32.85                                             0.2617386078953117
32.9                                              0.27842785355357197
32.949999999999996                                0.29529234553412836
33                                                0.31228339240230524
33.05                                             0.3293547110223357
33.1                                              0.34646246155244564
33.15                                             0.36356528045657277
33.2                                              0.38062430647699835
33.25                                             0.39760319626264906
33.300000000000004                                0.4144681276474337
33.35                                             0.4311877895609629
33.4                                              0.4477333582923659
33.45                                             0.4640784603975743
33.5                                              0.4801991229701164
33.55                                             0.4960737122917462
33.599999999999994                                0.511682862085297
33.65                                             0.5270093927071793
33.7                                              0.5420382226821194
33.75                                             0.556756274022362
33.8                                              0.57115237275973
33.85                                             0.585217146008774
33.900000000000006                                0.598942916736758
33.95                                             0.6123235973771568
34                                                0.6253545833595221
34.05                                             0.6380326475033978
34.1                                              0.6503558360767099
34.15                                             0.6623233671929649
34.199999999999996                                0.6739355321026582
34.25                                             0.6851935999311014
34.300000000000004                                0.696099726375596
34.35                                             0.7066568664364089
34.4                                              0.7168686912626863
34.45                                             0.7267395094745772
34.50000000000001                                 0.7362741930817966
34.550000000000004                                0.7454781081727225
34.6                                              0.7543570510847944
34.65                                             0.7629171871886108
34.7                                              0.7711649901062447
34.75                                             0.779107194318447
34.8                                              0.786750748346898
34.85                                             0.7941027690723733
34.900000000000006                                0.8011705005563994
34.95                                             0.8079612790990325
35                                                0.8144824995062254
35.050000000000004                                0.8207415825884696
35.1                                              0.8267459503372331
35.15                                             0.8325030061855423
35.199999999999996                                0.8380200995631222
35.24999999999999                                 0.8433045083041557
35.3                                              0.8483634524181455
35.35                                             0.8532040353804579
35.4                                              0.8578332554926831
35.449999999999996                                0.8622579894090543
35.5                                              0.8664849824602454
35.550000000000004                                0.8705208404583262
35.6                                              0.8743720228761599
35.65                                             0.8780448372836623
35.7                                              0.8815454349315871
35.75                                             0.8848798073787426
35.8                                              0.8880537840678095
35.849999999999994                                0.8910730307604094
35.9                                              0.8939430487481238
35.95                                             0.8966691747632455
36                                                0.8992565815179319
36.05                                             0.9017102788063682
36.1                                              0.9040351151093511
36.150000000000006                                0.9062357796455685
36.2                                              0.9083168048179011
36.25                                             0.9102825690067204
36.3                                              0.9121372996661554
36.35                                             0.9138850766825053
36.4                                              0.9155298359570075
36.449999999999996                                0.9170753731782831
36.5                                              0.9185253477522978
36.550000000000004                                0.9198832868605786
36.6                                              0.9211525896189519
36.65                                             0.9223365313120035
36.7                                              0.9234382676790609
36.75000000000001                                 0.924460839229897
36.800000000000004                                0.9254071755691679
36.849999999999994                                0.9262800997103751
36.9                                              0.927082332363089
36.95                                             0.9278164961803793
37                                                0.9284851199580019
37.05                                             0.9290906427770388
37.1                                              0.9296354180749641
37.150000000000006                                0.9301217176211733
37.2                                              0.9305517353727668
37.25                                             0.9309275911989681
37.300000000000004                                0.9312513344761565
37.35                                             0.9315249475601244
37.4                                              0.9317503491402135
37.449999999999996                                0.9319293974813201
37.49999999999999                                 0.9320638916030072
37.55                                             0.9321555820002165
37.6                                              0.9322061567247699
37.65                                             0.9322172632241833
37.699999999999996                                0.9321904973520858
37.75                                             0.9321274136842889
37.800000000000004                                0.9320295228116102
37.85                                             0.9318983007751004
37.9                                              0.9317351627202627
37.95                                             0.9315415137178347
38                                                0.9313187078847073
38.05                                             0.9310680667998322
38.099999999999994                                0.9307908783075762
38.15                                             0.9304883972688528
38.2                                              0.9301618461853104
38.25                                             0.9298124157924732
38.3                                              0.9294412655435337
38.35                                             0.929049523884961
38.400000000000006                                0.9286382884134752
38.45                                             0.9282086259190548
38.5                                              0.9277615723136671
38.55                                             0.9272981324508099
38.6                                              0.9268192798471305
38.65                                             0.9263259563219518
38.699999999999996                                0.9258190715590435
38.75                                             0.9252995025962979
38.800000000000004                                0.9247680932579192
38.85                                             0.9242256535426314
38.9                                              0.9236729589786523
38.95                                             0.9231107499568042
39.00000000000001                                 0.922539731051784
39.050000000000004                                0.9219605703394855
39.099999999999994                                0.9213738987142708
39.15                                             0.9207803092168793
39.2                                              0.9201803563941816
39.25                                             0.9195745557169047
39.3                                              0.918963383067398
39.35                                             0.9183472742989139
39.400000000000006                                0.9177266248668595
39.45                                             0.9171017895383309
39.5                                              0.9164730821906246
39.550000000000004                                0.9158407757097424
39.6                                              0.9152051019993885
39.65                                             0.9145662521112132
39.699999999999996                                0.9139243765100188
39.75                                             0.9132795854887518
39.8                                              0.9126319497308014
39.85                                             0.9119815009908593
39.9                                              0.9113282328822324
39.949999999999996                                0.9106721018104869
40                                                0.9100130280896114
40.050000000000004                                0.9093508972334464
40.1                                              0.9086855614026643
40.15                                             0.9080168410031063
40.2                                              0.9073445264383293
40.25                                             0.9066683800030291
40.3                                              0.9059881378439111
40.349999999999994                                0.9053035119542155
40.4                                              0.9046141924622902
40.45                                             0.9039198502732446
40.5                                              0.903220139651665
40.55                                             0.9025147007404672
40.6                                              0.9018031622063148
40.650000000000006                                0.9010851441202433
40.7                                              0.9003602616409466
40.75                                             0.8996281295189064
40.8                                              0.8988883607698486
40.85                                             0.8981405675742941
40.9                                              0.8973843710848485
40.949999999999996                                0.8966194035094432
41                                                0.8958453096487263
41.050000000000004                                0.8950617498497833
41.1                                              0.8942684020169637
41.15                                             0.8934649674866104
41.2                                              0.8926511714665438
41.25000000000001                                 0.891826765976075
41.300000000000004                                0.8909915294201106
41.349999999999994                                0.8901452861109111
41.4                                              0.8892878945228144
41.45                                             0.8884192092539707
41.5                                              0.8875391844925278
41.55                                             0.8866477832667531
41.6                                              0.8857450174931267
41.650000000000006                                0.8848309442242832
41.7                                              0.883905666764795
41.75                                             0.8829693357366923
41.800000000000004                                0.8820221499294906
41.85                                             0.8810643569045029
41.9                                              0.8800962533402273
41.949999999999996                                0.879118185110465
42                                                0.8781305470885833
42.050000000000004                                0.8771337826733081
42.1                                              0.8761283830329133
42.15                                             0.8751148860665966
42.199999999999996                                0.8740938750824548
42.25                                             0.8730659771940453
42.300000000000004                                0.8720318614381699
42.35                                             0.8709922366186182
42.4                                              0.8699478488824487
42.45                                             0.8688994790361624
42.5                                              0.867847939612015
42.55                                             0.8667940716950876
42.599999999999994                                0.8657387415240817
42.65                                             0.8646828368798785
42.7                                              0.8636272632777091
42.75                                             0.8625729399796163
42.8                                              0.8615207958458696
42.85                                             0.8604717650446329
42.900000000000006                                0.8594267826406081
42.95                                             0.8583867800844704
43                                                0.8573526806255932
43.05                                             0.856325394671769
43.1                                              0.855305815120083
43.15                                             0.8542948126838448
43.199999999999996                                0.8532932312409484
43.25                                             0.8523018832289155
43.300000000000004                                0.8513215451125092
43.35                                             0.8503529529490891
43.4                                              0.8493967980768926
43.45                                             0.8484537229520611
43.50000000000001                                 0.8475243171603457
43.550000000000004                                0.8466091136286917
43.599999999999994                                0.8457085850614269
43.65                                             0.8448231406233395
43.7                                              0.8439531228906206
43.75                                             0.8430988050885786
43.8                                              0.8422603886277541
43.85                                             0.841438000888217
43.900000000000006                                0.8406317036554062
43.95                                             0.8398414435419256
44                                                0.8390671402644023
44.050000000000004                                0.838308614432647
44.1                                              0.83756559556962
44.15                                             0.8368377449311563
44.199999999999996                                0.8361246448398479
44.25                                             0.8354257997098451
44.300000000000004                                0.8347406373342297
44.35                                             0.8340685139199999
44.4                                              0.8334087111917966
44.449999999999996                                0.8327604430458222
44.5                                              0.832122857259695
44.550000000000004                                0.8314950391341916
44.6                                              0.8308760153821683
44.65                                             0.830264758335742
44.7                                              0.8296601906235385
44.75                                             0.8290611901835353
44.8                                              0.8284665955261709
44.849999999999994                                0.8278752113216392
44.9                                              0.8272858142751598
44.95                                             0.8266971592523299
45                                                0.8261079856266957
45.05                                             0.8255170238208325
45.1                                              0.8249230020014792
45.150000000000006                                0.824324652887968
45.2                                              0.8237207206521387
45.25                                             0.8231099678818548
45.3                                              0.8224911825612243
45.35                                             0.8218631850259375
45.4                                              0.8212248348557374
45.449999999999996                                0.8205750376661849
45.5                                              0.8199127517592696
45.550000000000004                                0.81923699459186
45.6                                              0.8185468490201943
45.65                                             0.8178414692803387
45.7                                              0.8171200866680299
45.75000000000001                                 0.8163820148860327
45.800000000000004                                0.8156266550288881
45.849999999999994                                0.8148535001723861
45.9                                              0.8140621395318638
45.95                                             0.8132522621517458
46                                                0.8124236600935393
46.05                                             0.8115762310954026
46.1                                              0.8107099806813035
46.150000000000006                                0.8098250237006397
46.2                                              0.8089215852820272
46.25                                             0.8080000011888767
46.300000000000004                                0.8070607175713432
46.35                                             0.8061042901141051
46.4                                              0.8051313825729458
46.449999999999996                                0.8041427646700383
46.5                                              0.8031393093098407
46.550000000000004                                0.8021219891292427
46.6                                              0.801091872447115
46.65                                             0.8000501186571447
46.7                                              0.7989979730595556
46.75000000000001                                 0.7979367611227771
46.800000000000004                                0.7968678821895971
46.85                                             0.79579280265902
46.9                                              0.7947130486761015
46.95                                             0.7936301983316263
47                                                0.7925458733220393
47.05                                             0.7914617301192844
47.099999999999994                                0.7903794510244293
47.15                                             0.7893007352268526
47.2                                              0.7882272894088392
47.25                                             0.7871608178631821
47.3                                              0.7861030124538629
47.35                                             0.785055542535289
47.400000000000006                                0.7840200448568444
47.45                                             0.782998113736461
47.5                                              0.7819912921976108
47.55                                             0.7810010619026948
47.6                                              0.7800288300424365
47.65                                             0.7790759215399913
47.699999999999996                                0.7781435718975653
47.75                                             0.7772329178661667
47.800000000000004                                0.7763449885762596
47.85                                             0.7754806964298991
47.9                                              0.7746408325819845
47.95                                             0.7738260636666237
48.00000000000001                                 0.7730369145969359
48.050000000000004                                0.7722737706781762
48.099999999999994                                0.7715368626571563
48.15                                             0.7708263226961696
48.2                                              0.7701420567403813
48.25                                             0.7694838605629756
48.3                                              0.7688513731958942
48.35                                             0.7682440747608801
48.400000000000006                                0.7676612926934095
48.45                                             0.7671022031539054
48.5                                              0.7665658337987709
48.550000000000004                                0.7660510676628168
48.6                                              0.7655566480140767
48.65                                             0.7650811841717401
48.699999999999996                                0.7646231582677376
48.74999999999999                                 0.7641809329247978
48.800000000000004                                0.7637527598166286
48.85                                             0.7633367890679361
48.9                                              0.7629310794469191
48.949999999999996                                0.7625336092949916
49.00000000000001                                 0.7621422881338163
49.050000000000004                                0.7617549688831456
49.1                                              0.7613694606184565
49.15                                             0.7609835417928066
49.2                                              0.760594973841935
49.25                                             0.7602015150897038
49.3                                              0.7598009348664613
49.349999999999994                                0.7593910277507717
49.400000000000006                                0.7589696278433296
49.45                                             0.7585346229804738
49.5                                              0.7580839687930399
49.55                                             0.757615702517501
49.60000000000001                                 0.7571279564656415
49.650000000000006                                0.7566189710603579
49.7                                              0.7560871073466107
49.75                                             0.7555308588886828
49.800000000000004                                0.7549488629672275
49.85                                             0.754339910992873
49.9                                              0.7537029580568845
49.949999999999996                                0.7530371315431424
50.00000000000001                                 0.7523417387306407
